100 99
93 43 2
14 58 5
57 64 1
95 87 6
36 78 1
92 65 8
41 14 3
93 70 1
29 80 4
5 76 5
73 7 4
58 18 8
35 93 1
93 81 7
2 67 4
82 59 1
65 55 0
95 48 4
94 86 0
88 49 0
72 85 1
23 47 6
27 22 1
28 55 0
78 30 3
30 53 3
12 100 6
64 65 2
98 8 1
16 96 7
60 3 2
81 24 3
6 18 2
45 30 1
98 17 6
75 57 6
50 33 8
63 27 4
10 9 8
98 64 4
86 54 7
37 76 5
90 71 1
74 98 3
16 11 5
89 43 0
26 13 0
54 3 0
62 32 4
49 21 5
99 42 7
88 38 6
79 45 5
39 37 6
48 12 1
4 73 1
20 84 5
30 87 7
66 70 1
76 56 4
84 63 3
38 59 8
52 96 7
77 71 5
52 54 4
25 39 2
61 4 8
100 90 3
97 25 4
83 72 3
1 44 3
86 23 5
61 19 1
34 56 4
98 40 1
90 1 7
62 5 1
47 71 5
65 51 3
35 50 6
31 4 4
33 9 0
76 51 5
2 49 2
83 13 5
64 15 4
38 16 3
13 24 5
29 98 1
68 29 8
41 4 1
32 96 3
4 68 3
84 3 0
93 55 3
87 99 6
28 69 1
92 91 4
58 46 8
100
980 49 980
1299 75 1732
1424 41 2757
2478 57 3165
2819 66 4038
3199 88 5335
4162 47 6833
6317 99 9854
6364 69 10748
8168 43 10973
8442 2 11137
9295 17 11849
9378 58 13244
9847 93 14174
10106 59 15475
11697 46 15478
13229 41 15622
14008 71 15964
16400 53 16400
16554 45 16558
18125 95 18125
18152 89 18235
18551 75 19452
18570 65 20418
19603 16 21594
20208 84 21600
20695 50 21650
20901 50 22017
22481 28 22656
22567 73 23104
22707 2 24882
23275 37 26273
23351 83 26846
23536 78 27080
26718 94 27386
26926 96 27789
27097 95 28523
28766 67 31587
29499 27 31750
29586 61 32534
30609 78 32846
31244 68 32883
32413 54 33447
32796 97 34130
33107 93 35065
33812 41 35812
33962 91 36395
36074 23 37230
36295 59 37326
38118 81 38728
38468 87 38851
39180 69 39180
40058 27 40058
40868 48 40868
41023 69 42659
41427 2 45610
41581 88 46786
41914 51 48708
43003 76 49440
44164 56 49656
44390 53 50115
46523 45 50234
47079 81 50328
48324 76 51590
51866 95 52067
52140 91 53506
52570 97 55045
54033 10 55935
54615 65 56526
56383 97 56743
56706 33 57426
57451 83 57510
57592 85 58334
58549 39 58549
59416 82 60919
61451 4 63958
62760 54 64331
63672 94 64884
63700 82 65584
64652 21 67364
64890 83 67509
65653 52 68704
65723 36 69253
66751 24 69999
67060 100 71085
67068 11 71332
67417 79 71471
69297 3 71483
70450 46 72393
70524 35 73318
70959 92 74620
71498 54 74647
71993 89 74782
72476 71 74872
73453 40 75901
73934 21 76773
74790 61 77932
76031 35 78732
77797 64 79380
78891 23 79443
