100 99
57 37 4
95 89 5
11 3 7
4 5 2
46 76 5
68 32 4
66 28 7
66 74 8
63 59 7
31 61 6
72 98 7
8 95 4
98 82 6
78 24 3
30 31 2
6 47 7
93 59 4
73 45 8
64 36 6
52 92 1
70 34 1
5 15 1
85 29 5
78 14 2
56 20 8
87 75 2
18 66 6
65 64 1
1 8 1
91 100 0
79 22 2
18 23 4
21 97 6
33 48 3
77 72 5
17 88 7
78 12 2
36 95 8
66 70 4
47 83 1
80 54 2
97 60 8
85 46 6
40 62 1
51 41 5
39 40 8
57 23 3
26 51 8
4 30 4
76 86 2
65 38 2
60 92 7
33 11 3
23 4 6
47 48 5
42 29 2
58 24 7
90 42 7
22 55 0
22 7 6
58 47 2
35 43 6
54 95 8
50 60 0
71 47 7
19 21 4
12 2 6
16 75 4
25 82 6
69 23 7
99 35 5
65 66 8
47 87 5
10 40 1
93 27 3
58 21 8
84 68 3
96 59 6
91 39 6
90 22 0
84 94 5
67 42 7
63 85 8
93 72 7
35 79 2
72 56 1
53 68 0
45 60 6
49 55 3
63 32 6
28 13 3
49 41 1
62 99 6
5 44 8
68 81 3
66 46 4
9 86 3
88 52 7
73 93 2
100
119 77 549
199 67 1836
556 70 3070
681 87 3548
1804 65 4042
2229 53 4132
2685 90 4762
3544 60 5048
4015 23 5747
4288 54 5841
4772 51 5934
5027 69 6228
5071 59 6524
5230 7 6833
5841 15 7629
6091 59 8326
7334 77 8702
7337 18 8872
8741 17 9191
8772 89 9264
8838 66 9319
9800 24 9800
10213 11 10213
10654 52 10654
10911 41 10950
11374 60 11454
11383 92 11630
13396 3 13396
13434 34 13434
13802 15 13802
14006 87 14006
14149 46 14149
15211 30 15211
15264 24 15264
16625 5 16625
16730 20 16730
16907 56 16907
17494 87 17494
17893 13 17893
18185 45 18185
18524 85 18524
19135 61 19135
19321 8 19321
19838 62 19838
19934 32 19934
20190 10 20190
20213 63 20213
20458 19 20458
20517 73 20635
20866 5 20866
21869 19 21869
21935 91 21935
21947 66 21947
22782 71 22782
22953 9 22953
23336 8 23336
23769 27 23769
23894 71 23894
24016 2 24016
24852 68 24852
25012 45 25012
25056 89 25056
25632 69 25632
25753 32 25753
26508 19 26508
28468 49 28468
28966 64 28966
28967 2 28967
29019 18 29019
29974 71 29974
29985 16 29985
30101 33 30101
30167 15 30167
30216 61 30216
30451 29 30451
30611 8 30611
30631 80 30631
31592 29 31592
31705 82 31705
31784 50 31784
31812 45 31812
32609 81 32609
32655 84 32655
32734 52 32734
32958 93 32958
33074 69 33074
33322 66 33322
33648 88 33648
33953 22 33953
34251 67 34274
34764 15 34861
34941 21 35464
35258 82 35565
35295 28 35692
36531 24 36531
36785 50 37800
36982 27 38067
37099 40 38970
38768 45 39000
39072 57 39160
