100 99
18 57 3
54 65 4
94 34 8
90 42 8
61 77 6
92 14 0
84 92 7
58 50 5
56 100 0
18 5 0
60 2 2
54 39 0
30 44 1
61 32 0
9 19 1
91 57 7
10 48 0
82 43 1
1 31 8
66 98 8
93 77 7
15 81 5
61 40 2
85 55 5
22 78 1
75 53 5
20 67 6
78 86 6
30 48 4
69 75 5
61 79 4
12 61 3
97 53 5
9 63 6
86 90 1
50 65 2
64 28 8
78 11 0
18 64 6
92 25 1
4 36 2
13 5 0
82 49 5
8 17 7
87 56 8
87 34 6
46 20 0
37 35 6
69 45 0
55 51 5
50 80 7
74 89 5
51 41 6
3 76 6
81 95 7
68 6 0
17 75 3
39 81 3
74 70 8
88 4 4
71 27 1
62 100 6
74 35 3
38 71 6
21 90 2
99 73 0
4 72 5
25 31 5
76 67 8
61 24 4
23 2 1
45 96 7
28 82 1
29 30 8
9 21 6
30 75 1
70 33 5
70 7 8
71 100 1
95 59 0
2 86 7
76 35 2
47 93 3
26 34 6
50 74 0
100 16 8
20 52 1
42 70 1
98 21 6
47 13 2
82 74 0
39 6 5
44 88 1
73 14 0
78 36 1
83 92 7
84 28 4
51 94 4
37 16 1
100
378 44 378
454 53 481
594 59 594
751 71 751
1001 100 1001
1134 10 1134
1185 47 1185
1267 65 1267
1364 16 1364
1570 21 1570
1636 36 1636
1748 77 1748
2232 14 2232
2252 89 2252
2352 16 2352
2401 74 2401
2446 95 2446
2558 16 2558
2631 25 2631
2663 91 2663
2822 26 2822
2945 74 2945
2956 55 2956
3049 87 3049
3066 97 3066
3106 52 3106
3263 97 3263
3287 18 3287
3371 77 3371
3561 79 3561
3565 20 3565
3761 52 3761
3806 26 3806
3846 71 3846
3854 69 3854
3904 23 3904
3912 74 4050
3966 24 4111
4095 27 4178
4143 34 4328
4164 49 4351
4237 39 4355
4377 5 4437
4380 58 4444
4392 54 4501
4847 51 4847
5033 42 5033
5158 72 5158
5276 76 5276
5312 41 5312
5739 83 5739
5905 65 5905
6020 69 6020
6149 89 6149
6270 92 6270
6450 40 6450
6498 87 6498
6557 63 6557
6570 5 6570
6763 78 6763
6769 26 6769
6803 95 6803
6852 83 6852
6855 2 6855
7258 15 7258
7440 100 7440
7657 98 7657
7668 86 7668
7855 31 7855
7857 64 7857
7885 24 7885
7906 69 7906
7921 82 7921
7925 60 7925
8158 27 8158
8197 26 8197
8377 69 8377
8447 29 8447
8472 6 8472
8474 66 8474
8667 84 8667
8815 58 8815
9013 16 9013
9065 74 9065
9084 38 9084
9119 86 9119
9127 21 9127
9234 19 9234
9240 61 9240
9312 13 9312
9337 81 9337
9499 8 9499
9511 5 9511
9577 48 9577
9578 81 9578
9594 31 9594
9608 66 9608
9752 11 9752
9814 65 9814
9821 70 9821
