100 99
91 66 1
57 81 8
83 4 2
78 75 5
91 74 2
81 99 2
5 39 2
30 21 5
69 67 7
71 12 5
72 82 4
3 52 8
73 48 0
77 37 2
35 62 0
98 33 4
63 22 1
38 1 8
43 69 1
90 61 7
6 34 7
32 23 8
3 20 1
11 94 8
89 98 3
66 25 6
62 15 4
40 30 5
93 58 3
71 27 2
6 60 0
38 74 0
26 53 5
17 12 8
11 6 7
40 34 4
40 88 8
56 37 7
2 31 7
44 19 6
16 20 2
81 60 4
22 40 5
61 32 5
9 53 2
7 14 6
28 4 1
35 25 2
42 76 2
36 57 4
28 54 5
55 77 3
51 13 5
12 48 1
71 39 1
26 82 6
59 34 2
76 96 5
44 78 5
50 80 5
24 46 2
25 53 4
86 12 0
38 64 0
98 9 8
52 14 1
94 70 5
86 79 1
9 18 2
55 92 2
23 51 7
93 10 1
36 85 1
8 29 2
87 26 7
96 56 3
67 97 4
47 36 6
31 38 3
36 24 7
82 42 3
58 21 4
84 23 5
100 49 3
72 100 5
83 69 8
32 65 8
65 50 7
39 1 6
47 45 8
29 67 6
46 56 5
81 68 4
83 61 7
36 95 6
90 44 0
19 87 4
41 8 2
14 34 8
100
2 47 8
18 12 18
28 24 28
32 93 32
48 7 48
62 65 62
67 68 67
69 71 85
70 78 87
83 93 106
93 33 109
99 6 118
124 27 156
133 88 160
135 11 174
152 45 176
157 79 189
159 19 192
161 91 217
167 41 236
172 16 237
176 66 241
210 67 261
220 2 285
227 11 310
244 30 311
251 81 312
262 37 314
264 81 323
268 4 330
277 95 336
295 6 344
305 3 347
306 63 365
319 91 388
324 20 396
355 29 400
373 48 410
384 33 423
397 96 433
407 97 463
413 46 486
421 40 487
424 51 488
469 82 539
488 79 543
495 53 545
514 6 550
519 24 566
523 54 592
527 65 601
536 10 605
551 98 614
560 67 619
565 67 623
573 40 634
574 73 640
595 90 647
618 38 662
624 28 674
629 92 677
635 92 692
638 57 698
645 43 699
646 24 714
655 29 715
658 4 723
670 63 735
697 57 749
709 37 755
710 44 803
718 98 808
726 54 821
730 82 826
736 54 840
741 43 843
748 98 845
769 81 851
773 28 853
796 34 854
809 37 867
815 67 868
845 13 878
864 5 882
895 53 895
899 35 899
901 79 904
911 38 911
913 88 913
932 84 932
942 18 942
946 80 946
950 99 950
970 42 970
972 13 972
973 23 973
975 81 975
982 13 982
988 91 988
997 29 998
