1000 5000
729 279 53479479
520 788 28270992
527 934 28340161
928 454 51158146
917 261 60090787
152 249 37047363
65 290 86316785
154 289 0
152 196 68719529
382 68 59798216
241 71 0
356 306 11805202
249 957 11605881
751 6 62425243
650 125 28087608
894 698 42697781
360 636 48942200
976 201 81667831
912 578 29723402
172 570 0
862 334 3074053
474 290 37964415
164 163 0
53 473 52431797
617 66 0
42 54 32476887
246 378 26932841
561 850 27992740
811 959 45281099
93 666 11817081
978 198 44992387
555 745 11924790
151 245 68830584
805 24 62873591
193 793 59396773
190 70 52697375
336 611 70420400
674 325 56181186
479 284 0
800 38 82384509
371 238 97768076
93 300 61088523
312 75 73525767
999 150 5293527
58 506 72846867
107 741 80079877
820 392 95629272
976 377 0
89 327 70069847
835 101 5531739
50 11 0
516 533 34283988
115 545 65269921
54 446 97642645
578 390 18529870
781 168 0
540 333 62761073
108 708 12331049
374 512 0
726 263 34261623
734 555 28464175
180 849 27441858
116 81 16892118
554 703 5227883
475 163 95975449
29 106 53292745
579 537 0
58 922 69283364
496 366 13202510
219 3 0
505 43 17042193
157 224 78517284
475 291 61369525
709 791 0
252 953 41599239
436 836 35461633
951 326 44918577
869 843 33202138
933 281 41728987
466 397 32015882
32 450 48665410
705 142 81254153
631 184 78119976
166 673 31948254
238 364 28845433
269 162 57910547
936 862 87419313
11 92 0
971 645 88258310
365 85 35277000
601 106 82153900
94 310 0
853 634 12332037
119 397 74015882
958 526 66734527
133 959 74888997
90 299 43504020
270 541 50338612
562 293 47973601
613 312 23060368
409 805 34288284
59 110 64496675
736 209 91552710
711 884 99200354
21 145 0
705 747 14862448
829 394 96472073
994 379 57088971
984 590 27036823
796 427 32016018
343 677 91840579
318 185 0
371 178 64274460
422 952 32376985
756 526 5055908
218 343 39643098
621 455 16975600
875 117 78254931
220 934 54039515
678 35 21478467
285 677 85712425
380 986 92050811
558 249 46275631
105 167 0
958 873 65138525
102 223 0
544 141 0
706 750 76325808
776 325 1597971
2 399 0
415 274 0
534 459 37904680
711 786 43179051
404 665 0
134 522 0
91 273 63450659
736 896 27998635
446 27 18456608
151 479 38660074
759 104 0
804 364 82833843
757 115 96136402
26 35 0
426 115 62133645
512 977 42032600
53 746 1806752
45 437 35624928
829 308 0
939 117 31937903
866 950 31054818
668 447 39182527
470 620 85203331
422 324 63251394
355 429 0
20 275 86744445
610 442 0
102 444 71274264
238 366 56497918
287 181 14072622
987 437 23757068
784 809 70370446
285 40 9631799
635 258 5581337
823 801 4326988
293 548 0
66 12 0
70 768 22275469
26 210 77429546
718 125 96587725
319 355 79309001
842 719 0
74 589 91337322
556 308 59435033
80 862 29796179
664 950 51547297
322 636 47107597
359 109 20370397
384 151 92323251
601 951 46977824
732 376 0
146 158 0
602 664 79936983
120 654 74457230
725 764 28263790
903 618 96037656
122 729 0
188 15 82377583
216 63 73758724
104 277 0
823 173 46177944
253 854 64032391
59 821 69185692
100 106 23874462
550 366 0
187 673 77481513
23 267 0
892 691 0
787 304 60490896
121 143 0
242 472 0
670 556 98780293
424 640 43243963
223 878 30622009
527 287 33283652
460 488 0
246 321 64826225
410 431 87872296
524 121 53090449
213 694 57025142
278 271 64747686
896 735 33209095
65 72 0
331 235 4192653
363 476 85978165
907 695 0
163 85 0
829 332 25909364
551 495 0
897 180 94634849
663 103 37281561
298 715 0
796 328 37979562
657 217 0
196 33 74582845
301 32 50341608
967 175 0
618 601 74258686
660 676 68171313
982 927 68037201
730 558 73292060
783 651 49918619
867 55 0
360 312 0
207 138 0
3 2 0
342 337 17109324
934 650 16257007
89 377 0
147 863 5121538
560 899 38389491
774 403 20011737
717 709 0
873 189 12371123
634 898 0
92 128 0
381 73 0
684 247 19879309
534 689 64295239
193 611 70143248
919 47 0
875 181 0
652 442 54302392
941 331 94432488
789 373 41345953
995 143 86543443
386 525 42793393
490 567 77575415
72 83 0
181 694 3350043
816 596 70888814
997 188 0
581 780 67168320
73 991 17073861
877 137 28192627
786 85 63285925
806 214 7145980
322 359 50843006
419 487 32958833
250 989 56079507
795 154 80287286
115 357 31352362
13 76 62804447
546 921 87314235
285 405 60692506
775 525 62686680
732 898 92407047
750 252 0
965 429 59110340
820 413 10457607
906 992 34734141
285 437 40189098
374 873 77358747
379 916 63286333
429 859 16316224
194 495 67376700
592 287 93741454
394 851 14784927
91 146 0
416 497 60910859
409 476 60658593
955 868 20028201
639 512 0
214 450 76122980
952 252 71758131
665 854 14599495
912 621 75170800
241 559 85785222
494 301 77568333
893 878 72660675
937 814 19965560
656 130 28702350
180 980 26892627
820 384 0
4 401 64256341
104 786 11360045
882 299 58730692
143 233 0
361 187 0
162 887 40412145
698 952 12061203
507 99 41597713
353 674 17440033
280 358 70107008
652 161 91949744
25 162 0
541 619 47528600
643 585 70792013
361 602 0
577 918 17328703
133 892 30564723
222 920 35825155
26 57 63840854
424 457 9013839
9 877 68464644
871 679 6820634
397 395 38552595
606 941 44277313
934 435 71913034
490 272 46368518
827 836 17513567
932 606 81641502
952 985 74060292
979 59 20295399
200 551 17463167
435 491 19748691
86 169 0
627 824 25194508
153 445 56981152
9 510 94595102
911 680 77299463
167 221 0
438 543 54646498
843 159 31505869
850 887 30542397
418 967 1362345
27 221 1395686
837 136 45078017
274 73 73365321
72 644 0
593 511 71387388
369 89 16267990
812 827 85431175
401 693 47782944
320 817 22261523
436 175 77992758
14 15 0
81 104 86896560
338 851 71033697
277 665 80831119
797 783 96880143
511 461 93651154
364 174 39137616
167 935 24186232
247 40 0
122 716 3057711
474 86 53298950
122 573 35718368
869 183 45365948
748 190 58922196
246 362 64772398
630 770 58618624
11 1 0
407 154 0
174 756 0
374 201 90766798
537 492 0
77 87 0
133 899 33025039
827 683 28272014
79 371 86976468
340 11 43955770
169 838 38706916
595 300 3009987
893 988 45377831
800 131 71318703
567 765 88432574
142 46 0
944 136 94184005
87 69 23426213
911 675 2336469
5 84 0
220 995 41080346
49 114 826891
159 376 68104978
523 283 91405382
713 126 148203
786 218 52247370
50 413 69730055
473 926 94669820
105 125 0
784 241 58394531
360 32 76047945
723 271 1725593
20 7 0
221 452 13457715
519 664 2347837
491 786 94902482
695 174 78240937
603 824 0
504 900 0
424 682 35249283
280 918 60473960
592 652 63391602
123 585 27803319
854 423 14214739
556 307 83998779
560 67 13458530
276 124 17989536
831 163 0
238 309 21945295
542 1 34589780
427 840 22225796
70 846 50981493
264 12 38093014
134 786 18355853
128 235 56693878
72 763 0
633 556 75162690
397 199 0
392 558 0
61 485 0
286 832 6141653
141 824 32281319
718 481 64520942
760 275 6151595
905 266 30511059
498 928 92230045
630 204 85975644
365 203 51277644
83 285 19944087
901 942 9596563
932 121 54954923
334 141 12380639
852 437 17132021
78 442 0
373 906 27177189
940 969 73130442
944 297 12944040
227 377 83097477
736 14 2841332
605 558 99751614
146 988 35895165
615 105 76027430
432 790 0
769 779 90656241
289 298 0
64 37 0
886 54 67288242
409 579 49203754
27 281 0
403 92 38367370
788 250 0
371 931 42762675
50 887 0
338 285 40899921
94 809 65415837
44 543 32941145
687 840 12066780
89 725 16742
287 52 9536260
310 969 24607581
155 142 0
173 91 15610575
97 297 64993916
457 825 12999916
614 668 50139404
682 218 41727257
577 785 6660176
457 292 0
72 89 0
295 131 0
532 899 21725689
728 80 0
712 348 61531149
886 114 45593326
743 800 72394187
353 443 48671129
406 245 7361553
260 957 80315894
623 565 14629827
318 143 93295146
116 128 89863856
540 962 13362169
100 211 0
571 335 0
54 12 50619255
381 113 21844948
97 851 6940849
701 527 13374082
519 157 0
450 419 0
264 623 0
380 36 54873941
25 388 82956436
769 335 94549294
564 729 88879935
221 275 71594016
775 849 76497701
719 399 69572065
18 63 0
1 409 0
40 622 48239182
789 47 89536369
874 393 53612263
576 119 34321192
15 106 0
973 728 67994691
15 637 33595132
967 911 52679681
920 442 12703428
673 420 70121695
669 326 0
872 466 56453765
356 135 55706399
825 246 95058109
146 748 63658262
404 283 0
116 963 48034433
258 125 0
833 780 0
581 135 0
150 903 92239583
32 99 25893202
996 1 80111615
785 868 57400283
388 763 25084511
685 509 29615345
895 594 94538279
64 773 89766406
876 564 44410650
604 48 34035169
801 589 69528042
688 895 71958181
343 411 3086763
481 288 31534296
104 898 46918667
812 837 10516438
786 929 4385591
204 910 56091745
562 643 23338309
734 971 6784355
317 188 0
953 636 0
535 307 42264012
431 996 0
786 796 42599397
875 769 82856578
766 385 5774852
18 442 18275088
691 302 22200059
237 394 21713896
625 753 35745255
201 521 77380744
56 930 38796182
85 832 4143450
722 597 4324435
360 708 64538607
539 288 0
40 75 0
181 818 0
295 205 44596672
428 1 15612208
467 142 78846889
13 19 0
779 332 0
47 92 48851555
377 507 38131820
450 586 16213107
470 549 17237924
88 510 12871371
73 448 0
565 250 81858339
227 59 87405111
100 108 0
163 185 62752521
643 434 94484057
102 129 0
561 395 0
518 172 66820093
419 474 30218930
948 992 37611052
66 505 27066418
141 332 16922239
200 623 8481071
52 355 0
961 362 69971022
301 951 0
763 390 46599833
950 267 89538743
489 75 98553407
555 462 27724931
348 627 96095093
349 547 76531107
127 253 0
271 608 32918043
42 89 28633439
329 1 0
479 713 97970499
944 143 61026944
855 404 92482364
966 430 67303857
302 703 78675431
741 690 0
191 170 87941568
598 628 58489394
299 236 7875191
744 973 46379779
601 681 77469598
736 418 31512712
826 550 59217895
780 535 8451326
893 672 26786022
119 260 3652059
39 193 0
87 376 64174797
42 460 54649535
137 388 20618374
36 49 0
714 79 99403803
4 240 94640818
588 247 29583217
475 528 0
382 616 99373744
122 19 97087217
965 171 14473114
735 852 8813475
140 687 54520994
355 879 90117527
754 617 91291101
481 106 97103787
485 277 73061172
508 310 36394889
683 561 43331299
477 543 0
638 562 90786037
2 750 75008196
217 559 98986691
551 316 89733080
716 136 23681039
38 114 0
657 510 85269373
794 123 69206355
346 984 94120072
245 174 0
793 250 92311988
170 243 40690185
136 564 26548229
666 478 23857761
380 275 0
844 719 11151584
672 9 85797801
120 112 99444557
947 653 21022508
328 452 63432800
281 940 15885694
162 8 77231995
206 738 63847467
298 208 50832465
942 928 2693258
203 6 63988481
114 444 0
548 955 93151177
607 857 86890772
666 118 21464772
929 397 38235776
674 91 39825304
910 587 2666909
886 954 20163208
82 83 59332942
584 396 14955234
973 168 87512865
796 212 10851013
923 687 31737105
736 530 97230960
763 673 92167175
624 477 83681957
174 870 90446721
527 29 56833541
274 345 1248507
101 838 42552129
408 151 40745724
882 432 50898814
31 58 0
396 698 13852728
194 218 33723523
802 856 10616013
33 431 86645207
743 429 17856219
699 56 51542770
243 930 66672022
988 907 0
559 821 16525475
459 494 0
441 705 23064888
382 626 88643706
223 517 9649870
725 461 58496158
788 216 61263507
366 488 62070817
533 519 6208567
836 469 0
223 48 50778673
699 705 45162593
617 286 85338284
953 381 22645061
132 631 86770678
16 23 0
412 162 67029260
8 2 0
569 92 55289669
502 32 47183288
170 10 0
696 287 83197172
308 342 64464054
630 263 75738396
935 956 994366
723 322 2765475
564 418 0
988 216 72808663
575 573 92388837
272 444 29892073
321 165 97747890
918 353 63284766
58 594 96692977
399 813 0
622 958 12165875
117 425 0
908 904 37840501
15 24 92798687
681 820 69835256
988 696 48254302
524 982 79660423
269 303 17257058
904 838 22807376
385 114 0
829 700 27698109
828 506 37190140
907 128 36089977
84 139 69699544
734 357 79675360
886 994 0
60 554 0
650 434 50238653
725 703 0
851 175 0
485 75 54168684
908 998 28119010
900 13 40616861
198 334 0
395 283 0
635 209 34300205
361 263 13821225
770 112 36003912
842 854 21390542
460 756 911098
790 492 39626415
406 73 16407815
103 57 98204422
231 731 0
2 14 0
817 142 35133962
701 398 31684946
502 200 83261666
278 57 57120425
80 334 27014671
993 555 14739153
579 762 0
983 316 76456061
773 120 49249509
211 318 60164550
688 898 83610047
204 385 29839519
83 982 94180368
872 277 52553024
339 158 0
559 152 19274
637 558 19953720
644 534 73813893
636 855 87436566
29 594 36127119
145 888 0
621 501 10406687
503 431 49945956
566 237 0
847 594 0
308 351 32531982
709 830 0
163 83 95608589
907 989 24633287
165 360 4504639
678 607 49965209
34 82 0
833 108 56754616
389 366 79170811
315 868 34664011
53 633 64970421
636 348 33106440
71 252 3837266
370 374 45840633
356 182 26987395
867 240 68118354
345 803 89643184
63 44 76596018
671 764 42290274
361 148 19518817
162 861 0
769 961 85146301
125 130 12086685
137 802 34947650
852 337 56424356
34 6 0
775 784 74949447
295 425 85884114
417 209 0
509 840 10190340
995 538 0
592 761 78299563
332 257 70373550
114 487 0
557 29 22922375
844 777 33261427
338 120 84687348
254 27 0
128 630 0
879 116 72734839
612 433 70214878
265 866 0
102 624 8121068
698 545 36266142
459 478 0
685 40 0
58 467 12604289
108 249 0
246 731 9235923
367 261 0
394 730 61095990
49 994 22278455
784 772 0
121 75 35168845
442 677 43906890
118 192 50209799
208 302 82163723
34 229 0
1 4 0
926 970 16408957
384 751 39414052
992 26 23422116
235 159 95176646
874 142 79605892
508 820 38479151
325 876 30500791
24 88 0
667 511 40657184
714 746 0
646 291 20766620
523 306 831945
135 85 0
70 93 0
776 495 68650895
253 664 61552123
430 302 48061920
735 863 77531453
843 438 13071000
401 355 18936439
271 266 0
504 139 81316058
605 485 78073433
307 731 13542864
52 200 2824657
20 185 0
863 906 75034786
889 187 19080009
169 63 48424292
718 495 75619107
88 484 0
548 9 88139586
963 327 0
860 201 94059054
521 707 15875043
1000 444 6950341
963 260 33375841
445 545 0
894 944 5459717
1000 366 99819081
426 243 0
954 798 46305088
366 663 7235012
690 110 7668837
153 37 65300123
863 118 65935236
825 709 62092443
992 474 34231299
286 623 73144743
7 31 0
23 572 44493095
672 101 3530600
34 620 0
851 320 62091395
895 959 52524212
179 10 0
100 491 34030375
357 849 92768741
322 308 0
913 710 62907049
235 711 93349308
175 750 70934306
698 547 27954756
128 933 63352796
278 306 94212494
687 353 0
167 550 79378605
413 438 105199
415 731 77841038
121 530 11941635
582 386 48469425
631 303 29951256
491 117 87014123
471 774 0
471 349 28195394
100 406 95440854
416 892 38305592
213 91 18225209
674 540 26572914
209 614 86456456
88 38 62226596
78 356 40447487
756 531 46887207
89 969 80400352
644 99 85564325
811 375 74590498
129 993 0
485 805 57486417
268 329 25435546
697 768 71447548
406 980 13026842
760 713 59172179
355 860 697829
675 628 0
359 231 70193325
417 29 58400930
898 230 94419188
36 20 0
910 667 94299551
611 79 0
934 308 82654468
555 778 55971969
418 539 56747282
420 279 42067875
137 839 61113132
50 891 9607465
603 198 40490883
611 20 89558535
370 32 3438819
208 662 50719835
36 55 65273290
860 892 8462138
978 906 79817543
472 475 18715543
231 852 89827782
365 672 0
960 786 67996110
193 687 19959848
339 549 45541348
975 906 54479298
375 609 0
420 739 0
269 789 92672359
111 607 89509579
289 540 49082770
626 142 36165539
20 266 0
989 492 3210009
416 891 36933386
360 583 42675042
326 380 24530685
643 471 71023471
567 998 0
199 25 0
5 127 5658253
54 111 45574891
284 119 89727728
487 897 0
114 140 45853883
856 232 0
449 650 89105877
108 470 46245341
772 348 50053975
203 642 66841806
699 221 68423142
898 802 82097958
205 93 0
961 894 56713136
450 547 5698071
125 568 0
677 94 0
275 143 43359383
192 330 53823418
995 620 57176990
495 452 15081477
425 394 46241994
748 352 82466894
365 37 80546151
998 546 57606520
858 336 81922526
104 65 61234286
778 775 89410442
911 657 0
28 919 61836806
18 774 31983757
717 120 3903102
431 592 53694250
1000 93 72843972
714 27 54770143
397 270 43122980
796 409 84925043
855 675 74343887
703 656 22187036
968 316 81615061
32 618 0
751 341 79836424
236 165 91791993
487 613 49947167
420 359 0
214 822 43195530
239 925 49008943
228 935 5721683
595 500 0
836 453 72169396
88 694 23591768
64 888 43746893
906 970 43680080
569 509 44451350
302 225 0
193 914 0
807 830 85194920
240 115 0
408 32 35925861
228 611 82672659
92 986 0
334 650 71962351
402 899 36520726
83 296 0
663 367 42929495
932 312 13644546
514 422 75940782
756 807 150192
220 896 55456920
487 702 6982174
83 32 84854693
300 11 88546026
502 647 81647262
628 300 31899799
129 22 66866225
386 28 40000304
381 898 52520058
222 218 0
283 154 0
887 726 64669492
316 452 44695293
690 61 47607152
762 281 44358109
651 39 0
149 224 0
309 33 54196290
286 663 52513569
143 220 99556125
496 282 14925171
605 116 85580539
750 597 62519577
242 84 0
939 396 39184275
50 206 0
591 883 26684005
497 494 0
813 186 35830973
869 941 64274165
306 9 49189793
533 105 98961956
110 567 49698024
684 651 25896490
704 603 45477984
665 641 2696444
304 303 0
906 979 77213631
856 224 79173552
64 931 17841586
905 986 26000837
5 993 32101470
814 632 64592459
703 692 0
841 706 66820877
722 763 88058182
554 65 29539775
491 992 52204486
968 701 94897655
748 470 0
183 679 27430177
313 744 18646395
376 437 86372661
643 368 10504935
220 907 24243140
6 45 53297755
449 261 51794490
433 390 0
498 53 0
745 716 56514695
266 429 63297942
167 625 0
765 575 0
3 589 17285642
939 927 92308733
242 589 57812808
511 257 42505670
185 670 59053643
1 150 0
535 728 88083552
108 208 0
54 345 30770325
210 163 26518575
436 457 88636033
157 848 53964202
607 843 44601179
818 341 34836845
360 187 62929411
919 374 13195479
549 353 36334488
41 587 94851582
139 786 7616702
199 460 11627165
224 541 81206667
657 535 74386519
562 47 59049841
395 758 2395584
768 404 57569889
450 932 26939032
439 477 0
131 17 0
518 462 59680337
3 51 61879826
455 624 2484042
785 335 90577405
190 254 53245437
293 780 85441397
322 387 93254377
492 348 51694261
331 241 42917902
101 802 48311059
180 777 0
738 846 50437589
523 292 46158380
193 172 14723936
172 769 63728818
40 426 92075961
478 928 10427149
438 917 22092156
254 346 0
581 726 48267962
785 246 39101875
171 69 0
484 679 64244805
345 455 45165620
627 168 0
153 355 57727883
2 1 0
542 406 0
447 80 93085879
699 624 0
728 533 7536686
800 180 82073563
722 700 0
291 349 27826310
690 174 22076833
447 418 36418562
829 503 92767873
407 583 99072074
197 64 73084776
828 545 0
372 238 0
162 232 18900667
637 549 9833801
122 208 70157515
730 55 53643579
360 891 60195586
199 738 72671468
374 279 0
632 163 96141502
193 386 28178985
246 681 9384885
585 195 66157304
771 789 13345520
551 334 11870086
528 768 30716077
585 85 98658154
271 242 79330733
858 354 17733037
909 733 19297445
331 330 56622862
166 535 528547
375 517 0
915 331 59465239
770 968 86795767
166 43 0
528 643 91536410
60 405 63705121
651 456 99572529
230 610 27802094
230 90 68537530
665 680 88552641
863 847 97197189
370 268 57876848
797 155 85686971
230 754 55481080
919 608 29457358
845 875 48191817
841 501 81024605
771 388 38371490
839 894 61499330
941 213 97458854
491 633 63445476
337 214 0
171 735 90892206
297 342 0
803 39 47988050
593 232 15297419
340 464 0
388 729 17963138
437 401 84821977
443 885 9977843
466 598 63353270
977 548 66820947
322 73 67564287
725 517 84064024
691 910 32368324
272 590 66780068
271 465 29737664
162 918 32674169
995 660 92009466
751 650 0
454 336 0
559 957 10409998
10 890 16981321
124 421 48567792
212 880 96243693
843 591 79095779
956 821 48711032
631 20 57174644
406 837 63989008
23 274 0
150 714 6426134
709 230 20975807
446 402 39510638
344 619 66390847
419 40 6713638
602 932 13769340
526 579 90279192
948 873 0
607 791 99359069
831 803 93570356
914 692 9271160
830 798 67122696
442 995 97286822
400 218 66937636
265 175 95379043
244 108 81761284
988 574 60591737
380 382 49899572
337 357 0
1000 400 63818065
103 598 27827895
350 238 58268451
852 962 3160656
55 46 58186844
313 733 29876234
590 109 31443226
792 858 50817819
450 9 38640878
185 58 58074815
776 457 38017287
227 405 0
877 366 84219095
37 239 99946117
735 523 19494648
281 795 66139824
200 567 0
981 55 44666440
483 725 55598352
140 613 16197997
105 96 0
669 431 38697243
736 354 80257318
505 675 10769798
76 212 96985158
435 340 98606456
186 239 0
68 843 53479864
75 26 8975666
567 441 93928538
151 999 62118088
265 258 78036369
612 348 0
841 387 59819008
944 279 0
493 944 69360091
804 521 53551768
783 283 85373261
301 987 0
769 290 31256170
630 344 61601287
825 455 43348862
6 837 18822593
417 514 0
786 669 61080513
31 515 82432112
102 305 67615183
361 313 9781575
28 813 45369882
63 902 0
802 397 85975949
376 72 0
557 590 94260610
285 392 63818732
598 806 66541783
740 99 16173703
860 218 72072842
711 780 0
174 945 11635158
6 7 0
533 28 87545785
620 128 5035143
839 584 50633533
206 765 8203932
575 654 41818227
883 14 87248982
900 596 52217052
184 464 84858015
630 37 44502595
534 757 0
525 59 53530112
487 249 78104643
909 229 65864311
859 639 17064411
230 424 99294384
615 405 0
226 685 27280818
384 749 9577443
521 16 30287831
552 183 85373401
20 623 50830487
333 170 21800864
685 99 27338777
850 537 25661100
261 860 59833364
320 654 24950387
129 92 72697058
357 731 35678651
36 210 54519020
292 40 94554821
163 191 0
597 58 67671251
370 244 27687986
737 658 76441412
74 70 0
20 870 24183464
615 811 0
93 530 6127139
113 286 78641033
186 818 87815821
448 190 17071126
902 95 82177002
59 968 62855287
491 984 0
723 734 27255318
637 270 0
15 28 0
303 49 84506577
652 832 51020995
542 237 70029959
560 63 38511560
837 831 0
183 79 84773179
67 186 34067121
880 738 96969705
165 564 67350624
823 7 0
623 600 31727364
19 341 0
51 996 14754516
394 229 21496970
518 355 83956471
465 379 56029807
383 361 0
889 322 0
84 313 57985187
617 653 40183788
827 303 72378024
366 310 84028088
20 947 76465676
409 859 13887009
406 711 0
497 401 70809909
893 49 0
623 157 95848469
83 756 74684992
703 740 65316438
718 775 98902706
263 834 66867661
973 816 55208103
64 220 96785020
196 388 40980728
883 983 60541286
26 217 306348
756 51 65504897
397 470 26374803
322 396 84030610
78 683 25250422
312 461 0
810 470 0
213 842 90769544
946 11 70854997
879 381 66422473
953 170 35262443
452 161 60382337
832 143 80278504
351 531 44274254
796 439 53978096
314 654 27522419
929 888 25689910
1000 698 0
592 701 62186846
371 742 98618413
160 538 6033397
314 905 0
120 311 35315765
48 752 11287145
73 307 0
696 41 62597931
834 369 72986074
958 263 39895235
324 856 95300699
204 240 73506333
441 111 90850950
929 971 69775134
486 415 23618573
789 345 77961800
855 835 0
622 51 0
135 102 47026095
111 12 0
172 118 0
361 687 88228775
457 401 97018706
231 29 0
130 862 0
40 13 0
102 860 0
372 7 95451430
402 22 7105963
212 516 6763186
272 205 88140608
158 239 57646648
654 515 0
873 564 17402967
129 250 0
270 353 92788973
631 300 33768505
778 44 9723448
162 807 0
709 510 22943671
12 41 0
75 477 4197833
766 217 82509412
299 713 0
632 176 0
619 576 0
557 738 49328028
32 484 1730869
438 162 63256702
636 311 90780252
51 515 0
54 50 51683825
328 75 29948444
881 651 32604911
549 392 85019978
959 79 55075547
833 124 58645170
871 726 63788041
588 397 72105507
692 919 68099305
173 730 60712318
519 433 72277538
731 637 34706640
454 151 13308076
234 199 0
141 93 0
161 30 0
959 97 46041400
826 94 17018794
939 855 64651292
594 713 9519342
317 390 0
755 582 28677038
506 480 29036263
634 63 0
337 488 37938891
638 221 15501880
606 490 30429766
534 304 56802361
438 14 81225691
550 186 50145936
204 420 3160371
328 556 63173312
133 198 6419384
225 672 84815223
552 71 0
164 677 25187106
27 73 0
33 917 25414445
870 804 91032890
781 840 0
659 565 91282226
629 616 0
219 213 23378814
6 537 52539346
971 599 0
874 35 92248500
449 90 0
500 266 69456278
791 904 80668024
237 89 0
869 114 72524080
666 197 72537555
529 552 73380393
614 379 0
461 553 12463404
559 238 27649152
21 853 0
910 303 47846714
915 793 31107539
766 474 69950376
80 385 50031138
518 160 30588671
958 196 12419868
346 933 69445284
926 34 11747392
653 141 12704640
239 556 20601112
866 457 45087727
643 339 67799460
183 492 92609494
38 989 0
323 214 51918789
586 250 42333389
456 353 99691050
668 20 0
140 728 88271911
404 556 0
679 558 24607681
835 998 82594871
852 751 12020196
621 861 67308295
29 367 54422594
537 111 36024534
285 717 22055078
974 630 54768724
115 309 0
122 625 91637368
238 332 56328153
214 819 99606289
312 309 0
279 776 39176363
861 868 0
460 115 28581055
49 90 0
691 20 0
736 889 96482856
210 440 99475387
166 823 82104285
918 593 81581412
687 752 77905939
253 502 34518532
860 14 58323120
165 39 0
142 730 50528794
720 142 0
855 85 73143758
864 853 13344643
831 417 15034361
610 419 26199207
390 919 34580464
549 596 39147277
755 878 16276265
945 844 46135453
908 368 35346083
521 237 0
926 393 41002582
623 536 99641709
91 321 43508342
399 395 59222411
321 758 24050522
295 778 8464429
997 306 60175336
501 472 68686290
574 661 80913265
68 159 44091593
680 838 47642567
692 822 19630532
274 294 0
216 786 26014915
803 256 45897468
524 627 85943498
143 828 73197605
844 966 0
48 738 1839158
568 50 36554628
84 224 69217390
967 557 41782749
138 633 10908494
727 108 10758480
325 602 84750857
779 913 70476073
252 807 62705127
459 394 74199208
774 712 95069217
413 202 48998094
490 179 0
373 566 79733167
831 21 36691847
328 6 71757578
830 52 9769640
158 129 84389123
636 463 18818321
95 962 32758764
831 945 66073472
9 477 29854194
456 535 0
7 723 61393933
519 36 40217631
717 643 72418502
492 109 12510632
803 319 16973273
13 563 97432375
264 924 27067141
109 331 36948806
579 253 45361189
699 283 29171033
13 62 0
61 604 39900654
17 434 49554058
857 587 96729486
616 336 43095854
485 707 55903254
565 186 67464628
569 396 73026876
1 385 79564844
611 686 98043006
530 338 87731373
390 521 69909040
941 312 39355633
379 342 36169694
643 882 0
406 981 90080072
895 491 49546105
188 25 0
490 667 63883146
133 440 0
175 860 86096607
665 370 71825147
579 789 0
746 985 85781586
275 538 69354758
263 757 22086816
574 341 30838576
138 301 0
641 602 90039425
84 372 35955970
604 198 90893918
444 529 0
846 365 40749495
279 886 55360407
603 75 29044389
676 268 26768783
758 512 3996410
86 574 90744718
776 837 88499286
259 959 54586329
25 905 44916124
851 516 36583632
163 764 0
903 82 92916373
809 788 57403946
400 562 20126488
115 993 47676298
616 801 0
655 873 0
97 40 0
379 883 26038546
530 325 18691893
13 33 0
161 192 10652941
353 511 13185705
353 183 26605097
454 725 50448018
971 250 54014372
514 756 95495515
183 189 85071576
83 634 12986455
494 959 23632390
459 132 54544694
735 368 0
661 627 91806458
582 551 29043572
308 449 53468148
442 795 77216537
422 307 0
933 199 73807442
430 853 517055
326 976 75169343
451 77 20598963
784 433 48933116
859 704 38586938
703 799 16308649
428 862 35797877
25 814 52557580
285 44 64617056
116 729 18819262
756 417 59903251
706 891 5872249
788 691 93241988
888 596 14443349
537 786 90454592
156 296 29922032
817 937 80747202
381 24 3523173
905 463 22704683
350 924 86486053
876 148 99060227
107 595 75419361
748 564 9693982
453 595 79800813
31 844 71084834
208 993 72519770
913 288 99023097
321 829 56841287
124 383 27347355
597 265 27740689
379 803 70165633
75 76 0
100 50 0
989 501 47066262
806 629 38598499
263 390 33268624
427 517 49242633
515 838 35468518
481 875 73984498
327 557 0
923 749 31969619
74 336 39462712
56 909 0
948 511 46397486
985 658 0
757 223 51625188
452 55 92995813
300 64 0
299 36 67868960
518 983 65148358
550 308 16419644
913 990 11398935
366 400 45743709
713 4 41896659
5 440 30074298
743 162 99917442
694 841 13663731
335 68 0
197 796 4906744
270 90 75123546
174 447 85205197
906 44 81251018
168 137 0
209 553 19735280
903 915 85800354
95 612 61185215
52 758 5129104
554 950 0
876 440 0
594 100 510691
222 259 0
650 611 0
853 728 95213605
709 368 65085643
184 10 76456054
934 263 0
357 560 81952283
930 696 7451575
600 412 0
275 397 7642678
709 511 73399580
45 36 0
136 323 0
828 552 66669039
244 205 93688544
127 87 24515405
43 677 4056530
315 607 0
527 439 19609809
192 95 0
846 900 39185146
926 588 66074584
211 220 73379652
299 72 3390926
164 213 94112679
382 322 71777172
802 476 98706062
350 616 74777359
44 35 0
630 115 57528219
512 305 6060494
744 356 31002958
573 162 91105830
88 597 70977589
148 410 0
981 96 91943756
350 678 0
912 835 47666024
352 310 43178372
603 312 52067541
774 696 50672061
499 509 44578196
156 324 0
957 18 45686863
59 463 68857333
423 979 99362950
725 434 53614726
569 341 15829711
622 14 90544814
849 268 0
51 940 4169731
644 182 24015309
184 458 13828051
402 69 65369565
791 179 35690098
945 70 0
7 383 72685562
906 839 0
731 104 22779429
160 190 66669724
118 730 55703067
857 216 24553380
651 923 28399086
163 361 22826139
932 982 2059635
291 258 0
548 429 65803633
960 246 0
173 847 90596810
766 490 71905178
622 146 94477800
987 882 77117191
506 954 16734084
335 261 99775922
491 870 60358468
278 116 0
982 21 65755071
874 153 50264995
881 441 2748187
163 894 61164643
565 279 80836781
35 738 67737773
40 366 8706803
635 501 99798425
160 143 0
370 877 51817540
387 250 0
572 295 0
52 43 65689237
665 18 541227
892 721 38975657
476 160 0
480 292 0
507 993 3557278
589 900 46083005
557 660 64707321
2 47 0
832 635 11292151
542 698 59727938
370 712 90558069
103 657 98395420
382 104 0
404 273 23010345
436 209 41997357
498 52 47825859
118 419 0
499 581 58362664
888 457 49883245
667 310 37337194
901 561 81368242
231 130 74630163
194 432 0
962 966 91854631
418 204 14852465
181 441 99461629
715 557 47163069
97 98 9036169
634 499 67480484
965 316 55934680
423 29 43823068
518 279 93120138
831 61 77034477
605 372 59819760
296 29 69667250
535 968 69440309
128 16 14367828
162 214 0
44 552 29177143
490 220 59352292
262 595 48244657
340 167 0
353 609 1638329
528 560 52309500
775 750 95562629
436 98 29886153
457 672 88594625
429 91 47916383
382 785 18683014
604 403 90498762
522 893 35989332
826 221 20463912
932 562 0
439 423 81132571
786 373 85981546
302 898 92432672
623 410 82040469
458 622 4344861
822 880 0
620 833 46821330
815 673 0
261 687 15679461
220 18 0
303 956 0
503 393 65304117
823 176 45388294
193 315 88719168
788 305 66497693
85 62 0
387 428 2563854
522 270 15308679
359 687 90831074
157 593 17638420
572 320 80007653
721 408 0
548 307 48897458
475 134 50342297
288 793 28574324
550 993 3529551
990 699 69532075
870 149 39145810
595 402 80289956
34 362 67674428
980 381 31685425
108 604 61888595
768 668 95980292
791 945 85504486
637 35 24670605
103 395 86948182
179 256 0
496 82 58117700
378 508 69838789
890 640 46254747
276 151 0
119 402 0
519 456 83955037
733 337 98807861
196 288 80048518
939 882 95019379
201 316 69282066
969 268 56935164
521 265 68768593
973 951 73630399
207 303 0
892 102 68712644
309 315 0
567 968 24592667
945 230 45681128
164 903 4402710
992 675 92403683
184 462 17646063
935 348 57637468
409 455 25275774
679 800 10864886
613 739 63449946
740 628 72136128
900 385 37945269
986 246 59395824
377 114 47296699
311 264 16996235
81 345 35594170
980 968 83388748
987 676 47053383
151 153 77000939
575 227 0
369 329 0
376 229 46590948
785 981 0
809 889 64358005
229 365 0
858 405 0
788 783 86199471
124 270 0
157 869 97565755
824 677 67192387
248 511 17655438
216 733 74135754
755 199 0
464 439 59283690
491 645 38817856
656 945 96689713
702 380 3334677
753 980 0
318 678 29055202
220 623 68228386
653 569 15529910
500 644 22597689
328 762 88191414
732 326 30938604
66 510 0
715 641 9168658
563 464 39272623
879 620 76196527
987 378 17000636
990 250 61262160
833 394 21506118
865 879 90958074
4 753 0
179 505 15069621
626 48 57349006
759 89 19082598
559 541 27306971
423 749 8025395
657 314 20484464
220 258 29061651
526 187 0
74 414 0
294 503 92591929
416 44 0
819 148 97871780
108 128 78158765
324 33 72233042
902 612 11435193
342 766 30953152
862 581 10049236
184 100 0
572 327 2127968
502 172 91957741
454 628 99054657
988 41 78422281
550 892 91338432
348 291 65294146
967 778 80026081
689 333 37397487
563 193 78072782
750 770 81889751
65 14 0
726 715 6092996
522 4 90275432
84 176 68573208
736 796 97789929
814 49 0
130 59 0
601 509 50852978
923 539 69038302
397 424 40566015
944 158 356227
802 330 10905924
784 655 88982379
304 645 1055115
501 476 0
855 304 25455669
956 985 51055423
703 924 14170791
1000 926 33473688
468 54 75949334
931 80 73774000
199 287 59026767
23 152 0
186 57 43274589
420 595 85561215
703 231 83597408
762 660 82128476
773 512 55125325
294 172 41754317
198 248 9853466
217 814 82539451
691 960 6124646
803 52 0
225 271 13466481
618 120 24417781
935 739 64242100
610 333 78358768
709 173 39972782
159 508 14288784
348 38 0
891 162 72579633
902 639 68510387
268 709 0
434 118 0
695 602 103729
530 845 43767806
125 528 29765106
726 254 71744706
113 206 51022451
742 594 98592068
867 633 2244658
736 423 73249245
503 323 0
872 64 94692122
93 751 53244871
52 491 50428173
248 602 87860194
514 882 96785863
426 623 35682794
938 342 4866152
897 631 39318343
560 974 52029041
113 314 63218334
215 235 0
438 204 28604302
78 203 0
323 545 32347834
848 670 88969482
126 198 0
208 531 58136804
592 920 52293272
403 333 60964938
794 428 86243067
387 429 44483960
709 308 98617939
399 534 12493348
701 712 0
708 430 52850283
68 4 0
98 190 0
218 970 75545784
483 416 68673532
812 179 42456734
301 132 23283829
181 933 1987873
431 876 11503391
659 624 72539970
504 597 0
959 987 6412161
897 532 99592223
874 982 88334144
876 748 69511927
290 29 70020696
157 850 0
633 702 72013771
667 895 27044848
175 99 0
225 201 20859920
961 377 21564795
253 764 75744920
4 924 95979909
446 472 85013870
221 614 60928990
294 649 78694583
78 43 26830776
311 207 0
947 370 84590648
96 846 35147392
29 272 0
684 600 16095745
99 6 0
460 285 0
191 530 62990160
449 458 18033366
940 154 22308847
331 96 97061471
73 124 32818145
531 179 95439829
765 542 46314451
279 754 30677813
641 524 85491618
775 967 61529264
530 74 57495274
545 702 48357275
451 960 60183747
900 861 21440693
153 768 54464972
960 683 39103073
847 755 41732462
284 63 0
707 263 86422712
283 64 45832658
245 543 36615675
302 28 79782106
30 12 88565285
225 954 99527925
525 577 66282399
311 106 56850885
332 313 10093064
421 933 43679708
289 282 98679737
694 648 93930437
712 396 78761910
347 949 49020701
449 969 39692489
381 597 42468471
913 247 49960034
293 54 91473796
224 689 0
877 197 44867192
249 376 87634627
884 83 2822533
18 8 0
170 55 42132452
501 815 90174681
429 849 96919540
50 804 42362136
574 721 50939688
984 862 74602651
176 227 76573064
57 149 46684397
141 621 57430858
881 834 71119628
975 630 80902624
658 769 54602582
629 862 8910129
370 36 33670979
674 337 9297136
293 553 0
60 325 0
568 606 0
81 227 0
552 1 74671275
512 570 34538013
208 7 90472133
203 813 18184486
438 197 0
314 491 29877399
597 470 22204689
550 752 83478916
843 406 83704158
726 627 6458672
984 948 17997532
456 196 5162998
197 919 98157044
255 411 44184370
892 679 4111208
749 604 75915849
29 19 0
82 245 84100005
426 592 0
197 105 99429140
193 421 0
528 536 9199365
389 153 0
604 366 33784463
818 10 53796411
90 971 27915868
289 119 75882416
362 957 5730192
318 735 29210082
2 6 0
885 565 90413795
681 964 28295374
775 623 22256452
508 964 86741167
237 544 83500610
262 314 67177456
961 159 81168980
759 503 61684640
288 64 0
892 971 7228410
602 740 0
774 240 44077599
265 520 0
575 827 95726899
829 556 60347714
455 115 35928250
158 785 57616646
238 434 22450399
544 952 52331242
167 137 91482221
345 726 49453279
380 413 63779202
807 99 44898513
558 449 6347862
896 995 51560998
507 150 0
1 176 0
292 222 19103491
616 100 91053317
443 203 0
14 121 7640012
613 278 42183478
771 754 3775850
481 161 89392633
77 55 0
346 940 29566476
424 519 33494580
572 71 50565404
431 636 0
284 833 15785384
633 31 65068434
557 505 24753359
658 840 85872598
384 285 91668185
757 572 51423120
330 178 0
320 1 0
825 484 13896604
363 186 0
688 397 0
123 11 39598411
423 159 41571560
198 265 0
45 930 19510134
575 954 35241669
830 964 81375454
124 794 0
404 481 55850605
554 962 26938835
854 929 84770357
875 618 81292786
353 411 0
629 508 28287674
325 999 0
209 224 33694029
519 541 36493236
176 604 9502628
940 246 526286
511 232 0
605 363 85610944
114 954 0
433 37 89712741
400 726 0
283 312 44573785
648 429 97648715
123 101 0
336 517 14422360
697 886 29992660
73 388 0
36 744 73340884
93 457 63696372
146 183 61138480
162 692 30364848
347 468 0
107 394 0
730 429 22608562
60 798 29693860
4 841 26812329
487 138 51136598
896 236 70295437
464 253 56931983
311 949 30419949
346 252 91025850
161 427 0
558 243 20599794
639 779 69799974
271 16 83897310
398 702 0
476 926 0
679 91 0
269 932 70592227
385 280 33511851
180 647 25965211
620 682 66348560
962 247 75226573
910 547 50460582
316 88 0
592 967 33662882
110 11 0
368 377 68766324
62 696 21846757
9 703 77250535
472 200 58264322
257 268 21243628
574 135 0
913 65 60213398
262 169 0
923 666 40777689
902 887 15650491
422 525 82879528
206 200 27525605
274 88 51048972
702 946 28668542
3 60 0
971 26 27804187
722 683 75818171
48 23 0
694 561 81951367
86 285 0
494 374 84951488
870 71 14912153
424 34 25859033
38 563 46384776
68 956 97412493
925 124 0
44 757 72036246
507 686 1848384
437 660 0
822 42 50245829
80 599 39533858
86 70 0
108 323 85096981
564 902 10841272
599 426 1911601
384 317 68238264
498 124 3982464
57 825 69624055
690 371 4748735
712 709 25549801
62 656 78402193
861 381 6044445
229 651 67599841
234 729 91777562
117 155 93424883
87 126 0
9 5 0
71 57 1146972
531 396 0
941 134 24503942
21 734 78421261
150 773 50037469
297 804 0
110 696 0
311 375 25937668
502 473 48621122
561 214 87291122
819 34 44146923
236 50 0
680 423 62332240
611 745 31154842
290 902 80029077
319 788 18528480
268 716 91533331
731 540 12131017
354 825 97829387
758 468 25429408
743 30 0
227 595 95237628
14 358 74358240
23 116 0
234 755 17846574
156 763 45300025
342 228 22730359
573 57 48091388
49 134 0
618 348 72885243
279 220 30161109
828 889 3327065
6 517 84070023
408 305 49521684
473 544 80793556
544 485 25358940
63 670 89204947
953 79 9900888
32 19 0
948 764 72048120
813 78 65916631
989 447 33453579
521 857 30005295
772 852 0
551 57 7208764
672 955 13067968
522 7 51910602
589 604 36472862
915 3 0
936 141 54655658
538 493 0
55 604 81590662
607 314 51293898
102 845 6989588
383 613 71981455
731 531 7575801
726 541 87783791
753 925 22651915
830 960 79014605
150 878 36943583
892 248 17685861
307 243 7354027
543 85 69594088
849 816 66069988
649 557 18516650
16 4 18613183
601 944 21660163
54 259 36738527
272 418 76068373
65 508 38055933
181 877 0
218 214 58559803
870 960 36148908
390 819 0
161 588 0
139 25 0
706 122 0
506 32 80744340
550 538 59103381
254 768 0
518 978 6300000
203 869 0
249 591 79469565
335 11 57721268
837 139 29301026
588 157 62039509
653 355 0
211 594 55079803
450 70 13962539
101 138 24510545
439 395 69990514
209 556 98054256
266 869 24392956
502 62 0
48 201 63401484
665 454 48988284
467 223 0
588 230 67030680
699 24 49143307
309 867 79873331
358 152 0
718 168 61156334
505 166 0
888 398 78602179
947 38 16460376
777 106 2818319
503 670 40921840
374 730 0
112 872 0
381 701 70910279
648 231 0
781 726 2378608
179 558 78075434
133 173 0
996 673 90185777
476 294 77276914
83 427 37823802
382 26 94609525
663 63 0
390 567 70403182
452 170 78132012
92 309 73719078
606 315 28116373
201 113 0
328 108 96920404
708 189 0
245 320 74494050
943 60 83191320
513 830 5059206
381 810 4737412
267 375 7751990
679 324 30645561
277 979 44146257
72 967 23504384
697 912 42156540
77 279 27839260
64 103 6086652
909 346 73439530
65 522 88697852
805 960 18997674
163 838 66973555
898 23 26455744
784 184 91896146
920 953 77624235
566 605 41037645
168 799 36962958
728 203 94424879
544 620 82671771
54 776 78891239
896 659 77856791
626 258 21763165
129 218 63621463
239 336 0
947 318 96402519
784 631 75889606
535 976 72529691
945 792 829403
451 482 0
574 715 30295039
787 199 70832347
304 328 64554502
633 383 10969287
556 154 94646056
663 95 7073485
330 432 50123916
286 640 29927000
13 119 0
398 561 7352505
40 182 0
36 940 99172224
402 469 75613965
398 177 95276698
986 434 4638982
946 674 7471291
937 87 96844893
453 547 19867834
304 898 68741945
264 807 41885427
226 577 10280251
19 215 77200337
752 474 2490148
555 217 0
997 565 86115510
169 178 0
678 975 70825220
789 80 96143133
921 975 23256855
99 835 90169823
440 455 0
518 457 713193
383 328 65843303
233 673 64571007
392 981 31292274
753 462 33906652
251 102 0
53 362 75341444
552 805 45249568
340 441 49440269
338 920 47689942
527 303 0
869 459 80182297
350 810 28885688
234 693 73361066
287 99 70113415
590 637 67744147
237 845 0
923 92 78616683
493 673 4275649
876 228 35890383
184 270 82854884
919 454 46989835
6 156 0
271 859 65837037
466 253 89461246
706 888 1480901
119 929 67271413
897 699 53636411
688 247 36407911
927 899 10806055
568 146 9127731
26 872 59926646
893 374 93814594
130 918 88517844
630 591 64391445
374 598 48717418
945 417 78827140
596 426 27436007
69 728 44172960
459 975 8191952
212 583 56451853
648 972 43505294
48 419 64074852
853 285 55232956
996 477 56938012
46 353 0
357 363 68082902
12 327 0
79 33 0
597 887 90164811
605 28 28919131
31 527 1560625
96 54 0
617 120 39407142
733 395 0
321 33 0
892 583 67788969
103 924 61447804
264 140 0
923 262 89962001
15 699 4457284
996 145 92194203
365 921 6131401
74 660 75822971
294 871 85880678
202 490 97341159
450 745 0
4 745 81171190
36 51 0
242 296 57518709
313 349 10114415
809 521 85584155
28 569 60421985
405 839 13168620
750 502 22030777
697 645 0
394 435 25906350
229 884 19154905
498 35 9654186
586 355 12120060
70 784 49475387
237 684 46961040
770 672 63760361
367 723 52620920
902 155 35265199
493 297 88518497
696 719 9456348
312 979 95853919
731 998 47776374
875 49 90413048
798 976 45374664
176 351 0
449 563 0
643 250 3351932
505 103 12850268
168 340 80435108
885 833 70651463
694 507 7019970
148 633 73678661
200 331 0
581 960 78460076
265 530 0
497 604 0
21 180 60373821
965 179 16083916
940 778 23058634
309 972 45278421
991 819 95551506
27 101 0
720 487 9058670
864 258 73611507
17 149 30108579
108 159 0
633 91 40464163
843 822 19296987
379 56 0
190 446 92471378
507 69 98234982
427 833 80469436
756 93 73329783
875 850 83459168
139 608 61081722
30 770 92326554
450 860 12715134
220 292 0
698 86 11629745
624 649 46343306
961 641 84455662
520 583 42029974
797 601 61239018
320 393 88759524
963 519 39331818
891 795 58259615
916 218 75537753
411 64 52145411
309 325 34966002
819 600 84581032
994 462 73251094
663 503 90182673
888 716 59343556
91 492 82726009
749 765 68931454
58 69 0
778 955 14414659
279 243 95500330
609 868 73811365
12 117 0
984 46 59104444
322 333 594252
579 535 9313221
110 680 18681800
805 827 94754849
828 158 67977880
584 196 0
29 38 0
693 731 7316525
195 741 77655135
467 533 68750039
961 157 5138557
932 877 1957930
97 492 11420721
427 423 69114669
791 278 29377344
454 404 43802527
872 479 26710729
635 118 52702506
163 808 0
115 198 34303965
412 212 0
802 308 23801734
214 599 21447608
57 589 18919257
148 183 43466876
197 942 43010592
253 651 93276456
200 134 29074377
740 47 55581685
582 421 2358024
531 287 56544800
522 543 75557512
43 496 1700841
705 163 0
390 525 58074766
259 854 37810181
826 278 1558767
802 724 0
185 527 38582584
109 51 0
881 458 55643927
830 671 72579368
63 300 68754220
389 26 11055086
204 836 33148532
576 396 0
20 830 87367515
668 115 58806748
819 596 21154073
348 700 83769465
306 35 0
198 633 0
210 916 65948204
693 764 1309847
407 955 25316942
892 627 60672370
291 638 83500580
225 864 84699779
326 27 0
527 498 86058477
468 596 0
371 368 0
739 624 83065856
462 142 32315698
586 77 11729355
113 619 23480941
575 517 34884354
236 648 30716193
199 116 13260592
77 754 18963641
153 922 0
323 673 89508007
423 686 46896946
528 253 98365084
583 165 10285837
646 520 0
623 895 47866523
440 328 60482918
464 568 56325396
891 914 37498502
608 249 0
968 25 33423869
528 426 1992070
138 135 65212253
573 874 26851737
213 59 0
446 641 0
35 991 13058308
483 519 19436709
865 930 29016343
811 350 9568445
853 640 94832649
747 488 442540
597 442 65449231
180 671 19098791
625 57 62883120
821 902 56221140
178 614 70338425
739 799 0
644 650 28196476
22 925 70026403
974 382 0
112 453 94673400
406 714 0
83 384 0
445 203 83788413
114 313 73604288
9 252 79647334
891 613 0
62 466 0
20 226 0
319 373 19664033
715 283 23948084
357 460 89920655
656 302 44369802
359 193 0
421 981 95616615
276 626 0
478 604 54933850
403 3 97055912
441 274 0
538 372 36384573
356 398 58858601
68 196 0
876 538 3735717
64 966 82275003
49 252 0
237 842 32393414
604 581 25862878
782 133 96824230
112 500 0
839 164 52871769
209 806 72882232
5 269 15967877
418 83 45496232
470 692 0
74 194 0
259 827 48188317
230 289 90194130
360 785 46001573
638 915 8015525
870 306 29953050
218 519 88444328
774 290 24779689
802 950 59519260
451 115 8930047
192 430 17480847
72 990 90852200
751 870 22004398
182 90 16881332
457 964 0
605 96 53970844
131 604 62913015
283 77 79714797
41 349 63276446
81 229 81977418
676 623 62155858
325 844 18352169
399 373 27480637
416 871 0
421 518 0
288 241 39891313
886 533 48808292
737 640 0
35 805 7878346
63 273 88760777
736 871 42757578
203 546 51028889
368 936 83909899
137 183 0
523 321 97452793
904 954 2665765
157 598 15993210
239 679 43226454
993 861 59757523
290 748 87890467
44 174 0
788 514 32328288
77 935 7899297
24 739 75260058
102 263 0
857 754 0
515 246 89728515
189 895 0
819 629 9963491
502 69 99250587
47 734 54861305
291 81 1002882
151 238 0
351 24 23074613
885 252 0
246 910 94519069
812 612 3461745
679 345 70439871
676 854 0
659 937 33511226
951 844 2170724
113 778 15461462
965 406 0
887 12 48441106
429 593 63725921
862 333 7636014
744 487 0
512 360 39173880
481 54 8554787
294 801 42776026
819 762 78122322
344 595 50124851
945 136 37510909
890 880 68455928
266 636 4335123
286 539 30851043
559 528 41555528
698 62 14609103
243 340 31241889
798 952 0
813 180 58084
356 278 85736664
145 638 0
413 956 32166878
406 922 20783163
783 779 19003152
184 375 0
572 162 17243800
379 762 1923289
252 748 838401
179 596 11594704
114 192 46700728
690 176 42633477
659 197 0
679 505 88859804
851 563 81706306
806 117 0
542 792 6254009
90 98 74228037
150 296 30188539
418 715 86114471
459 941 76840571
669 232 24008205
748 303 904229
99 456 0
909 218 39360932
386 514 86350243
930 332 99656933
208 13 72909725
151 832 0
369 473 76356191
523 666 0
81 898 6497429
590 128 0
392 75 63375784
521 956 98538021
414 160 4261934
635 430 0
527 820 87705001
920 295 0
465 78 28695167
152 766 95670617
138 420 31629393
129 641 38882827
907 560 38234677
759 367 24897309
240 443 92528247
579 590 61192993
138 916 0
241 995 26457779
354 93 42116554
505 364 96468
405 421 78234854
531 905 54240919
674 107 16342381
138 952 42410312
686 515 28064802
693 126 92009000
760 960 63686854
571 198 17736965
495 284 87843485
322 870 45502552
840 608 76403030
202 605 44085814
27 6 0
349 784 10734893
165 905 30523630
773 270 93216108
782 373 78085777
975 836 17783421
458 843 72577182
433 352 34358701
704 60 36264444
494 921 40575580
13 202 79569436
400 927 0
522 589 0
398 324 0
521 554 5983025
176 810 44783768
819 969 29812178
188 602 15912520
71 680 35337143
320 765 67703669
112 935 68870917
920 601 97635894
797 731 99478850
199 345 0
503 318 23124535
460 838 87959872
821 705 0
303 785 17831040
529 111 28051884
958 923 39608937
6 21 0
27 317 61593187
782 940 18826331
191 212 34633301
363 957 65416955
10 899 0
359 711 16611327
92 355 58439620
975 596 70616581
745 325 99320996
59 17 0
302 170 80014443
421 200 50200678
579 8 51957192
96 547 45561649
770 649 48896336
114 226 71885137
562 259 16156809
47 354 21363299
703 572 38296060
344 39 0
536 311 0
156 349 62569449
979 274 33101826
655 38 85387973
348 322 26081897
471 233 0
955 826 65256
655 325 0
780 887 7902918
165 270 42985808
854 465 85330436
22 904 0
756 473 45658248
541 297 0
78 7 87040404
109 112 0
341 826 0
305 957 0
890 410 80648267
930 858 22493473
26 18 91540348
138 707 16434459
51 217 33893399
647 865 0
343 303 11392033
210 413 0
543 197 33223848
785 391 6580856
66 573 26240835
171 447 0
934 982 51235915
989 285 28438526
493 174 13000663
441 118 81000554
189 33 34348835
202 879 50173058
611 19 93594085
16 998 87650151
715 953 24279326
585 302 0
997 723 32061735
298 51 64968266
15 17 0
623 797 0
590 181 17367639
778 234 17428899
694 550 0
436 149 0
389 653 95167135
215 648 58345500
396 14 69456239
9 255 0
169 204 0
61 700 0
297 251 68501553
744 724 41753365
759 947 84574660
688 827 52696588
355 804 51347272
616 529 0
624 415 62127583
449 429 42893242
896 294 41823569
366 190 59051180
900 581 27290258
199 851 73345399
518 420 8915064
992 633 84738609
821 207 22467641
112 457 45466699
840 3 76990917
281 424 61810900
438 704 71402851
490 458 60322009
483 13 39586787
863 665 32864769
743 529 16812488
220 170 9394992
498 961 62968270
772 332 0
971 920 6582417
680 704 0
140 181 0
15 37 72042076
311 786 72388800
883 52 63356125
224 843 21441132
291 492 0
219 630 93034829
888 20 20673394
142 593 0
88 1 40609984
572 402 86923771
306 521 26661715
871 44 66009276
678 738 48686212
30 224 12867783
106 186 28806302
66 153 0
469 752 0
220 685 20069421
788 432 13494652
353 602 90495342
683 342 29413031
461 652 28099945
77 103 0
24 71 85099570
864 406 97269570
549 28 82194263
181 926 22407707
735 232 8507517
691 955 18398004
440 465 64292118
49 314 0
371 451 0
631 891 13353487
899 600 69240344
900 256 34509370
645 434 43441176
685 603 47150833
167 203 5549054
533 847 39606851
545 282 59098785
410 694 348507
580 488 48657954
332 184 91097358
898 937 67440064
846 613 0
435 685 95480646
138 16 3618086
363 61 22912055
384 668 1871472
769 751 32021707
974 153 89635113
172 258 49950010
135 505 99759259
97 928 5452621
147 897 45053541
330 654 31057750
380 866 42472762
536 164 89883914
564 21 97755112
794 450 59892208
437 196 47427762
268 82 0
676 669 93577342
164 140 25166289
606 906 57585546
695 246 69117737
671 58 0
293 877 35082477
203 447 79419377
382 598 32093991
200 645 54801874
828 41 26659102
17 524 59076781
970 317 70576668
687 848 0
495 378 8402741
89 766 14320402
13 991 41785010
498 186 4215274
747 175 99007554
750 505 19926863
699 399 40248344
427 850 57853214
784 841 33521765
170 69 68604096
226 487 61194367
4 298 55246224
210 604 44443334
359 301 24410919
74 417 5080142
824 55 9317824
435 523 37292819
687 196 47361143
64 43 71037672
627 485 73304146
780 138 85350309
153 769 50794406
718 78 90654679
934 75 87830135
917 342 30803382
347 699 61128384
3 5 0
990 694 0
339 249 15715665
288 518 80237747
184 559 0
812 467 79467719
473 934 12001804
125 686 89333036
10 195 0
299 301 13554244
568 703 54242442
937 668 39975856
33 820 48179212
366 200 0
22 16 0
194 412 88668038
153 546 19056260
503 462 20500015
851 310 33799924
229 748 54890248
218 490 89859679
642 147 8587687
546 671 29984573
10 652 0
419 663 23133617
822 300 18032813
310 634 65944615
356 65 0
697 305 26877200
805 991 99718224
63 308 13402520
240 541 73678969
726 728 85512227
973 930 94140929
767 77 24336082
125 834 66989071
193 117 2435657
21 559 69359871
694 901 0
795 275 0
350 155 30688082
527 890 26337481
374 516 11741971
905 579 72250596
95 681 80714798
779 916 48769377
864 750 0
523 942 67328055
766 160 37253256
566 305 37991302
690 122 77228553
4 711 76030101
967 874 63211509
769 181 0
148 316 90102614
757 45 55242432
436 424 34893266
495 746 23050413
441 37 93573984
375 217 35775762
420 877 34863994
856 214 8609468
439 406 76183725
259 656 43626148
742 812 51209041
538 467 40244944
759 890 98835173
943 159 3674854
29 102 73323803
273 916 7461090
989 400 55881134
517 983 0
311 936 0
194 473 0
608 550 70948275
508 907 43986277
180 907 82236024
332 753 75389112
268 254 61445221
469 34 0
782 975 0
87 3 38034089
490 532 3349007
946 744 0
822 294 0
536 584 62515826
218 178 0
30 10 0
290 179 0
599 324 84414096
881 68 0
699 53 63216130
381 325 45401154
729 421 83486061
536 3 90912026
464 739 67327018
846 229 37371685
489 701 38941538
782 395 14802867
847 284 63763964
172 189 0
391 465 0
255 325 65077850
832 883 0
134 137 0
395 514 57398643
309 504 0
697 225 63806907
705 547 74297980
866 672 68759669
56 367 6921121
699 354 886476
759 659 39379251
180 855 57106053
214 251 31285973
955 900 54818309
939 144 1691513
258 743 94535450
347 571 18810937
812 593 80616465
554 771 0
901 726 20046235
69 348 46943275
98 924 94005312
572 329 39020356
324 235 25644610
149 292 44117877
87 240 15043543
660 326 93685967
307 688 53783987
486 793 0
478 601 7849636
652 743 12991008
104 228 57535511
689 758 90329701
763 911 17934463
202 677 33164236
216 105 0
417 777 87215827
47 927 80160426
812 699 0
757 513 22726511
738 161 50883392
797 180 80576508
227 596 70926371
743 739 54680208
662 143 76541300
392 396 0
86 534 75031889
459 608 39266389
810 359 93532580
439 221 0
627 498 59309863
566 122 36083832
547 464 59818741
440 989 88722701
326 674 0
172 286 0
663 319 4701821
274 906 65092285
271 301 21727142
119 908 0
670 200 0
325 177 72594191
342 39 96254768
284 106 17159672
450 332 4273238
681 539 56888614
21 209 0
338 889 57953308
37 269 29885752
413 666 40282690
619 440 24539206
284 285 32797842
276 294 64740958
264 253 92241713
653 434 45137670
2 944 20360264
779 858 32361789
46 57 0
68 89 27078264
772 128 21861062
395 389 46213389
916 241 76973748
788 604 76858244
443 475 63676117
50 688 45699526
909 325 37527734
765 912 4250273
154 903 0
397 996 73413529
629 557 9919079
73 438 44013198
304 409 84004566
778 158 0
662 935 79707195
865 848 31913608
676 604 29450261
606 132 71746535
96 326 66543990
1000 362 47998466
191 507 63127843
692 723 91754050
531 247 77993426
16 924 21420029
940 345 41234130
635 241 99569405
890 804 0
56 37 0
256 55 49088575
343 658 0
640 684 0
657 218 10535509
536 685 57732292
890 653 99015310
277 849 11732030
432 838 28233960
17 102 0
736 730 43362865
366 167 27103696
884 568 0
559 400 78732302
282 964 50678768
891 650 33355270
56 839 78315049
736 315 0
64 124 0
649 186 0
306 64 29156879
642 356 60226560
577 604 167472
509 64 0
242 977 30108091
282 594 93105624
426 809 18929329
932 703 87686535
52 946 44930863
303 440 89422764
254 134 39068611
18 98 0
964 984 68939973
823 174 73660878
797 873 43608703
379 229 86885717
543 480 34277150
410 277 37598793
208 441 82375232
922 970 0
933 471 19396695
932 36 41784523
879 788 42699622
320 828 8340433
959 684 35297538
925 341 97808390
546 514 2414859
967 868 50942938
22 86 2857233
808 402 4009551
684 629 58798559
110 282 0
837 328 91449916
340 293 54583486
523 277 0
471 436 85222295
889 835 39603591
577 176 16756026
489 25 74218438
47 727 73577050
861 515 16554966
238 570 56505446
490 379 56856934
983 244 82771267
933 84 91797988
32 273 0
62 204 94070823
674 730 39789682
493 77 91806764
200 88 0
813 914 63484100
271 613 3733967
458 686 0
545 786 0
72 314 57975204
375 965 24101455
914 819 9928650
545 980 6780208
38 179 94659059
567 444 73695970
386 392 0
418 386 0
228 533 55724463
554 120 16938902
937 897 39423950
128 471 6253551
954 233 82777295
863 653 0
957 343 15418437
268 214 84473433
196 318 13125984
815 334 35074602
118 891 7277807
967 198 54752367
645 290 0
785 937 42821864
777 473 60046210
509 841 42121633
788 151 51961331
16 55 0
895 277 84676683
980 833 98417180
753 262 80239361
768 46 68087074
170 172 12725807
167 800 34088832
878 327 0
461 207 32691234
931 332 0
391 340 68977370
695 448 58170727
968 155 57049946
985 221 56615846
328 29 13738648
122 46 0
705 851 93543526
637 722 5592741
682 928 22092081
698 204 0
794 778 44677908
702 554 66173751
893 472 33915811
604 898 4536858
118 967 31943651
459 361 0
15 25 0
477 460 82407271
258 737 50128233
473 458 95140460
855 666 55003242
644 445 67659089
973 577 0
142 954 43044296
776 601 23805989
278 291 1174473
438 317 84958172
388 270 59936126
121 259 33573004
261 765 23473613
192 584 64211853
22 142 71824093
83 699 21692525
545 670 29142360
697 309 81503737
291 103 86411117
244 122 0
104 796 0
170 809 0
578 546 0
969 77 0
419 671 6864160
379 34 7716581
59 115 0
991 292 3205662
116 742 0
534 384 0
201 894 0
816 193 0
758 175 46054770
630 899 26326420
4 10 0
14 718 0
581 208 32649187
200 262 86515571
744 497 42241670
144 105 0
249 933 0
541 498 73270906
323 43 29967631
168 372 1263882
282 645 61975490
75 138 0
970 391 13044189
827 138 68307977
894 350 57508055
26 996 20959525
16 395 34263115
52 594 92338897
478 246 74378661
742 291 3851760
870 115 0
156 482 62819168
445 193 0
260 842 32176399
343 967 80871454
537 204 10754332
340 878 45873008
260 55 67704064
929 733 90608535
710 919 82643139
300 866 97161037
24 869 10901247
108 209 74821718
584 395 23996037
58 210 0
830 788 84473728
66 295 24849803
253 8 95631518
352 516 0
539 769 80160588
366 380 7741999
92 506 0
732 296 97359121
410 937 86736467
429 640 0
350 939 84162504
6 186 0
189 558 62482095
527 614 97090365
541 340 28452187
69 260 64273173
610 992 0
914 848 56061092
106 11 6494966
189 239 31000712
48 443 35335143
411 578 5856823
661 78 0
587 61 0
223 547 0
876 362 81655797
377 93 15854097
93 650 76545277
323 5 85647306
379 137 75817774
154 829 14967530
652 39 92700680
171 993 8067779
994 246 42086646
458 560 0
720 508 49807385
484 718 73200186
28 488 22074735
401 152 0
330 287 19088373
259 931 82112393
606 605 78148078
303 496 0
547 135 6198116
939 398 0
877 934 53049322
332 191 21280675
201 5 59067217
53 723 34485211
109 546 82732956
720 137 50150247
687 745 54016015
257 251 0
73 491 19827564
792 637 0
417 644 69194241
817 77 0
161 572 63703543
955 25 0
554 923 23821984
272 442 95341125
585 314 56066467
400 675 24349525
297 628 54875150
249 563 68361768
102 413 67594648
337 724 0
853 787 79079083
240 585 49152140
140 2 0
956 309 47341385
886 187 80953554
215 105 77107162
388 93 78629317
758 51 0
854 794 95925284
921 397 0
139 154 0
990 286 49355202
430 901 72793417
350 532 31578062
187 133 0
624 20 0
564 964 84228486
16 9 0
450 557 62210208
625 742 16659895
206 676 0
129 463 0
346 713 94612930
24 9 0
914 90 89553643
336 130 18106968
648 937 0
486 935 45994635
139 566 4488513
322 930 48977874
844 278 96700255
25 66 96818740
306 766 39764913
664 201 91397680
499 165 61059953
214 581 94452625
46 844 96987346
21 303 12157390
608 924 4243503
69 868 95264184
33 12 2286310
155 224 89747390
387 925 38945173
998 593 88778168
423 436 49435600
772 97 70412008
790 223 16914436
37 12 0
211 839 88141988
191 385 88223439
551 627 87669668
842 56 17731090
996 264 41542377
428 458 20264342
594 212 87237265
41 956 90781104
20 572 42686457
148 27 0
953 169 38832519
859 232 0
491 427 17526831
993 866 3579858
634 551 61504103
87 959 70009503
52 45 0
874 341 0
464 976 5635671
567 88 88670124
575 897 32274628
202 357 41945980
864 631 82005952
304 582 0
822 572 63906411
394 906 17862053
767 690 0
26 13 0
845 114 48728823
313 87 0
487 481 1016740
922 88 55154965
780 536 67273092
420 221 60998044
483 844 0
81 38 0
690 839 43715835
957 609 96291459
215 155 27559371
841 752 0
694 795 96302825
158 87 58704051
783 172 13196311
19 54 0
330 697 86155889
164 546 0
286 839 57641105
162 610 2153826
763 147 2734161
453 905 73226904
121 43 89876848
877 159 59928689
102 361 4909610
964 730 71228986
855 713 34968919
391 727 0
363 351 10734773
513 438 93436770
605 908 66603840
562 19 99314674
809 750 90584732
901 58 50501731
345 990 26890587
686 735 17644985
249 843 0
892 935 361034
727 144 441060
837 993 66298896
181 275 0
24 157 0
268 302 35204524
499 551 63020998
54 649 48781109
17 53 0
880 564 36409316
549 449 0
467 601 0
136 14 0
386 50 13236956
357 645 36987708
968 338 11578880
215 205 0
582 19 25344791
3 512 58166495
378 420 29650963
805 600 46171204
545 573 0
478 463 47612499
437 66 0
53 499 31121557
435 189 98538939
973 122 45428522
312 591 0
755 364 44244486
692 329 79730446
538 130 17582422
799 604 90818026
244 681 38682068
564 5 82762094
443 743 21786093
667 679 49455196
557 413 28313138
248 811 29504189
52 780 92640717
63 145 51085807
112 118 0
211 296 73664091
318 144 22077973
368 104 0
299 315 67671063
27 982 0
293 582 66857573
881 626 37878344
288 332 32534355
104 824 62807150
107 338 0
482 419 43219915
943 776 29240360
184 333 16267349
262 910 52081795
326 473 41260530
197 10 11511692
553 942 0
525 959 76353063
545 958 0
576 480 9798822
564 904 7408197
503 788 46693520
401 209 57949186
292 211 55130336
192 594 79818965
795 76 43673231
427 135 14680042
333 979 9375862
131 473 92975429
811 64 59765069
224 269 0
343 269 0
632 891 17936893
398 93 64691636
580 672 27958023
497 964 64232410
422 445 67122911
260 514 37695956
870 244 64294461
279 578 15165126
213 305 61562462
303 954 63265226
276 325 48601247
577 196 0
746 193 88373414
566 997 87119464
31 688 30198027
332 3 0
457 721 62648021
398 326 66751115
560 820 52363790
475 159 0
26 175 7129984
393 358 0
25 810 55700018
43 751 7866311
736 70 36223690
798 731 90030788
314 94 88926087
512 800 62910383
971 41 62143720
834 880 2742794
805 339 68805492
103 225 0
989 616 54947874
189 668 98885094
23 250 78105599
798 661 0
88 231 39661483
429 144 19111348
845 774 97672549
172 848 69589438
36 364 63047551
694 179 83765345
995 181 59785047
47 600 15554917
35 284 74329001
70 95 0
834 295 12491690
849 998 14967324
25 50 49964417
115 102 90408394
384 835 0
488 431 5700661
690 490 0
424 153 97996967
204 685 28787324
270 785 84997051
970 729 39015511
352 884 23512168
243 32 27039943
814 433 71341065
775 481 91305488
618 408 58733387
273 846 67644363
592 884 93294395
809 649 92881842
478 150 99836311
845 256 44936170
111 716 0
296 244 41317551
335 299 6936578
111 879 81654796
585 325 81025169
529 25 26988895
520 575 30484610
414 641 49307515
207 157 17974714
310 327 7213660
476 947 0
447 681 34013665
286 633 70285678
248 9 0
313 304 94407306
942 823 9834119
563 544 52390748
678 930 50572055
326 356 86633886
41 900 92255273
600 629 88364557
773 246 45006306
196 595 21587862
313 441 27504924
608 672 48234440
117 300 44953717
259 460 4370892
280 829 57565880
362 228 0
825 742 0
790 586 23637044
475 279 73194122
702 527 54731942
545 551 15664647
779 231 97549640
853 816 92636210
229 603 49466576
970 138 63560572
533 155 90779075
637 72 74237668
276 462 18684550
184 261 0
681 616 87638226
188 532 51032196
684 562 60364691
559 550 67562121
74 838 93520671
96 473 38849942
216 378 79397823
49 308 0
212 413 18075954
378 942 4399462
644 334 18161964
335 342 37366820
358 897 18037777
857 451 459586
70 909 78100274
787 380 0
639 965 91975223
536 804 37150744
159 747 0
424 218 0
615 792 96373295
180 520 96921802
266 562 93124411
682 401 0
966 983 37678789
340 427 14341007
695 431 91211883
188 17 54837274
309 740 17643121
361 491 52515192
448 631 0
399 473 35724202
31 78 0
271 524 0
660 964 15884338
313 866 43966198
236 465 19701437
780 831 423199
37 401 58732420
506 576 51506052
522 845 73741389
335 416 62682399
212 151 45928642
640 563 67318916
610 240 97927586
841 402 9274827
584 348 87840177
421 432 32778214
402 148 85848489
35 731 41213034
864 200 78631533
489 421 97429407
873 249 94120392
120 341 90965273
8 113 0
602 305 87387335
311 695 0
732 859 88756064
985 904 99051988
491 397 0
414 251 95832468
468 251 29768140
641 11 46703510
159 64 39306191
253 196 17279016
841 949 73002178
439 881 34274301
620 910 0
184 556 48861340
598 568 0
843 185 54567477
448 486 0
541 761 0
488 891 98345291
62 517 32186339
621 959 0
737 225 87113520
94 14 0
894 456 18062678
975 161 75671221
486 185 32975237
441 11 32410829
827 602 56644806
129 474 7645812
458 369 0
133 953 331891
320 52 91670005
640 833 31039736
747 12 82261227
687 345 67539512
604 760 34541175
284 661 34222995
664 532 0
865 244 24472092
839 822 0
797 658 48649899
60 249 52490827
41 726 64414219
210 379 36683165
418 839 86843871
896 132 0
353 481 13532880
847 309 53811609
409 234 90380231
90 749 50908339
768 702 12044568
387 435 13747494
221 590 16639873
246 837 17726706
287 64 0
80 278 9836075
107 56 0
331 843 70390360
411 455 61200818
78 353 29686545
291 614 90645396
370 81 0
79 601 57675659
50 305 54153290
379 429 24314593
683 123 0
43 46 0
140 496 44748692
447 374 91111543
725 477 27956236
688 113 87395866
656 551 0
770 175 64896504
59 151 8898018
41 525 0
365 17 3155835
751 3 11692987
177 27 0
101 350 49752529
714 366 78856795
350 247 36234509
918 545 54162647
453 603 56825852
869 810 96978921
688 214 6121054
223 513 44905631
295 281 83565901
378 620 50913789
468 950 83615142
973 427 80153811
152 204 72222719
255 781 36340982
249 666 35558149
510 185 10480872
812 676 68457497
740 10 80614552
834 515 0
229 14 92665839
514 411 95682534
88 884 29167068
910 224 9535761
269 519 81725555
975 715 55708088
139 14 46582714
408 175 0
924 387 30899522
151 616 85756777
926 543 10176067
894 851 2018128
66 63 41162993
147 804 8806563
101 387 72530471
76 352 0
61 8 0
967 686 17867792
654 168 38732954
493 360 0
723 854 11320036
268 942 37401358
974 309 68308918
946 233 80606403
979 195 0
536 610 11599296
776 940 0
478 834 58754606
635 915 32763290
571 427 99754185
656 284 11515955
830 684 13938768
719 122 0
778 786 10483652
373 126 0
520 877 9163425
76 833 55097354
130 136 40850679
926 809 86793261
600 249 12816434
362 203 56844442
855 938 0
345 232 86077610
1 446 36539342
866 857 61076847
277 141 97339352
335 319 40416767
566 941 82349638
69 149 0
489 726 86587747
351 517 39465235
952 104 27798783
592 972 0
39 299 0
695 774 74118788
330 913 94405255
447 266 32495808
1000 14 34077033
459 413 31722057
107 151 0
682 654 87317617
116 995 49814759
56 933 55953547
747 766 0
430 276 0
280 144 10637997
99 319 0
543 32 607884
469 919 26641969
251 469 24845692
785 377 0
456 452 96479966
834 767 15293679
179 42 84189606
254 471 85058465
708 449 14928493
882 827 90063392
503 919 30256374
450 180 25721351
989 823 10399082
869 735 81405532
229 396 76221674
337 818 42607351
973 892 3679692
577 9 71293170
235 406 53320158
350 890 35116032
676 24 94832087
340 362 83287143
344 214 43495748
93 916 85436442
446 841 75375727
247 727 39334764
475 27 7880780
710 617 0
156 399 59331152
319 643 0
392 275 89993554
639 221 49916312
52 495 0
630 477 75493393
649 70 85386733
340 824 8743201
349 585 88682375
177 400 0
894 423 13724798
989 365 78776867
111 866 24312257
78 697 29295367
560 416 83144860
452 124 50273965
140 407 81789756
137 290 8107709
642 909 85707748
23 302 7025368
698 301 34006247
316 642 0
404 981 20447507
831 356 47228661
659 607 54798220
186 775 66211628
192 636 83184812
355 775 0
663 485 17599423
613 182 0
998 293 98849892
484 39 58281890
444 50 71125281
108 336 86198417
887 823 35328017
679 181 81083604
58 347 0
305 214 34841655
978 365 0
359 362 69186479
645 21 90406442
707 193 45301232
81 282 64660202
67 813 79523377
743 223 70019627
776 854 10033076
728 2 33893725
617 920 41740233
115 28 56424359
707 398 0
558 498 85616345
968 772 64438980
481 134 0
464 937 76478801
50 280 28709245
497 380 9619139
150 798 48077443
147 197 11248023
346 859 52988046
792 473 82016253
618 116 19260823
272 352 21500200
930 784 48328000
526 137 61317213
411 682 27451974
432 548 18928361
968 256 50453754
66 899 62192342
588 534 73442549
483 342 0
187 406 0
171 197 0
378 248 42713560
622 272 20190168
36 782 4743818
399 557 25339936
467 401 89260389
212 659 74800256
643 531 71653077
295 701 0
385 576 25918130
36 474 68476818
830 506 57956804
183 939 22369416
90 262 29101073
68 224 72826157
543 917 0
11 884 7543033
180 1 0
794 816 26222919
351 868 88738391
743 140 9066235
613 335 56118405
861 575 44581349
147 70 52196151
213 976 62623717
935 9 73409073
26 410 97613361
540 546 25927091
959 189 8822522
803 759 41148102
388 466 87955922
787 673 81800539
377 280 79860040
74 402 23321220
536 158 27356050
629 306 78881424
573 499 27492353
673 264 0
172 205 15740742
119 949 74615843
37 136 92680900
903 998 41820352
22 357 82824855
293 628 0
359 771 9480234
415 441 30948269
440 90 50016258
820 324 75809672
428 508 0
238 756 55240802
754 352 17150608
500 739 24951250
32 95 78657408
384 239 3190853
672 946 75813796
106 669 76538245
205 512 47024419
912 489 0
1 986 36050682
696 330 77624270
691 359 49874823
350 204 83777514
961 198 0
951 269 27054758
412 416 54798318
299 423 84112821
905 788 92207220
95 800 0
977 734 0
754 537 0
123 874 66564223
690 529 50449966
376 714 83509107
110 243 0
317 664 18672247
882 473 43354672
579 250 72604081
312 165 43998586
565 760 26227606
30 932 70768311
981 206 59263369
569 468 81226946
858 320 14908859
36 692 86677544
71 33 0
799 915 74795621
606 998 49370605
424 331 77701176
430 682 57842041
42 16 0
410 182 54369493
969 705 22113010
587 923 0
131 989 26445352
778 610 43086289
437 762 75987821
141 279 78115396
286 739 84989380
968 549 75746987
231 249 3567871
217 260 0
167 126 77672620
489 964 46631251
233 583 0
342 692 53679839
712 985 71105505
787 898 39260093
687 529 708087
101 494 11308750
870 950 82245390
992 333 73173262
539 854 4791789
337 590 47180877
254 854 43107208
212 93 0
886 602 88874072
514 588 7494458
917 510 85837731
41 945 80538276
694 700 9264190
193 202 6210360
662 514 0
611 6 13644766
771 117 88761455
832 380 56041311
332 349 97294773
817 207 24347581
584 40 83210631
537 483 46520977
243 891 98194087
841 421 62397755
746 403 4874280
93 453 53972376
562 453 0
622 968 0
897 282 2961933
493 114 20890278
414 404 47899116
33 594 0
65 462 0
678 744 81917201
439 824 29163234
54 838 0
178 706 47112894
998 486 33074230
54 733 8123990
192 968 25565194
342 434 56901756
919 241 55664719
113 918 9477774
488 869 65816312
600 478 5410384
932 519 25580704
115 79 17943894
355 861 41250766
954 827 71710592
215 319 97533508
299 900 4603995
112 474 56325675
109 232 0
169 31 14874566
943 130 0
937 896 47052327
323 24 72517815
103 403 0
937 652 49041161
542 585 20251275
114 39 72232525
223 766 86787193
515 314 61951999
951 839 95664744
133 53 0
354 428 0
875 897 84122719
263 345 88138822
78 580 0
59 502 81088730
611 317 75269338
520 593 24639235
343 123 97706812
160 341 93903813
962 736 0
197 671 66878620
736 855 67258429
973 888 806227
188 230 0
325 650 61995065
190 891 38504003
104 118 32525388
489 614 62402951
513 922 54549548
991 102 61376043
913 488 0
805 322 0
10 306 32648668
675 952 3829024
905 757 20342832
645 736 17411994
793 191 99384239
798 609 49803192
569 139 0
504 845 17484244
764 946 28678312
300 114 19816172
326 804 9027570
695 445 48575606
606 104 2112536
905 681 63218448
264 797 49226187
284 619 45768418
349 91 0
731 604 37674091
738 134 71702622
128 176 11352775
465 784 12185385
304 493 15874144
441 737 56887825
924 467 0
803 672 78886163
510 770 89511708
230 854 63573033
338 415 30193608
686 738 0
769 978 13765519
110 131 69791162
70 292 58213169
929 102 85009690
452 71 0
525 650 80249866
615 61 89027693
820 614 97650589
755 672 14075601
605 119 31739308
13 1 0
32 149 86157720
665 595 9282099
290 126 44392494
696 739 9516080
527 372 20213917
709 759 78528032
679 874 66265931
489 206 0
84 754 10784643
566 963 29130554
800 555 81182062
286 877 69600572
210 190 54804829
414 517 51092669
415 217 6468897
417 513 0
875 171 57433288
276 584 20138511
785 747 12675828
228 943 45700136
991 94 75293521
702 910 63509858
834 757 70161205
981 359 70193171
14 559 18284753
866 207 65435215
455 746 52502789
189 496 26477926
879 366 0
23 734 34616429
876 952 70604778
657 300 56820523
639 904 68817192
827 733 91551186
366 155 30297139
296 509 54816333
787 332 7825582
119 786 51931088
898 913 29742367
532 431 51277024
279 109 0
289 605 0
1 12 0
402 217 80546953
783 928 0
503 735 15833694
297 164 0
256 184 79742523
975 828 3216563
770 561 0
78 404 95913514
257 191 17655846
784 169 50737731
621 327 67216626
776 967 80687757
692 185 74411151
498 886 0
350 165 0
636 838 33846982
897 153 62499593
671 790 65536344
120 127 0
267 532 0
649 142 79544897
381 473 89973056
230 717 72145772
308 779 83074368
406 917 54204273
687 405 16211020
82 405 77969369
673 991 0
55 120 0
522 734 35976397
731 800 4938167
413 423 46375815
292 510 96838719
899 56 69443227
606 74 78310363
82 431 0
926 307 36150608
649 24 29032583
234 888 96046629
199 141 54096594
534 898 70768686
954 691 51070047
428 114 98021408
942 354 53834466
396 542 27298060
344 961 38502569
811 752 44364400
935 420 98741216
632 870 29812039
924 760 42093141
353 950 71231179
87 981 99208453
740 364 38152210
121 763 37623464
379 888 11387194
726 450 22924117
414 449 55841696
599 73 0
25 643 72452761
639 438 17210565
763 354 2470702
501 675 47713314
656 634 2549151
222 776 99966706
212 365 25227831
199 266 84240479
354 125 0
280 95 0
615 726 83333608
216 450 13392388
906 737 33226505
93 217 0
528 183 64751698
465 483 9061746
173 470 0
467 586 0
279 446 0
533 368 0
23 43 0
315 171 11886894
31 220 85416246
757 927 87966783
535 524 19375162
524 470 27279081
1000 269 6893077
813 774 21092663
234 721 10955345
619 229 14356976
605 982 98009652
747 225 87699020
603 508 0
696 266 84777948
991 672 56386098
737 855 90696540
544 699 58830826
950 356 19884385
219 55 93460727
161 138 49936593
279 605 29049307
367 982 79592381
830 190 48206930
844 896 94543670
389 660 79760184
146 921 91800703
783 99 0
440 487 88504043
997 84 91804886
725 104 58064773
991 902 60887622
825 700 57610694
945 813 61801705
726 149 49181240
153 684 37834293
417 175 26800768
74 729 81631814
949 46 0
852 243 48538785
246 524 50734456
928 643 84918064
804 152 84365554
20 161 73550559
17 80 0
712 567 43956471
865 278 92592466
875 157 55786337
540 382 0
863 154 6618827
205 752 66971373
170 145 6894843
454 378 54280305
654 963 41204465
620 639 61459902
567 347 16068806
358 583 47002352
37 157 89166460
684 33 26505890
211 326 30383734
217 280 95716423
725 600 28003476
958 161 834262
183 794 28103313
415 423 0
103 715 95891986
684 318 27919954
513 48 48327606
402 59 18363975
838 528 74111705
153 666 16665135
805 978 576013
351 9 39268066
9 235 52738475
536 665 57770420
287 512 12794222
73 290 15025811
749 590 0
575 978 48962579
104 96 0
841 918 0
376 862 80720963
424 238 65903166
83 499 0
687 10 30439153
743 606 14571713
259 776 0
656 725 9308576
486 834 66741862
440 938 128847
168 499 39282837
375 179 95131498
52 70 0
45 379 45609045
739 509 45648148
516 71 51190326
594 795 74731901
794 929 0
117 746 44209146
443 944 18637417
69 726 32704533
818 227 85269408
233 311 49376822
451 862 21352510
749 72 78673345
509 738 73224531
843 874 86679724
661 375 87225349
133 113 95194388
68 367 28072356
680 105 0
418 628 92907346
246 151 0
15 121 0
826 841 64353851
327 641 20017198
119 132 0
708 552 9698190
228 678 53093224
518 479 17452347
564 348 5025109
273 411 65708396
129 319 10932550
884 82 42927097
29 91 0
57 864 52438043
512 937 13783217
838 882 86664096
608 803 4134098
41 467 77606359
670 801 26387799
455 997 18744065
64 265 31642282
543 161 84190646
228 186 0
672 66 42922907
640 957 94740300
453 643 95312139
631 157 4470319
160 18 65977855
401 494 4557413
209 58 3265825
681 278 0
905 282 66431948
583 536 5940445
1 856 17348863
583 941 0
404 142 55979294
156 170 22592888
723 143 0
905 433 88388306
810 664 52840527
482 386 3415680
38 618 33153171
668 360 87222001
253 130 74590398
77 156 88057202
176 30 53629515
932 885 45601845
541 994 72948458
9 781 17690139
328 638 9298160
630 540 96609673
439 287 91839423
348 550 47076028
719 198 6037530
659 603 2978281
351 811 59831259
782 1 0
469 141 60640025
392 206 73307251
2 639 68425562
549 502 93960939
796 545 47078935
467 493 18474063
316 616 60146204
776 662 88491365
281 974 1911667
510 308 92931787
305 71 0
8 822 1976034
84 515 49229443
45 960 83773908
100 643 26963000
628 371 73449829
667 451 0
536 428 24193839
968 805 34881859
293 61 0
84 776 88025075
734 542 0
504 558 60576724
953 998 76689332
320 869 66522769
982 424 45974005
193 565 0
435 45 0
130 75 56103103
62 161 84965791
971 343 44768585
955 695 29682056
388 348 77870876
404 635 39394194
621 475 0
730 486 33391268
827 669 0
258 347 23642436
101 681 17184386
446 347 65331161
331 532 76014609
526 553 59542061
693 880 45325568
1 39 0
782 427 78979672
727 90 7865310
196 319 15100544
246 429 1902241
378 239 0
96 453 0
409 659 80524230
576 487 35620715
26 878 32018671
614 558 30375344
6 372 65341874
603 873 66772445
683 146 71476363
413 935 0
822 193 38637216
752 727 62997662
691 703 80185154
912 976 84116268
99 147 0
71 333 0
875 947 21516706
928 742 13046424
942 872 24429115
668 909 71302785
647 682 27849552
575 134 33185411
346 350 18055344
165 211 476631
391 153 0
859 418 15777004
693 478 0
119 983 94784079
623 150 7541682
334 397 37462832
364 47 0
414 216 76321186
44 462 88477737
941 1000 97076887
474 117 0
618 538 83083153
401 660 72420457
580 368 48167551
788 803 80490364
991 524 91021798
416 788 9501838
676 880 59049345
75 241 43303453
22 67 0
536 940 77797344
244 956 6953880
183 683 63217580
129 220 31931652
281 483 4463084
94 202 0
382 386 0
773 363 0
486 986 28229981
930 551 0
912 672 14099363
68 151 23939537
111 872 76520110
760 239 0
496 647 0
551 12 43283924
63 110 7706148
615 93 6072902
328 23 0
158 228 60241344
222 122 81118563
880 197 54882120
1000
169538 291 169538
250082 58 250082
481061 907 481061
542190 377 542190
553479 774 553479
566392 338 566392
604081 162 604081
713739 655 713739
714318 923 714318
843538 799 843538
1032062 516 1032062
1251375 638 1251375
1282455 980 1282455
1355454 3 1355454
1570591 208 1570591
1661954 408 1661954
1984253 496 1984253
2089184 762 2089184
2125491 922 2125491
2175610 38 2175610
2230715 445 2230715
2261932 331 2261932
2268694 745 2268694
2343914 124 2343914
2345971 451 2345971
2633956 140 2633956
2650690 827 2650690
3275308 301 3275308
3312818 978 3312818
3486587 993 3486587
3502179 812 3502179
3629130 764 3629130
3820489 772 3820489
3889119 940 3889119
4036902 213 4036902
4084144 938 4084144
4147939 562 4147939
4206720 302 4206720
4232842 286 4232842
4278981 282 4278981
4286569 868 4286569
4307596 887 4307596
4571798 315 4571798
4606280 915 4606280
4608781 186 4608781
4621106 362 4621106
4683388 405 4683388
4728384 255 4728384
4878800 513 4878800
5040788 429 5040788
5143210 971 5143210
5143434 425 5143434
5235305 719 5235305
5236390 498 5236390
5351326 642 5351326
5427102 148 5427102
5556522 435 5556522
5588850 43 5588850
5595893 706 5595893
5663846 270 5663846
5687268 273 5687268
5959797 151 5959797
5988065 871 5988065
6152600 808 6152600
6168495 384 6168495
6184299 220 6184299
6337685 610 6337685
6355879 558 6355879
6466375 591 6466375
6637262 87 6637262
6675316 719 6675316
6710623 98 6710623
6756190 499 6756190
6836121 17 6836121
6924517 342 6924517
7098933 195 7098933
7107489 638 7107489
7235643 908 7235643
7328995 112 7328995
7828703 470 7828703
8186247 427 8186247
8374875 20 8374875
8440582 795 8440582
8607418 986 8607418
8700871 685 8700871
8739107 279 8739107
8785568 341 8785568
8816416 846 8816416
8847917 144 8847917
8860302 619 8860302
9204209 260 9204209
9232779 33 9232779
9334026 603 9334026
9453549 479 9453549
9490024 790 9490024
9495519 255 9495519
9513859 29 9513859
9566328 690 9566328
9577705 503 9577705
9629160 435 9629160
9656119 656 9656119
9810070 831 9810070
9811415 627 9811415
9927427 684 9927427
10097613 695 10097613
10285424 657 10285424
10358818 176 10358818
10521691 311 10521691
10565459 568 10565459
10711935 809 10711935
10720029 228 10720029
10758466 305 10758466
10802126 484 10802126
10941190 606 10941190
10967611 277 10967611
11304377 266 11304377
11357629 983 11357629
11362126 804 11362126
11535997 939 11535997
11847822 998 11847822
11862724 948 11862724
11904992 481 11904992
12131046 112 12131046
12434790 555 12434790
12505733 720 12505733
12612670 121 12612670
12625645 211 12625645
12661266 709 12661266
12710974 400 12710974
12762977 261 12762977
13088906 740 13088906
13133790 597 13133790
13166909 700 13166909
13224829 962 13224829
13306171 190 13306171
13355918 922 13355918
13451981 740 13451981
13597631 464 13597631
14154029 310 14154029
14272966 808 14272966
14388863 945 14388863
14417984 689 14417984
14444191 641 14444191
14452558 427 14452558
14538800 638 14538800
14551361 949 14551361
14597755 605 14597755
14662579 385 14662579
14758810 604 14758810
14927640 903 14927640
14952688 376 14952688
14959029 886 14959029
14961291 102 14961291
15024592 862 15024592
15025112 491 15025112
15056815 717 15056815
15163145 870 15163145
15216955 313 15216955
15303554 290 15303554
15431198 589 15431198
15450276 868 15450276
15585025 636 15585025
15615924 592 15615924
15845504 505 15845504
15917162 707 15917162
16059818 168 16059818
16100504 311 16100504
16153108 102 16153108
16192178 418 16192178
16210973 950 16210973
16300048 672 16300048
16381317 106 16381317
16428101 452 16428101
16513333 222 16513333
16587466 899 16587466
16811594 777 16811594
16925676 81 16925676
17258354 42 17258354
17261457 648 17261457
17424536 453 17424536
17429124 331 17429124
17658304 197 17658304
17682202 62 17682202
17694610 843 17694610
17839969 551 17839969
18116397 374 18116397
18151058 866 18151058
18253243 936 18253243
18336998 18 18336998
18469566 145 18469566
18549391 827 18549391
18679332 591 18679332
18844264 667 18844264
18889499 22 18889499
18906933 40 18906933
18956187 925 18956187
18983049 603 18983049
19029874 711 19029874
19345266 247 19345266
19372293 307 19372293
19424333 45 19424333
19444545 881 19444545
19448003 305 19448003
19514371 889 19514371
20040133 945 20040133
20557903 827 20557903
20780812 200 20780812
20873505 14 20873505
20905804 423 20905804
21005256 845 21005256
21034145 181 21034145
21251331 82 21251331
21408397 417 21408397
21428734 480 21428734
21465421 546 21465421
21597025 802 21597025
21725830 228 21725830
21969063 517 21969063
22033178 148 22033178
22207270 113 22207270
22443580 116 22443580
22447974 979 22447974
22456248 132 22456248
22562817 862 22562817
22684818 6 22684818
22841710 485 22841710
22906400 56 22906400
23125657 265 23125657
23166258 880 23166258
23254820 749 23254820
23367020 368 23367020
23431628 408 23431628
23444279 896 23444279
23508263 870 23508263
23598972 56 23598972
23632148 213 23632148
23845554 939 23845554
23915516 500 23915516
23968896 640 23968896
23987390 961 23987390
23990803 380 23990803
24174373 951 24174373
24251203 252 24251203
24299617 930 24299617
24308641 847 24308641
24372185 669 24372185
24439056 479 24439056
24451912 422 24451912
24459892 779 24459892
24521232 896 24521232
24600280 989 24600280
24876989 828 24876989
25029042 299 25029042
25239996 744 25239996
25288712 253 25288712
25461330 631 25461330
26013223 468 26013223
26036830 266 26036830
26101980 451 26101980
26123316 858 26123316
26465131 490 26465131
26512136 257 26512136
26552669 984 26552669
26884743 902 26884743
27051160 457 27051160
27135880 374 27135880
27148678 450 27148678
27223628 49 27223628
27262692 254 27262692
27347074 291 27347074
27562001 629 27562001
27583215 602 27583215
27769539 706 27769539
27781173 535 27781173
27854995 162 27854995
27990057 505 27990057
28190310 313 28190310
28381275 694 28381275
28453905 313 28453905
28534378 445 28534378
28553198 613 28553198
28681205 585 28681205
28692556 586 28692556
28750347 689 28750347
28784344 846 28784344
28828512 763 28828512
28837485 498 28837485
29054931 212 29054931
29087248 194 29087248
29142726 684 29142726
29331460 423 29331460
29428148 409 29428148
29528173 71 29528173
29557721 919 29557721
29570441 783 29570441
29631826 577 29631826
29772680 688 29772680
29832707 695 29832707
29854877 866 29854877
30419124 456 30419124
30636550 100 30636550
30649702 110 30649702
30740656 178 30740656
31067835 555 31067835
31087134 422 31087134
31094150 108 31094150
31221687 199 31221687
31345404 224 31345404
31779125 236 31779125
31814514 171 31814514
31862266 925 31862266
31875949 821 31875949
31971979 18 31971979
32171021 111 32171021
32289961 976 32289961
32358947 154 32358947
32396643 7 32396643
32496631 720 32496631
32507173 649 32507173
32691123 112 32691123
32708089 463 32708089
32724192 84 32724192
32785370 269 32785370
32790713 947 32790713
33046935 582 33046935
33131380 578 33131380
33137396 881 33137396
33164116 930 33164116
33269451 316 33269451
33358700 515 33358700
33615531 429 33615531
33684331 424 33684331
33829381 541 33829381
33848835 898 33848835
33912016 414 33912016
34373119 508 34373119
34397898 794 34397898
34546308 24 34546308
34635028 837 34635028
34870392 690 34870392
34890943 737 34890943
35003604 169 35003604
35098552 345 35098552
35378502 110 35378502
35545158 350 35545158
35659146 70 35659146
35878150 768 35878150
35878196 827 35878196
36064784 15 36064784
36075640 815 36075640
36130719 820 36130719
36179911 636 36179911
36266801 893 36266801
36302169 907 36302169
36417570 670 36417570
36502980 219 36502980
36607038 24 36607038
36965205 55 36965205
36989510 111 36989510
37056893 416 37056893
37230936 863 37230936
37428443 545 37428443
37430826 45 37430826
37604555 674 37604555
37644766 254 37644766
37712004 517 37712004
37756553 648 37756553
37864443 582 37864443
37959800 546 37959800
38252622 22 38252622
38275603 997 38275603
38452025 778 38452025
38583797 298 38583797
38623530 180 38623530
38664848 863 38664848
38708036 372 38708036
38766169 966 38766169
38858742 123 38858742
38860934 696 38860934
39014827 96 39014827
39458949 443 39458949
39487902 331 39487902
39764678 100 39764678
39767302 928 39767302
39859348 950 39859348
40048484 510 40048484
40102931 220 40102931
40364781 974 40364781
40383324 865 40383324
40442077 833 40442077
40454931 796 40454931
40557081 105 40557081
40959103 35 40959103
41032368 556 41032368
41037909 102 41037909
41134759 534 41134759
41211058 448 41211058
41354168 260 41354168
41522809 577 41522809
41554789 669 41554789
41618357 992 41618357
41788634 376 41788634
41810527 323 41810527
41823756 600 41823756
41926843 441 41926843
41985997 723 41985997
42207230 372 42207230
42431805 508 42431805
42633871 726 42633871
42776155 303 42776155
42915191 892 42915191
43129036 632 43129036
43231749 744 43231749
43283039 749 43283039
43290968 326 43290968
43292067 93 43292067
43373709 912 43373709
43414150 285 43414150
43550633 434 43550633
43558438 491 43558438
43689506 261 43689506
43791203 228 43791203
43846036 245 43846036
43904087 696 43904087
43939382 427 43939382
44090865 43 44090865
44204585 117 44204585
44244736 498 44244736
44338664 64 44338664
44661176 550 44661176
44671890 301 44671890
44768247 136 44768247
44856684 552 44856684
44956522 939 44956522
44994716 117 44994716
45013260 888 45013260
45070409 386 45070409
45166465 946 45166465
45235752 535 45235752
45272436 524 45272436
45307887 995 45307887
45319610 232 45319610
45324475 665 45324475
45337538 732 45337538
45388063 793 45388063
45410706 874 45410706
45427760 475 45427760
45632005 922 45632005
45665444 757 45665444
45666749 344 45666749
45879531 409 45879531
45918788 630 45918788
45937589 123 45937589
46016952 855 46016952
46193675 714 46193675
46199975 767 46199975
46348905 63 46348905
46378057 594 46378057
46554613 670 46554613
46568555 468 46568555
46720820 801 46720820
47246451 617 47246451
47270170 425 47270170
47448719 235 47448719
47590007 118 47590007
47980879 552 47980879
48033155 793 48033155
48065036 425 48065036
48086414 61 48086414
48148069 497 48148069
48212979 494 48212979
48290493 19 48290493
48317126 110 48317126
48332840 588 48332840
48348988 14 48348988
48398972 16 48398972
48434605 257 48434605
48518830 438 48518830
48685897 333 48685897
48805120 405 48805120
48908340 838 48908340
48918825 192 48918825
48927260 214 48927260
48967059 888 48967059
48998548 718 48998548
49067265 620 49067265
49101744 206 49101744
49308503 600 49308503
49447638 370 49447638
49496905 127 49496905
49605309 857 49605309
49685138 428 49685138
49704694 884 49704694
49771609 417 49771609
49796920 289 49796920
49799189 371 49799189
49842081 825 49842081
49843119 538 49843119
49853032 732 49853032
49936322 928 49936322
50002465 246 50002465
50018282 218 50018282
50135872 440 50135872
50222018 158 50222018
50462130 726 50462130
50610413 338 50610413
50660211 149 50660211
50799313 416 50799313
51117353 450 51117353
51174834 698 51174834
51275271 916 51275271
51289414 889 51289414
51338530 556 51338530
51431602 414 51431602
51497537 328 51497537
51587669 805 51587669
52003586 823 52003586
52133242 368 52133242
52308773 379 52308773
52496225 6 52496225
52527233 491 52527233
52649711 22 52649711
52749663 957 52749663
52888227 754 52888227
53305440 327 53305440
53767701 931 53767701
53783745 914 53783745
53847197 368 53847197
53918744 360 53918744
53941418 981 53941418
54063926 524 54063926
54094203 365 54094203
54192700 673 54192700
54206945 113 54206945
54532952 187 54532952
54729322 236 54729322
54734922 337 54734922
54877421 798 54877421
55012156 233 55012156
55032917 851 55032917
55109377 989 55109377
55138424 424 55138424
55407690 4 55407690
55549987 130 55549987
55565344 261 55565344
55602166 593 55602166
55648335 122 55648335
55735106 974 55735106
55898870 239 55898870
56126730 554 56126730
56275598 449 56275598
56295391 482 56295391
56485593 830 56485593
56531610 48 56531610
56543310 592 56543310
56596649 483 56596649
56617115 112 56617115
56634834 2 56634834
56640843 926 56640843
56817737 426 56817737
56938953 805 56938953
56974872 918 56974872
57142920 89 57142920
57186927 204 57186927
57417443 310 57417443
57446348 101 57446348
57511431 13 57511431
57545554 781 57545554
57795146 649 57795146
57828388 732 57828388
57838233 371 57838233
57878561 277 57878561
57904885 569 57904885
57978792 863 57978792
58147997 835 58147997
58199323 185 58199323
58357838 90 58357838
58470703 630 58470703
58499047 385 58499047
58521483 941 58521483
58686232 584 58686232
58945038 482 58945038
59107927 341 59107927
59235490 426 59235490
59351260 699 59351260
59417837 767 59417837
59420088 501 59420088
59610594 541 59610594
59875888 308 59875888
59952572 836 59952572
60024151 557 60024151
60191468 7 60191468
60252197 620 60252197
60346420 318 60346420
60621083 420 60621083
60847701 100 60847701
61125869 925 61125869
61365332 547 61365332
61430739 95 61430739
61450053 642 61450053
61486358 89 61486358
61502031 510 61502031
61514307 252 61514307
61578793 486 61578793
61761644 454 61761644
61793391 690 61793391
61883514 761 61883514
61926635 431 61926635
61951765 803 61951765
62087669 782 62087669
62154561 782 62154561
62179183 575 62179183
62375668 305 62375668
62445147 8 62445147
62447737 949 62447737
62453948 196 62453948
62648609 128 62648609
62831560 965 62831560
62833592 700 62833592
62838392 915 62838392
62923404 400 62923404
62930933 909 62930933
62954904 599 62954904
62990708 281 62990708
63466089 448 63466089
63639486 489 63639486
63734442 755 63734442
63819715 462 63819715
63942735 405 63942735
64097880 219 64097880
64155114 804 64155114
64266085 122 64266085
64273345 885 64273345
64283345 956 64283345
64363640 848 64363640
64376086 695 64376086
64590507 502 64590507
64603926 417 64603926
64637074 139 64637074
65003854 54 65003854
65021991 224 65021991
65121633 352 65121633
65305722 81 65305722
65329635 128 65329635
65337989 730 65337989
65339240 297 65339240
65379407 562 65379407
65468150 685 65468150
65483142 923 65483142
65576377 332 65576377
65602340 784 65602340
65680225 235 65680225
65932141 554 65932141
65965304 95 65965304
66054143 321 66054143
66232099 697 66232099
66360847 652 66360847
66401476 433 66401476
66493147 81 66493147
66711631 461 66711631
66804280 832 66804280
67025278 724 67025278
67051965 746 67051965
67090553 188 67090553
67258807 427 67258807
67299348 621 67299348
67409369 345 67409369
67523738 656 67523738
67550865 473 67550865
67586402 306 67586402
67673843 542 67673843
67776018 198 67776018
67819293 208 67819293
67820503 391 67820503
67905590 834 67905590
67906174 281 67906174
67930563 76 67930563
67970993 395 67970993
67973212 693 67973212
67986535 881 67986535
68043223 288 68043223
68061667 758 68061667
68107899 603 68107899
68181522 958 68181522
68257514 630 68257514
68257792 945 68257792
68458726 611 68458726
68487552 950 68487552
68492926 409 68492926
68505923 401 68505923
68599792 882 68599792
68799368 989 68799368
69009894 398 69009894
69052630 279 69052630
69373459 248 69373459
69456581 106 69456581
69577979 427 69577979
69585750 945 69585750
69728271 26 69728271
69809093 305 69809093
69869771 906 69869771
69998646 529 69998646
70336275 789 70336275
70526557 591 70526557
70529782 45 70529782
70562886 399 70562886
70602023 194 70602023
70976828 298 70976828
71003147 363 71003147
71005178 49 71005178
71150168 609 71150168
71301943 269 71301943
71310106 293 71310106
71500819 292 71500819
71771085 320 71771085
71825196 213 71825196
71834043 511 71834043
71890341 945 71890341
72066736 972 72066736
72121351 178 72121351
72127140 24 72127140
72253019 582 72253019
72288791 738 72288791
72302036 285 72302036
72314376 983 72314376
72438218 277 72438218
72501442 90 72501442
72511331 271 72511331
72578481 646 72578481
72874681 997 72874681
73051549 898 73051549
73115510 15 73115510
73203922 877 73203922
73390011 759 73390011
73390784 61 73390784
73505432 649 73505432
73595119 132 73595119
73613546 376 73613546
73695954 95 73695954
73714358 856 73714358
73860461 796 73860461
74324254 258 74324254
74378103 791 74378103
74768438 431 74768438
75128896 306 75128896
75278600 602 75278600
75314977 819 75314977
75506766 125 75506766
75607357 526 75607357
75639794 457 75639794
75641426 9 75641426
75688136 726 75688136
75891662 701 75891662
76156332 797 76156332
76351775 648 76351775
76415225 567 76415225
76518294 973 76518294
76532773 273 76532773
76670408 535 76670408
76711054 622 76711054
76738568 241 76738568
76798031 136 76798031
76801615 536 76801615
76872729 708 76872729
76975466 316 76975466
77299134 170 77299134
77485552 669 77485552
77507106 348 77507106
77533763 122 77533763
77646485 401 77646485
77809226 144 77809226
77964620 292 77964620
77980176 693 77980176
78104932 78 78104932
78124566 93 78124566
78142808 186 78142808
78169078 62 78169078
78201015 589 78201015
78351973 649 78351973
78494132 831 78494132
78632013 425 78632013
78795722 956 78795722
78851856 821 78851856
78918528 590 78918528
78937629 188 78937629
79119626 123 79119626
79169292 777 79169292
79244024 824 79244024
79256384 972 79256384
79294539 145 79294539
79668655 147 79668655
79743514 913 79743514
79937660 400 79937660
80018786 954 80018786
80333844 696 80333844
80341322 168 80341322
80449556 648 80449556
80502278 668 80502278
80689046 583 80689046
80710266 603 80710266
80710519 19 80710519
80881335 424 80881335
80963973 103 80963973
80971176 863 80971176
80977250 873 80977250
81044829 490 81044829
81044844 837 81044844
81083079 697 81083079
81158762 388 81158762
81348872 268 81348872
81496241 15 81496241
81601487 286 81601487
81617753 606 81617753
81708795 578 81708795
81800671 624 81800671
81802255 812 81802255
81960053 901 81960053
82069642 73 82069642
82114868 292 82114868
82182942 885 82182942
82243170 116 82243170
82283981 413 82283981
82431251 506 82431251
82575878 91 82575878
82779389 684 82779389
82960381 738 82960381
82961721 249 82961721
83046580 659 83046580
83122746 946 83122746
83205820 675 83205820
83255046 693 83255046
83265811 831 83265811
83314481 820 83314481
83620584 800 83620584
83652054 274 83652054
83737203 506 83737203
83781186 21 83781186
83810159 823 83810159
84050235 743 84050235
84116256 466 84116256
84169675 829 84169675
84255720 883 84255720
84408599 191 84408599
84449422 521 84449422
84485736 41 84485736
84868707 167 84868707
85048319 721 85048319
85079508 844 85079508
85234505 113 85234505
85714201 703 85714201
85862721 560 85862721
85970140 131 85970140
86366935 893 86366935
86391261 224 86391261
86739571 789 86739571
86906697 301 86906697
87014807 355 87014807
87143420 564 87143420
87157400 917 87157400
87234497 507 87234497
87261075 609 87261075
87261715 732 87261715
87717759 381 87717759
87727943 219 87727943
87865657 56 87865657
87869896 963 87869896
87921557 97 87921557
87928276 861 87928276
88149982 297 88149982
88222523 422 88222523
88244440 908 88244440
88337801 324 88337801
88360044 422 88360044
88612924 405 88612924
88864780 810 88864780
88980810 245 88980810
89003219 825 89003219
89105166 654 89105166
89244119 363 89244119
89270177 714 89270177
89299227 641 89299227
89313803 329 89313803
89325279 456 89325279
89388568 975 89388568
89623004 412 89623004
89652117 626 89652117
89736308 956 89736308
89789417 177 89789417
89851221 677 89851221
89912224 383 89912224
89956811 799 89956811
89975941 417 89975941
89996565 443 89996565
90078431 689 90078431
90215282 431 90215282
90285157 311 90285157
90410005 687 90410005
90598450 138 90598450
90677151 85 90677151
90869219 89 90869219
90950788 382 90950788
91079253 316 91079253
91081136 171 91081136
91138789 610 91138789
91393998 272 91393998
91418492 137 91418492
91493524 71 91493524
91528005 940 91528005
91618367 212 91618367
91864221 972 91864221
91885971 809 91885971
91905322 676 91905322
91959673 973 91959673
92095499 191 92095499
92119064 527 92119064
92477691 372 92477691
93120959 354 93120959
93176947 532 93176947
93180059 109 93180059
93205501 792 93205501
93489341 624 93489341
93673300 811 93673300
93863206 665 93863206
93955098 253 93955098
93966115 312 93966115
94129390 324 94129390
94309834 904 94309834
94339732 155 94339732
94356221 842 94356221
94551427 423 94551427
94616856 519 94616856
94720562 229 94720562
94836627 863 94836627
94925127 448 94925127
95072211 680 95072211
95133742 313 95133742
95137238 87 95137238
95140626 112 95140626
95336844 259 95336844
95346479 788 95346479
95425825 567 95425825
95441769 382 95441769
95528410 644 95528410
95573405 94 95573405
95628073 890 95628073
95652779 653 95652779
95707058 334 95707058
95776246 700 95776246
95812933 259 95812933
95864975 701 95864975
95935757 641 95935757
96060880 844 96060880
96079560 617 96079560
96265607 204 96265607
96418348 951 96418348
96432975 863 96432975
96523106 608 96523106
96623857 537 96623857
96737876 401 96737876
96768269 583 96768269
96835734 765 96835734
96909854 786 96909854
96969368 152 96969368
97020082 967 97020082
97146581 969 97146581
97163107 624 97163107
97199975 379 97199975
97254233 329 97254233
97451494 617 97451494
97468277 337 97468277
97565270 18 97565270
97680294 60 97680294
97707143 105 97707143
97707896 926 97707896
97849179 537 97849179
97890110 678 97890110
98155630 685 98155630
98202645 29 98202645
98203078 100 98203078
98272130 699 98272130
98557901 420 98557901
98704767 332 98704767
98710454 844 98710454
98769873 553 98769873
98865702 752 98865702
98979689 117 98979689
99123839 778 99123839
99124088 364 99124088
99322548 307 99322548
99342344 480 99342344
99412318 407 99412318
99427722 107 99427722
99461965 318 99461965
99552644 119 99552644
99571755 103 99571755
99599890 683 99599890
99623653 658 99623653
99678882 525 99678882
99761399 983 99761399
99993553 698 99993553
