1000 999
323 324 100000000
371 372 100000000
676 677 100000000
137 138 100000000
962 963 100000000
153 154 100000000
855 856 100000000
957 958 100000000
180 181 100000000
374 375 100000000
278 279 100000000
497 498 100000000
438 439 100000000
264 265 100000000
807 808 100000000
270 271 100000000
694 695 100000000
638 639 100000000
830 831 100000000
500 501 100000000
407 408 100000000
413 414 100000000
534 535 100000000
690 691 100000000
805 806 100000000
677 678 100000000
942 943 100000000
739 740 100000000
803 804 100000000
794 795 100000000
519 520 100000000
924 925 100000000
284 285 100000000
7 8 100000000
558 559 100000000
451 452 100000000
899 900 100000000
845 846 100000000
22 23 100000000
857 858 100000000
353 354 100000000
660 661 100000000
414 415 100000000
424 425 100000000
316 317 100000000
58 59 100000000
646 647 100000000
986 987 100000000
388 389 100000000
462 463 100000000
591 592 100000000
66 67 100000000
665 666 100000000
913 914 100000000
948 949 100000000
734 735 100000000
13 14 100000000
237 238 100000000
477 478 100000000
908 909 100000000
886 887 100000000
541 542 100000000
492 493 100000000
493 494 100000000
992 993 100000000
972 973 100000000
305 306 100000000
858 859 100000000
321 322 100000000
350 351 100000000
817 818 100000000
810 811 100000000
843 844 100000000
45 46 100000000
627 628 100000000
326 327 100000000
283 284 100000000
459 460 100000000
844 845 100000000
361 362 100000000
206 207 100000000
2 3 100000000
884 885 100000000
951 952 100000000
640 641 100000000
337 338 100000000
530 531 100000000
565 566 100000000
152 153 100000000
496 497 100000000
415 416 100000000
525 526 100000000
969 970 100000000
932 933 100000000
498 499 100000000
313 314 100000000
705 706 100000000
502 503 100000000
663 664 100000000
495 496 100000000
922 923 100000000
124 125 100000000
528 529 100000000
619 620 100000000
856 857 100000000
165 166 100000000
258 259 100000000
9 10 100000000
892 893 100000000
626 627 100000000
578 579 100000000
586 587 100000000
851 852 100000000
836 837 100000000
72 73 100000000
762 763 100000000
781 782 100000000
566 567 100000000
60 61 100000000
221 222 100000000
233 234 100000000
226 227 100000000
875 876 100000000
585 586 100000000
306 307 100000000
574 575 100000000
652 653 100000000
95 96 100000000
185 186 100000000
508 509 100000000
719 720 100000000
890 891 100000000
427 428 100000000
609 610 100000000
514 515 100000000
604 605 100000000
224 225 100000000
736 737 100000000
593 594 100000000
636 637 100000000
123 124 100000000
120 121 100000000
740 741 100000000
654 655 100000000
219 220 100000000
235 236 100000000
889 890 100000000
24 25 100000000
976 977 100000000
128 129 100000000
164 165 100000000
763 764 100000000
702 703 100000000
806 807 100000000
793 794 100000000
641 642 100000000
907 908 100000000
783 784 100000000
308 309 100000000
472 473 100000000
28 29 100000000
917 918 100000000
108 109 100000000
479 480 100000000
246 247 100000000
315 316 100000000
456 457 100000000
117 118 100000000
994 995 100000000
389 390 100000000
195 196 100000000
605 606 100000000
377 378 100000000
789 790 100000000
132 133 100000000
650 651 100000000
785 786 100000000
384 385 100000000
863 864 100000000
601 602 100000000
10 11 100000000
355 356 100000000
366 367 100000000
43 44 100000000
208 209 100000000
67 68 100000000
742 743 100000000
379 380 100000000
253 254 100000000
431 432 100000000
370 371 100000000
299 300 100000000
398 399 100000000
778 779 100000000
991 992 100000000
970 971 100000000
170 171 100000000
864 865 100000000
556 557 100000000
929 930 100000000
617 618 100000000
533 534 100000000
510 511 100000000
29 30 100000000
745 746 100000000
406 407 100000000
231 232 100000000
457 458 100000000
209 210 100000000
877 878 100000000
682 683 100000000
775 776 100000000
482 483 100000000
860 861 100000000
277 278 100000000
542 543 100000000
343 344 100000000
359 360 100000000
513 514 100000000
130 131 100000000
741 742 100000000
449 450 100000000
979 980 100000000
517 518 100000000
458 459 100000000
509 510 100000000
445 446 100000000
293 294 100000000
129 130 100000000
846 847 100000000
743 744 100000000
647 648 100000000
307 308 100000000
245 246 100000000
187 188 100000000
910 911 100000000
96 97 100000000
536 537 100000000
512 513 100000000
470 471 100000000
155 156 100000000
887 888 100000000
357 358 100000000
590 591 100000000
760 761 100000000
819 820 100000000
499 500 100000000
190 191 100000000
692 693 100000000
624 625 100000000
273 274 100000000
339 340 100000000
133 134 100000000
266 267 100000000
730 731 100000000
324 325 100000000
417 418 100000000
571 572 100000000
831 832 100000000
491 492 100000000
196 197 100000000
453 454 100000000
936 937 100000000
487 488 100000000
990 991 100000000
943 944 100000000
570 571 100000000
46 47 100000000
216 217 100000000
506 507 100000000
535 536 100000000
511 512 100000000
188 189 100000000
684 685 100000000
335 336 100000000
267 268 100000000
988 989 100000000
909 910 100000000
331 332 100000000
704 705 100000000
768 769 100000000
898 899 100000000
61 62 100000000
634 635 100000000
485 486 100000000
126 127 100000000
91 92 100000000
34 35 100000000
906 907 100000000
567 568 100000000
176 177 100000000
680 681 100000000
693 694 100000000
960 961 100000000
995 996 100000000
232 233 100000000
322 323 100000000
568 569 100000000
600 601 100000000
849 850 100000000
573 574 100000000
27 28 100000000
3 4 100000000
801 802 100000000
802 803 100000000
594 595 100000000
695 696 100000000
399 400 100000000
140 141 100000000
554 555 100000000
963 964 100000000
800 801 100000000
158 159 100000000
302 303 100000000
334 335 100000000
14 15 100000000
490 491 100000000
698 699 100000000
461 462 100000000
229 230 100000000
655 656 100000000
309 310 100000000
211 212 100000000
503 504 100000000
20 21 100000000
792 793 100000000
622 623 100000000
854 855 100000000
790 791 100000000
880 881 100000000
616 617 100000000
575 576 100000000
437 438 100000000
295 296 100000000
820 821 100000000
395 396 100000000
146 147 100000000
402 403 100000000
281 282 100000000
587 588 100000000
701 702 100000000
947 948 100000000
901 902 100000000
205 206 100000000
939 940 100000000
476 477 100000000
19 20 100000000
515 516 100000000
59 60 100000000
808 809 100000000
662 663 100000000
364 365 100000000
614 615 100000000
589 590 100000000
732 733 100000000
623 624 100000000
26 27 100000000
448 449 100000000
251 252 100000000
93 94 100000000
642 643 100000000
144 145 100000000
871 872 100000000
79 80 100000000
92 93 100000000
722 723 100000000
183 184 100000000
228 229 100000000
815 816 100000000
310 311 100000000
870 871 100000000
821 822 100000000
298 299 100000000
769 770 100000000
862 863 100000000
953 954 100000000
319 320 100000000
18 19 100000000
804 805 100000000
168 169 100000000
51 52 100000000
21 22 100000000
853 854 100000000
81 82 100000000
749 750 100000000
338 339 100000000
227 228 100000000
770 771 100000000
621 622 100000000
659 660 100000000
761 762 100000000
118 119 100000000
669 670 100000000
630 631 100000000
872 873 100000000
726 727 100000000
73 74 100000000
157 158 100000000
304 305 100000000
279 280 100000000
959 960 100000000
786 787 100000000
981 982 100000000
539 540 100000000
620 621 100000000
523 524 100000000
599 600 100000000
320 321 100000000
667 668 100000000
32 33 100000000
524 525 100000000
94 95 100000000
385 386 100000000
6 7 100000000
689 690 100000000
547 548 100000000
332 333 100000000
615 616 100000000
735 736 100000000
213 214 100000000
39 40 100000000
916 917 100000000
648 649 100000000
312 313 100000000
210 211 100000000
330 331 100000000
934 935 100000000
329 330 100000000
40 41 100000000
186 187 100000000
765 766 100000000
372 373 100000000
428 429 100000000
603 604 100000000
610 611 100000000
200 201 100000000
555 556 100000000
300 301 100000000
744 745 100000000
867 868 100000000
49 50 100000000
703 704 100000000
167 168 100000000
675 676 100000000
454 455 100000000
632 633 100000000
450 451 100000000
538 539 100000000
401 402 100000000
989 990 100000000
954 955 100000000
835 836 100000000
162 163 100000000
400 401 100000000
881 882 100000000
852 853 100000000
501 502 100000000
612 613 100000000
900 901 100000000
432 433 100000000
608 609 100000000
931 932 100000000
561 562 100000000
671 672 100000000
649 650 100000000
171 172 100000000
259 260 100000000
946 947 100000000
347 348 100000000
731 732 100000000
173 174 100000000
888 889 100000000
116 117 100000000
859 860 100000000
985 986 100000000
721 722 100000000
392 393 100000000
136 137 100000000
239 240 100000000
592 593 100000000
961 962 100000000
754 755 100000000
56 57 100000000
826 827 100000000
827 828 100000000
101 102 100000000
202 203 100000000
430 431 100000000
562 563 100000000
532 533 100000000
971 972 100000000
729 730 100000000
181 182 100000000
796 797 100000000
64 65 100000000
938 939 100000000
841 842 100000000
17 18 100000000
941 942 100000000
87 88 100000000
110 111 100000000
748 749 100000000
103 104 100000000
784 785 100000000
940 941 100000000
489 490 100000000
709 710 100000000
429 430 100000000
383 384 100000000
823 824 100000000
688 689 100000000
904 905 100000000
317 318 100000000
291 292 100000000
549 550 100000000
757 758 100000000
811 812 100000000
885 886 100000000
238 239 100000000
645 646 100000000
191 192 100000000
949 950 100000000
269 270 100000000
86 87 100000000
522 523 100000000
759 760 100000000
166 167 100000000
138 139 100000000
696 697 100000000
711 712 100000000
812 813 100000000
747 748 100000000
99 100 100000000
105 106 100000000
618 619 100000000
223 224 100000000
192 193 100000000
256 257 100000000
77 78 100000000
194 195 100000000
837 838 100000000
182 183 100000000
113 114 100000000
602 603 100000000
958 959 100000000
595 596 100000000
274 275 100000000
706 707 100000000
746 747 100000000
369 370 100000000
674 675 100000000
272 273 100000000
723 724 100000000
75 76 100000000
977 978 100000000
344 345 100000000
262 263 100000000
275 276 100000000
606 607 100000000
825 826 100000000
328 329 100000000
611 612 100000000
175 176 100000000
89 90 100000000
122 123 100000000
465 466 100000000
466 467 100000000
148 149 100000000
670 671 100000000
80 81 100000000
127 128 100000000
378 379 100000000
436 437 100000000
818 819 100000000
78 79 100000000
447 448 100000000
728 729 100000000
996 997 100000000
935 936 100000000
581 582 100000000
777 778 100000000
411 412 100000000
215 216 100000000
356 357 100000000
699 700 100000000
8 9 100000000
753 754 100000000
544 545 100000000
952 953 100000000
179 180 100000000
249 250 100000000
199 200 100000000
716 717 100000000
700 701 100000000
333 334 100000000
755 756 100000000
404 405 100000000
580 581 100000000
950 951 100000000
576 577 100000000
159 160 100000000
290 291 100000000
861 862 100000000
380 381 100000000
927 928 100000000
551 552 100000000
672 673 100000000
850 851 100000000
527 528 100000000
265 266 100000000
358 359 100000000
425 426 100000000
5 6 100000000
795 796 100000000
625 626 100000000
160 161 100000000
276 277 100000000
90 91 100000000
169 170 100000000
564 565 100000000
386 387 100000000
65 66 100000000
882 883 100000000
902 903 100000000
780 781 100000000
244 245 100000000
240 241 100000000
106 107 100000000
964 965 100000000
212 213 100000000
257 258 100000000
255 256 100000000
207 208 100000000
397 398 100000000
771 772 100000000
139 140 100000000
766 767 100000000
966 967 100000000
204 205 100000000
876 877 100000000
296 297 100000000
847 848 100000000
639 640 100000000
193 194 100000000
920 921 100000000
387 388 100000000
16 17 100000000
773 774 100000000
11 12 100000000
420 421 100000000
598 599 100000000
816 817 100000000
197 198 100000000
62 63 100000000
505 506 100000000
787 788 100000000
997 998 100000000
869 870 100000000
44 45 100000000
469 470 100000000
373 374 100000000
318 319 100000000
467 468 100000000
681 682 100000000
348 349 100000000
572 573 100000000
833 834 100000000
292 293 100000000
893 894 100000000
673 674 100000000
222 223 100000000
37 38 100000000
111 112 100000000
798 799 100000000
822 823 100000000
71 72 100000000
848 849 100000000
545 546 100000000
48 49 100000000
651 652 100000000
733 734 100000000
189 190 100000000
327 328 100000000
782 783 100000000
408 409 100000000
236 237 100000000
834 835 100000000
145 146 100000000
100 101 100000000
109 110 100000000
937 938 100000000
891 892 100000000
375 376 100000000
410 411 100000000
390 391 100000000
832 833 100000000
866 867 100000000
999 1000 100000000
965 966 100000000
725 726 100000000
529 530 100000000
409 410 100000000
628 629 100000000
403 404 100000000
35 36 100000000
444 445 100000000
550 551 100000000
874 875 100000000
925 926 100000000
396 397 100000000
154 155 100000000
468 469 100000000
82 83 100000000
84 85 100000000
579 580 100000000
756 757 100000000
546 547 100000000
577 578 100000000
713 714 100000000
814 815 100000000
540 541 100000000
217 218 100000000
644 645 100000000
354 355 100000000
483 484 100000000
393 394 100000000
342 343 100000000
657 658 100000000
288 289 100000000
658 659 100000000
433 434 100000000
516 517 100000000
301 302 100000000
225 226 100000000
341 342 100000000
480 481 100000000
147 148 100000000
687 688 100000000
975 976 100000000
552 553 100000000
254 255 100000000
486 487 100000000
926 927 100000000
340 341 100000000
799 800 100000000
776 777 100000000
346 347 100000000
426 427 100000000
102 103 100000000
980 981 100000000
336 337 100000000
419 420 100000000
896 897 100000000
418 419 100000000
767 768 100000000
422 423 100000000
998 999 100000000
553 554 100000000
285 286 100000000
47 48 100000000
710 711 100000000
679 680 100000000
325 326 100000000
666 667 100000000
471 472 100000000
664 665 100000000
151 152 100000000
584 585 100000000
897 898 100000000
63 64 100000000
119 120 100000000
944 945 100000000
653 654 100000000
563 564 100000000
416 417 100000000
12 13 100000000
423 424 100000000
268 269 100000000
779 780 100000000
724 725 100000000
150 151 100000000
613 614 100000000
42 43 100000000
474 475 100000000
252 253 100000000
172 173 100000000
142 143 100000000
421 422 100000000
840 841 100000000
691 692 100000000
184 185 100000000
23 24 100000000
250 251 100000000
289 290 100000000
97 98 100000000
752 753 100000000
83 84 100000000
878 879 100000000
367 368 100000000
198 199 100000000
441 442 100000000
865 866 100000000
686 687 100000000
36 37 100000000
4 5 100000000
930 931 100000000
714 715 100000000
774 775 100000000
717 718 100000000
919 920 100000000
982 983 100000000
114 115 100000000
104 105 100000000
394 395 100000000
443 444 100000000
764 765 100000000
537 538 100000000
712 713 100000000
68 69 100000000
287 288 100000000
382 383 100000000
53 54 100000000
945 946 100000000
135 136 100000000
149 150 100000000
708 709 100000000
518 519 100000000
33 34 100000000
69 70 100000000
85 86 100000000
868 869 100000000
918 919 100000000
442 443 100000000
791 792 100000000
661 662 100000000
475 476 100000000
678 679 100000000
921 922 100000000
435 436 100000000
247 248 100000000
156 157 100000000
915 916 100000000
314 315 100000000
230 231 100000000
905 906 100000000
521 522 100000000
697 698 100000000
750 751 100000000
631 632 100000000
635 636 100000000
360 361 100000000
526 527 100000000
234 235 100000000
912 913 100000000
707 708 100000000
839 840 100000000
280 281 100000000
214 215 100000000
737 738 100000000
241 242 100000000
57 58 100000000
978 979 100000000
895 896 100000000
478 479 100000000
177 178 100000000
125 126 100000000
439 440 100000000
974 975 100000000
76 77 100000000
656 657 100000000
446 447 100000000
607 608 100000000
720 721 100000000
481 482 100000000
463 464 100000000
161 162 100000000
143 144 100000000
956 957 100000000
405 406 100000000
596 597 100000000
391 392 100000000
345 346 100000000
41 42 100000000
911 912 100000000
55 56 100000000
352 353 100000000
74 75 100000000
967 968 100000000
163 164 100000000
873 874 100000000
174 175 100000000
968 969 100000000
107 108 100000000
261 262 100000000
248 249 100000000
824 825 100000000
637 638 100000000
50 51 100000000
70 71 100000000
15 16 100000000
134 135 100000000
507 508 100000000
984 985 100000000
955 956 100000000
282 283 100000000
260 261 100000000
362 363 100000000
588 589 100000000
738 739 100000000
38 39 100000000
504 505 100000000
294 295 100000000
559 560 100000000
668 669 100000000
718 719 100000000
381 382 100000000
715 716 100000000
455 456 100000000
883 884 100000000
52 53 100000000
557 558 100000000
349 350 100000000
464 465 100000000
643 644 100000000
788 789 100000000
473 474 100000000
440 441 100000000
987 988 100000000
829 830 100000000
484 485 100000000
933 934 100000000
583 584 100000000
1 2 100000000
203 204 100000000
569 570 100000000
903 904 100000000
25 26 100000000
201 202 100000000
303 304 100000000
263 264 100000000
727 728 100000000
928 929 100000000
88 89 100000000
879 880 100000000
115 116 100000000
460 461 100000000
548 549 100000000
368 369 100000000
271 272 100000000
838 839 100000000
751 752 100000000
98 99 100000000
597 598 100000000
923 924 100000000
434 435 100000000
412 413 100000000
797 798 100000000
894 895 100000000
488 489 100000000
758 759 100000000
242 243 100000000
243 244 100000000
842 843 100000000
772 773 100000000
520 521 100000000
560 561 100000000
973 974 100000000
376 377 100000000
983 984 100000000
683 684 100000000
582 583 100000000
178 179 100000000
813 814 100000000
363 364 100000000
218 219 100000000
494 495 100000000
828 829 100000000
121 122 100000000
141 142 100000000
452 453 100000000
30 31 100000000
543 544 100000000
31 32 100000000
297 298 100000000
311 312 100000000
531 532 100000000
993 994 100000000
809 810 100000000
351 352 100000000
914 915 100000000
131 132 100000000
112 113 100000000
220 221 100000000
286 287 100000000
54 55 100000000
629 630 100000000
685 686 100000000
365 366 100000000
633 634 100000000
1000
0 1000 99999001
1 2 99999002
2 1000 99999003
3 2 99999004
4 1000 99999005
5 2 99999006
6 1000 99999007
7 2 99999008
8 1000 99999009
9 2 99999010
10 1000 99999011
11 2 99999012
12 1000 99999013
13 2 99999014
14 1000 99999015
15 2 99999016
16 1000 99999017
17 2 99999018
18 1000 99999019
19 2 99999020
20 1000 99999021
21 2 99999022
22 1000 99999023
23 2 99999024
24 1000 99999025
25 2 99999026
26 1000 99999027
27 2 99999028
28 1000 99999029
29 2 99999030
30 1000 99999031
31 2 99999032
32 1000 99999033
33 2 99999034
34 1000 99999035
35 2 99999036
36 1000 99999037
37 2 99999038
38 1000 99999039
39 2 99999040
40 1000 99999041
41 2 99999042
42 1000 99999043
43 2 99999044
44 1000 99999045
45 2 99999046
46 1000 99999047
47 2 99999048
48 1000 99999049
49 2 99999050
50 1000 99999051
51 2 99999052
52 1000 99999053
53 2 99999054
54 1000 99999055
55 2 99999056
56 1000 99999057
57 2 99999058
58 1000 99999059
59 2 99999060
60 1000 99999061
61 2 99999062
62 1000 99999063
63 2 99999064
64 1000 99999065
65 2 99999066
66 1000 99999067
67 2 99999068
68 1000 99999069
69 2 99999070
70 1000 99999071
71 2 99999072
72 1000 99999073
73 2 99999074
74 1000 99999075
75 2 99999076
76 1000 99999077
77 2 99999078
78 1000 99999079
79 2 99999080
80 1000 99999081
81 2 99999082
82 1000 99999083
83 2 99999084
84 1000 99999085
85 2 99999086
86 1000 99999087
87 2 99999088
88 1000 99999089
89 2 99999090
90 1000 99999091
91 2 99999092
92 1000 99999093
93 2 99999094
94 1000 99999095
95 2 99999096
96 1000 99999097
97 2 99999098
98 1000 99999099
99 2 99999100
100 1000 99999101
101 2 99999102
102 1000 99999103
103 2 99999104
104 1000 99999105
105 2 99999106
106 1000 99999107
107 2 99999108
108 1000 99999109
109 2 99999110
110 1000 99999111
111 2 99999112
112 1000 99999113
113 2 99999114
114 1000 99999115
115 2 99999116
116 1000 99999117
117 2 99999118
118 1000 99999119
119 2 99999120
120 1000 99999121
121 2 99999122
122 1000 99999123
123 2 99999124
124 1000 99999125
125 2 99999126
126 1000 99999127
127 2 99999128
128 1000 99999129
129 2 99999130
130 1000 99999131
131 2 99999132
132 1000 99999133
133 2 99999134
134 1000 99999135
135 2 99999136
136 1000 99999137
137 2 99999138
138 1000 99999139
139 2 99999140
140 1000 99999141
141 2 99999142
142 1000 99999143
143 2 99999144
144 1000 99999145
145 2 99999146
146 1000 99999147
147 2 99999148
148 1000 99999149
149 2 99999150
150 1000 99999151
151 2 99999152
152 1000 99999153
153 2 99999154
154 1000 99999155
155 2 99999156
156 1000 99999157
157 2 99999158
158 1000 99999159
159 2 99999160
160 1000 99999161
161 2 99999162
162 1000 99999163
163 2 99999164
164 1000 99999165
165 2 99999166
166 1000 99999167
167 2 99999168
168 1000 99999169
169 2 99999170
170 1000 99999171
171 2 99999172
172 1000 99999173
173 2 99999174
174 1000 99999175
175 2 99999176
176 1000 99999177
177 2 99999178
178 1000 99999179
179 2 99999180
180 1000 99999181
181 2 99999182
182 1000 99999183
183 2 99999184
184 1000 99999185
185 2 99999186
186 1000 99999187
187 2 99999188
188 1000 99999189
189 2 99999190
190 1000 99999191
191 2 99999192
192 1000 99999193
193 2 99999194
194 1000 99999195
195 2 99999196
196 1000 99999197
197 2 99999198
198 1000 99999199
199 2 99999200
200 1000 99999201
201 2 99999202
202 1000 99999203
203 2 99999204
204 1000 99999205
205 2 99999206
206 1000 99999207
207 2 99999208
208 1000 99999209
209 2 99999210
210 1000 99999211
211 2 99999212
212 1000 99999213
213 2 99999214
214 1000 99999215
215 2 99999216
216 1000 99999217
217 2 99999218
218 1000 99999219
219 2 99999220
220 1000 99999221
221 2 99999222
222 1000 99999223
223 2 99999224
224 1000 99999225
225 2 99999226
226 1000 99999227
227 2 99999228
228 1000 99999229
229 2 99999230
230 1000 99999231
231 2 99999232
232 1000 99999233
233 2 99999234
234 1000 99999235
235 2 99999236
236 1000 99999237
237 2 99999238
238 1000 99999239
239 2 99999240
240 1000 99999241
241 2 99999242
242 1000 99999243
243 2 99999244
244 1000 99999245
245 2 99999246
246 1000 99999247
247 2 99999248
248 1000 99999249
249 2 99999250
250 1000 99999251
251 2 99999252
252 1000 99999253
253 2 99999254
254 1000 99999255
255 2 99999256
256 1000 99999257
257 2 99999258
258 1000 99999259
259 2 99999260
260 1000 99999261
261 2 99999262
262 1000 99999263
263 2 99999264
264 1000 99999265
265 2 99999266
266 1000 99999267
267 2 99999268
268 1000 99999269
269 2 99999270
270 1000 99999271
271 2 99999272
272 1000 99999273
273 2 99999274
274 1000 99999275
275 2 99999276
276 1000 99999277
277 2 99999278
278 1000 99999279
279 2 99999280
280 1000 99999281
281 2 99999282
282 1000 99999283
283 2 99999284
284 1000 99999285
285 2 99999286
286 1000 99999287
287 2 99999288
288 1000 99999289
289 2 99999290
290 1000 99999291
291 2 99999292
292 1000 99999293
293 2 99999294
294 1000 99999295
295 2 99999296
296 1000 99999297
297 2 99999298
298 1000 99999299
299 2 99999300
300 1000 99999301
301 2 99999302
302 1000 99999303
303 2 99999304
304 1000 99999305
305 2 99999306
306 1000 99999307
307 2 99999308
308 1000 99999309
309 2 99999310
310 1000 99999311
311 2 99999312
312 1000 99999313
313 2 99999314
314 1000 99999315
315 2 99999316
316 1000 99999317
317 2 99999318
318 1000 99999319
319 2 99999320
320 1000 99999321
321 2 99999322
322 1000 99999323
323 2 99999324
324 1000 99999325
325 2 99999326
326 1000 99999327
327 2 99999328
328 1000 99999329
329 2 99999330
330 1000 99999331
331 2 99999332
332 1000 99999333
333 2 99999334
334 1000 99999335
335 2 99999336
336 1000 99999337
337 2 99999338
338 1000 99999339
339 2 99999340
340 1000 99999341
341 2 99999342
342 1000 99999343
343 2 99999344
344 1000 99999345
345 2 99999346
346 1000 99999347
347 2 99999348
348 1000 99999349
349 2 99999350
350 1000 99999351
351 2 99999352
352 1000 99999353
353 2 99999354
354 1000 99999355
355 2 99999356
356 1000 99999357
357 2 99999358
358 1000 99999359
359 2 99999360
360 1000 99999361
361 2 99999362
362 1000 99999363
363 2 99999364
364 1000 99999365
365 2 99999366
366 1000 99999367
367 2 99999368
368 1000 99999369
369 2 99999370
370 1000 99999371
371 2 99999372
372 1000 99999373
373 2 99999374
374 1000 99999375
375 2 99999376
376 1000 99999377
377 2 99999378
378 1000 99999379
379 2 99999380
380 1000 99999381
381 2 99999382
382 1000 99999383
383 2 99999384
384 1000 99999385
385 2 99999386
386 1000 99999387
387 2 99999388
388 1000 99999389
389 2 99999390
390 1000 99999391
391 2 99999392
392 1000 99999393
393 2 99999394
394 1000 99999395
395 2 99999396
396 1000 99999397
397 2 99999398
398 1000 99999399
399 2 99999400
400 1000 99999401
401 2 99999402
402 1000 99999403
403 2 99999404
404 1000 99999405
405 2 99999406
406 1000 99999407
407 2 99999408
408 1000 99999409
409 2 99999410
410 1000 99999411
411 2 99999412
412 1000 99999413
413 2 99999414
414 1000 99999415
415 2 99999416
416 1000 99999417
417 2 99999418
418 1000 99999419
419 2 99999420
420 1000 99999421
421 2 99999422
422 1000 99999423
423 2 99999424
424 1000 99999425
425 2 99999426
426 1000 99999427
427 2 99999428
428 1000 99999429
429 2 99999430
430 1000 99999431
431 2 99999432
432 1000 99999433
433 2 99999434
434 1000 99999435
435 2 99999436
436 1000 99999437
437 2 99999438
438 1000 99999439
439 2 99999440
440 1000 99999441
441 2 99999442
442 1000 99999443
443 2 99999444
444 1000 99999445
445 2 99999446
446 1000 99999447
447 2 99999448
448 1000 99999449
449 2 99999450
450 1000 99999451
451 2 99999452
452 1000 99999453
453 2 99999454
454 1000 99999455
455 2 99999456
456 1000 99999457
457 2 99999458
458 1000 99999459
459 2 99999460
460 1000 99999461
461 2 99999462
462 1000 99999463
463 2 99999464
464 1000 99999465
465 2 99999466
466 1000 99999467
467 2 99999468
468 1000 99999469
469 2 99999470
470 1000 99999471
471 2 99999472
472 1000 99999473
473 2 99999474
474 1000 99999475
475 2 99999476
476 1000 99999477
477 2 99999478
478 1000 99999479
479 2 99999480
480 1000 99999481
481 2 99999482
482 1000 99999483
483 2 99999484
484 1000 99999485
485 2 99999486
486 1000 99999487
487 2 99999488
488 1000 99999489
489 2 99999490
490 1000 99999491
491 2 99999492
492 1000 99999493
493 2 99999494
494 1000 99999495
495 2 99999496
496 1000 99999497
497 2 99999498
498 1000 99999499
499 2 99999500
500 1000 99999501
501 2 99999502
502 1000 99999503
503 2 99999504
504 1000 99999505
505 2 99999506
506 1000 99999507
507 2 99999508
508 1000 99999509
509 2 99999510
510 1000 99999511
511 2 99999512
512 1000 99999513
513 2 99999514
514 1000 99999515
515 2 99999516
516 1000 99999517
517 2 99999518
518 1000 99999519
519 2 99999520
520 1000 99999521
521 2 99999522
522 1000 99999523
523 2 99999524
524 1000 99999525
525 2 99999526
526 1000 99999527
527 2 99999528
528 1000 99999529
529 2 99999530
530 1000 99999531
531 2 99999532
532 1000 99999533
533 2 99999534
534 1000 99999535
535 2 99999536
536 1000 99999537
537 2 99999538
538 1000 99999539
539 2 99999540
540 1000 99999541
541 2 99999542
542 1000 99999543
543 2 99999544
544 1000 99999545
545 2 99999546
546 1000 99999547
547 2 99999548
548 1000 99999549
549 2 99999550
550 1000 99999551
551 2 99999552
552 1000 99999553
553 2 99999554
554 1000 99999555
555 2 99999556
556 1000 99999557
557 2 99999558
558 1000 99999559
559 2 99999560
560 1000 99999561
561 2 99999562
562 1000 99999563
563 2 99999564
564 1000 99999565
565 2 99999566
566 1000 99999567
567 2 99999568
568 1000 99999569
569 2 99999570
570 1000 99999571
571 2 99999572
572 1000 99999573
573 2 99999574
574 1000 99999575
575 2 99999576
576 1000 99999577
577 2 99999578
578 1000 99999579
579 2 99999580
580 1000 99999581
581 2 99999582
582 1000 99999583
583 2 99999584
584 1000 99999585
585 2 99999586
586 1000 99999587
587 2 99999588
588 1000 99999589
589 2 99999590
590 1000 99999591
591 2 99999592
592 1000 99999593
593 2 99999594
594 1000 99999595
595 2 99999596
596 1000 99999597
597 2 99999598
598 1000 99999599
599 2 99999600
600 1000 99999601
601 2 99999602
602 1000 99999603
603 2 99999604
604 1000 99999605
605 2 99999606
606 1000 99999607
607 2 99999608
608 1000 99999609
609 2 99999610
610 1000 99999611
611 2 99999612
612 1000 99999613
613 2 99999614
614 1000 99999615
615 2 99999616
616 1000 99999617
617 2 99999618
618 1000 99999619
619 2 99999620
620 1000 99999621
621 2 99999622
622 1000 99999623
623 2 99999624
624 1000 99999625
625 2 99999626
626 1000 99999627
627 2 99999628
628 1000 99999629
629 2 99999630
630 1000 99999631
631 2 99999632
632 1000 99999633
633 2 99999634
634 1000 99999635
635 2 99999636
636 1000 99999637
637 2 99999638
638 1000 99999639
639 2 99999640
640 1000 99999641
641 2 99999642
642 1000 99999643
643 2 99999644
644 1000 99999645
645 2 99999646
646 1000 99999647
647 2 99999648
648 1000 99999649
649 2 99999650
650 1000 99999651
651 2 99999652
652 1000 99999653
653 2 99999654
654 1000 99999655
655 2 99999656
656 1000 99999657
657 2 99999658
658 1000 99999659
659 2 99999660
660 1000 99999661
661 2 99999662
662 1000 99999663
663 2 99999664
664 1000 99999665
665 2 99999666
666 1000 99999667
667 2 99999668
668 1000 99999669
669 2 99999670
670 1000 99999671
671 2 99999672
672 1000 99999673
673 2 99999674
674 1000 99999675
675 2 99999676
676 1000 99999677
677 2 99999678
678 1000 99999679
679 2 99999680
680 1000 99999681
681 2 99999682
682 1000 99999683
683 2 99999684
684 1000 99999685
685 2 99999686
686 1000 99999687
687 2 99999688
688 1000 99999689
689 2 99999690
690 1000 99999691
691 2 99999692
692 1000 99999693
693 2 99999694
694 1000 99999695
695 2 99999696
696 1000 99999697
697 2 99999698
698 1000 99999699
699 2 99999700
700 1000 99999701
701 2 99999702
702 1000 99999703
703 2 99999704
704 1000 99999705
705 2 99999706
706 1000 99999707
707 2 99999708
708 1000 99999709
709 2 99999710
710 1000 99999711
711 2 99999712
712 1000 99999713
713 2 99999714
714 1000 99999715
715 2 99999716
716 1000 99999717
717 2 99999718
718 1000 99999719
719 2 99999720
720 1000 99999721
721 2 99999722
722 1000 99999723
723 2 99999724
724 1000 99999725
725 2 99999726
726 1000 99999727
727 2 99999728
728 1000 99999729
729 2 99999730
730 1000 99999731
731 2 99999732
732 1000 99999733
733 2 99999734
734 1000 99999735
735 2 99999736
736 1000 99999737
737 2 99999738
738 1000 99999739
739 2 99999740
740 1000 99999741
741 2 99999742
742 1000 99999743
743 2 99999744
744 1000 99999745
745 2 99999746
746 1000 99999747
747 2 99999748
748 1000 99999749
749 2 99999750
750 1000 99999751
751 2 99999752
752 1000 99999753
753 2 99999754
754 1000 99999755
755 2 99999756
756 1000 99999757
757 2 99999758
758 1000 99999759
759 2 99999760
760 1000 99999761
761 2 99999762
762 1000 99999763
763 2 99999764
764 1000 99999765
765 2 99999766
766 1000 99999767
767 2 99999768
768 1000 99999769
769 2 99999770
770 1000 99999771
771 2 99999772
772 1000 99999773
773 2 99999774
774 1000 99999775
775 2 99999776
776 1000 99999777
777 2 99999778
778 1000 99999779
779 2 99999780
780 1000 99999781
781 2 99999782
782 1000 99999783
783 2 99999784
784 1000 99999785
785 2 99999786
786 1000 99999787
787 2 99999788
788 1000 99999789
789 2 99999790
790 1000 99999791
791 2 99999792
792 1000 99999793
793 2 99999794
794 1000 99999795
795 2 99999796
796 1000 99999797
797 2 99999798
798 1000 99999799
799 2 99999800
800 1000 99999801
801 2 99999802
802 1000 99999803
803 2 99999804
804 1000 99999805
805 2 99999806
806 1000 99999807
807 2 99999808
808 1000 99999809
809 2 99999810
810 1000 99999811
811 2 99999812
812 1000 99999813
813 2 99999814
814 1000 99999815
815 2 99999816
816 1000 99999817
817 2 99999818
818 1000 99999819
819 2 99999820
820 1000 99999821
821 2 99999822
822 1000 99999823
823 2 99999824
824 1000 99999825
825 2 99999826
826 1000 99999827
827 2 99999828
828 1000 99999829
829 2 99999830
830 1000 99999831
831 2 99999832
832 1000 99999833
833 2 99999834
834 1000 99999835
835 2 99999836
836 1000 99999837
837 2 99999838
838 1000 99999839
839 2 99999840
840 1000 99999841
841 2 99999842
842 1000 99999843
843 2 99999844
844 1000 99999845
845 2 99999846
846 1000 99999847
847 2 99999848
848 1000 99999849
849 2 99999850
850 1000 99999851
851 2 99999852
852 1000 99999853
853 2 99999854
854 1000 99999855
855 2 99999856
856 1000 99999857
857 2 99999858
858 1000 99999859
859 2 99999860
860 1000 99999861
861 2 99999862
862 1000 99999863
863 2 99999864
864 1000 99999865
865 2 99999866
866 1000 99999867
867 2 99999868
868 1000 99999869
869 2 99999870
870 1000 99999871
871 2 99999872
872 1000 99999873
873 2 99999874
874 1000 99999875
875 2 99999876
876 1000 99999877
877 2 99999878
878 1000 99999879
879 2 99999880
880 1000 99999881
881 2 99999882
882 1000 99999883
883 2 99999884
884 1000 99999885
885 2 99999886
886 1000 99999887
887 2 99999888
888 1000 99999889
889 2 99999890
890 1000 99999891
891 2 99999892
892 1000 99999893
893 2 99999894
894 1000 99999895
895 2 99999896
896 1000 99999897
897 2 99999898
898 1000 99999899
899 2 99999900
900 1000 99999901
901 2 99999902
902 1000 99999903
903 2 99999904
904 1000 99999905
905 2 99999906
906 1000 99999907
907 2 99999908
908 1000 99999909
909 2 99999910
910 1000 99999911
911 2 99999912
912 1000 99999913
913 2 99999914
914 1000 99999915
915 2 99999916
916 1000 99999917
917 2 99999918
918 1000 99999919
919 2 99999920
920 1000 99999921
921 2 99999922
922 1000 99999923
923 2 99999924
924 1000 99999925
925 2 99999926
926 1000 99999927
927 2 99999928
928 1000 99999929
929 2 99999930
930 1000 99999931
931 2 99999932
932 1000 99999933
933 2 99999934
934 1000 99999935
935 2 99999936
936 1000 99999937
937 2 99999938
938 1000 99999939
939 2 99999940
940 1000 99999941
941 2 99999942
942 1000 99999943
943 2 99999944
944 1000 99999945
945 2 99999946
946 1000 99999947
947 2 99999948
948 1000 99999949
949 2 99999950
950 1000 99999951
951 2 99999952
952 1000 99999953
953 2 99999954
954 1000 99999955
955 2 99999956
956 1000 99999957
957 2 99999958
958 1000 99999959
959 2 99999960
960 1000 99999961
961 2 99999962
962 1000 99999963
963 2 99999964
964 1000 99999965
965 2 99999966
966 1000 99999967
967 2 99999968
968 1000 99999969
969 2 99999970
970 1000 99999971
971 2 99999972
972 1000 99999973
973 2 99999974
974 1000 99999975
975 2 99999976
976 1000 99999977
977 2 99999978
978 1000 99999979
979 2 99999980
980 1000 99999981
981 2 99999982
982 1000 99999983
983 2 99999984
984 1000 99999985
985 2 99999986
986 1000 99999987
987 2 99999988
988 1000 99999989
989 2 99999990
990 1000 99999991
991 2 99999992
992 1000 99999993
993 2 99999994
994 1000 99999995
995 2 99999996
996 1000 99999997
997 2 99999998
998 1000 99999999
999 2 100000000
