100 99
41 24 3
90 41 2
44 9 1
74 14 5
47 100 0
50 63 6
1 77 1
17 1 5
26 85 8
61 62 2
24 36 5
94 44 6
53 59 6
70 87 6
15 42 3
76 1 7
21 64 4
1 69 7
60 99 6
20 84 6
46 95 2
47 54 4
95 11 4
58 28 7
53 36 4
48 32 6
46 52 0
3 52 5
55 14 4
80 66 7
87 91 4
7 21 2
81 27 7
49 70 0
71 3 1
25 68 7
8 23 3
35 84 4
80 18 0
57 67 2
19 34 6
33 6 0
22 28 7
4 60 8
98 90 8
10 18 4
99 96 3
16 95 7
57 17 0
45 61 3
76 78 7
84 89 4
9 40 2
40 62 4
91 23 4
3 86 7
27 24 7
87 77 8
83 81 1
33 3 0
89 54 2
80 26 4
32 2 4
73 100 8
8 33 5
71 54 4
41 38 8
28 74 0
91 61 7
22 75 5
48 15 5
96 46 2
47 88 0
7 37 0
79 38 4
72 27 8
9 34 7
93 43 1
4 29 8
51 49 3
68 17 0
80 5 6
65 10 6
22 19 7
39 43 6
50 26 7
98 21 6
50 39 3
31 32 4
92 22 7
56 32 1
78 39 4
46 12 0
40 97 6
82 70 4
24 62 7
30 100 4
94 2 2
13 89 2
100
0 73 0
1 60 1
2 51 2
3 68 3
4 12 4
5 8 6
6 29 7
7 26 8
8 58 9
9 3 10
10 62 11
11 68 12
12 12 13
13 37 14
14 78 15
15 89 16
16 62 17
17 67 18
19 4 19
20 8 20
21 22 21
22 52 22
23 100 23
24 66 24
25 57 25
26 77 26
27 86 27
28 84 28
29 81 29
30 83 30
31 77 31
32 6 32
33 29 33
34 5 34
35 55 35
36 100 36
37 94 37
38 54 38
39 57 39
40 50 40
41 3 41
42 98 42
43 23 43
44 45 44
45 20 45
46 40 46
47 26 47
48 56 48
49 11 49
50 49 50
51 29 51
52 52 52
53 55 53
54 26 54
55 36 55
56 19 56
57 62 57
58 48 58
59 38 59
60 2 60
61 87 61
62 83 62
63 17 63
64 100 64
65 23 65
66 99 66
67 60 67
68 11 68
69 11 69
70 89 70
71 50 71
72 6 72
73 54 73
74 21 74
75 27 75
76 84 76
77 4 77
78 97 78
79 65 79
80 42 80
81 78 81
82 60 82
83 19 83
84 61 84
85 32 85
86 11 86
87 48 87
88 81 88
89 5 89
90 3 90
91 25 91
92 56 92
93 12 93
94 36 94
95 18 95
96 98 96
97 85 97
98 49 98
99 44 99
100 29 100
