100 990
95 23 4
81 36 6
54 17 5
82 8 8
74 23 2
4 96 1
45 67 5
7 74 5
68 32 7
76 78 0
51 92 5
62 42 2
57 88 2
56 49 0
8 28 5
79 30 2
14 78 0
74 26 3
6 99 8
5 85 8
58 49 7
91 99 1
67 33 0
56 12 1
62 9 1
43 33 6
38 76 8
64 83 3
11 35 4
3 53 0
79 63 7
16 72 8
38 69 7
99 56 4
21 28 0
72 69 3
25 51 2
44 2 4
20 29 3
59 28 4
49 53 7
47 56 5
94 27 0
94 69 1
90 56 8
17 30 7
25 99 5
84 24 3
91 57 6
58 14 0
72 74 3
42 13 8
52 58 8
71 81 5
10 41 2
66 18 0
6 48 8
2 99 2
62 100 5
60 61 7
47 68 6
16 50 2
33 21 2
18 20 0
3 22 2
55 5 1
12 13 6
83 99 7
4 28 4
68 99 7
66 94 7
84 94 0
83 80 4
7 99 0
43 19 4
64 20 2
75 48 0
74 66 8
21 62 2
20 48 6
22 66 0
2 63 8
99 16 1
81 26 2
57 92 0
47 77 6
41 33 1
65 23 2
62 16 0
24 57 5
93 71 8
98 13 6
86 2 1
93 23 3
26 65 5
25 57 8
75 35 5
4 41 2
17 87 1
41 85 7
59 88 0
67 61 8
16 67 8
21 44 5
16 97 1
13 48 5
51 14 6
79 99 4
19 67 0
8 53 5
8 65 1
24 6 5
78 31 1
11 86 4
60 94 3
37 46 3
9 45 1
39 56 4
61 34 0
20 16 0
8 10 8
62 44 8
51 76 4
22 97 4
79 35 1
71 52 7
63 61 1
18 92 6
56 61 2
94 4 8
57 32 3
85 78 4
32 80 6
18 38 2
19 36 6
21 94 7
24 78 6
44 92 7
21 23 1
55 65 4
56 33 8
2 62 5
52 26 3
76 64 2
16 45 7
73 62 3
82 1 3
23 69 4
100 12 8
42 10 3
2 57 4
41 15 7
92 10 3
68 26 1
91 13 2
66 30 0
54 88 2
32 29 8
81 67 0
86 24 3
77 50 0
68 77 1
87 7 8
71 75 7
29 73 4
43 100 6
23 11 0
68 87 6
46 39 3
15 36 3
19 41 4
59 16 2
65 33 3
24 90 6
94 35 1
99 12 8
24 71 0
28 85 8
25 87 2
9 12 4
15 94 3
93 15 3
32 39 2
70 13 3
92 15 0
19 76 5
58 31 1
2 21 7
82 41 8
14 16 8
36 2 4
64 25 1
49 89 4
1 27 5
70 96 8
24 62 4
80 71 4
99 22 8
89 70 0
38 6 7
1 91 8
52 3 5
43 99 3
36 8 0
84 78 1
61 28 3
39 5 6
4 97 4
90 31 7
92 63 5
10 4 5
8 41 2
32 77 3
83 41 7
78 32 1
42 45 0
85 61 2
80 27 6
74 83 2
97 56 2
73 54 3
20 69 5
8 70 6
51 30 6
75 9 4
64 84 8
69 31 8
28 86 2
35 81 4
21 47 7
45 11 2
73 14 6
90 27 3
39 74 0
71 41 5
28 82 0
21 80 0
43 83 7
6 29 4
37 95 2
15 95 6
14 27 4
14 5 7
84 55 8
28 39 4
42 98 2
40 80 7
70 54 1
43 6 7
64 30 7
4 1 7
29 98 2
73 49 1
74 35 0
25 20 2
61 26 5
64 68 4
39 26 5
97 13 5
62 11 5
76 2 0
27 25 7
42 94 1
72 84 2
56 32 1
45 49 8
10 77 5
97 79 0
76 74 2
33 96 3
79 4 4
96 16 6
76 91 5
19 79 7
35 92 4
69 3 0
75 79 2
85 9 3
64 37 3
43 92 8
70 31 7
94 58 3
63 13 7
17 100 3
48 36 2
36 68 3
1 51 1
67 90 3
40 52 0
70 77 2
60 8 4
2 58 8
72 92 6
85 71 6
47 38 8
19 47 1
33 53 5
86 12 5
17 69 1
83 6 7
82 88 8
50 39 3
1 29 0
34 19 3
96 64 4
51 100 7
28 91 5
69 16 7
93 47 4
100 70 5
39 19 8
99 88 7
88 7 4
40 82 8
39 96 0
8 58 5
77 5 6
39 67 2
38 13 1
39 37 2
82 83 4
59 74 5
89 73 4
51 69 0
72 8 0
73 56 1
89 61 3
81 43 1
98 86 7
33 57 8
66 79 7
76 87 4
43 12 5
91 16 1
71 28 0
86 9 3
17 6 5
30 93 3
89 15 0
81 34 4
52 25 0
44 6 0
22 38 6
66 68 1
59 95 5
90 42 2
49 68 8
53 73 5
96 48 3
92 14 3
78 8 7
25 100 7
34 84 4
43 89 3
48 76 4
66 3 3
12 55 5
47 84 1
96 77 0
67 10 6
24 64 2
60 25 6
54 42 5
76 46 4
80 49 7
73 1 5
25 2 7
15 99 8
16 100 7
11 19 2
73 60 1
38 14 2
92 62 0
1 97 4
77 78 5
44 87 4
4 47 5
5 51 5
58 21 5
15 8 8
66 21 5
67 15 4
78 12 1
36 7 6
13 4 1
32 6 7
36 9 5
60 42 8
98 89 7
62 71 4
3 23 2
28 89 7
47 85 6
35 77 8
89 44 5
39 54 6
2 82 3
58 45 7
83 5 1
54 51 8
26 37 4
52 10 6
7 96 0
57 56 1
4 61 3
37 18 1
26 80 3
24 23 8
37 91 3
36 55 8
26 29 3
77 25 3
20 35 1
51 29 6
82 32 4
53 11 2
8 24 7
48 89 3
23 43 4
5 46 3
42 99 2
12 67 5
89 81 3
75 55 7
69 58 3
63 25 4
35 58 2
33 25 5
93 61 2
35 48 4
51 68 8
89 30 7
92 17 4
73 38 7
1 81 6
21 7 2
60 1 1
39 42 3
7 57 1
99 27 1
58 43 6
97 7 1
11 8 7
50 88 6
61 66 6
19 15 1
18 61 1
26 84 0
76 82 3
81 29 6
96 25 7
29 15 1
37 1 2
24 20 1
61 98 5
35 39 6
54 37 4
93 29 0
98 5 7
78 92 1
72 2 2
93 72 1
63 6 0
10 91 7
98 28 6
58 63 6
61 50 8
97 53 1
30 73 7
52 90 3
70 49 3
31 72 3
78 60 7
36 3 0
80 99 7
97 19 4
35 88 0
10 61 4
49 62 4
86 18 4
70 25 0
82 42 7
28 57 4
14 31 7
2 48 2
56 46 2
93 9 3
94 87 2
99 20 0
93 26 7
93 74 2
48 95 3
27 48 4
79 17 7
57 31 7
31 3 0
54 89 4
82 80 2
79 2 7
94 53 6
72 78 4
76 1 0
71 54 8
61 46 0
85 35 5
88 5 0
70 26 3
82 56 5
34 22 8
29 33 2
75 7 5
89 3 5
38 79 6
80 30 6
9 32 4
42 100 3
53 82 6
98 95 7
36 28 6
27 84 5
65 97 4
62 17 3
10 48 1
36 35 0
79 42 1
86 13 0
12 38 8
16 15 2
27 95 8
33 22 1
5 42 4
38 83 8
23 33 8
12 70 6
77 28 6
86 83 5
20 22 2
55 2 2
40 93 6
91 50 7
27 97 0
36 94 8
3 70 0
85 62 0
81 80 5
39 49 8
74 55 8
58 75 7
25 8 3
84 96 2
13 51 5
73 100 5
79 50 0
93 19 7
82 46 1
84 79 5
84 35 8
95 22 3
8 84 2
12 79 8
70 1 6
29 42 7
43 1 6
60 18 5
82 29 2
82 10 4
75 78 8
87 47 7
76 59 1
93 36 3
79 37 5
80 46 1
58 57 6
83 69 6
54 49 5
97 17 5
57 22 4
7 45 1
77 76 0
54 44 3
29 18 1
77 75 2
98 25 6
85 34 8
30 45 0
12 69 4
29 62 5
52 46 7
35 78 4
41 46 4
74 97 5
52 91 4
22 58 2
20 49 3
40 60 1
87 60 8
71 11 5
19 66 7
87 65 0
61 15 7
78 30 7
93 13 8
49 25 8
69 62 7
85 38 6
46 90 6
90 59 4
86 61 5
22 9 7
96 59 1
65 96 8
49 64 3
10 34 5
53 72 5
57 47 7
46 85 4
26 49 6
69 95 1
5 7 6
61 55 2
48 91 6
13 75 8
42 84 3
31 50 2
86 78 2
1 16 3
65 83 0
80 50 1
71 6 3
7 94 0
33 69 7
62 1 7
100 40 5
92 5 4
54 76 2
16 43 0
61 30 7
34 12 6
21 54 2
53 10 2
68 33 8
69 96 8
61 77 3
81 90 2
56 88 5
94 34 1
32 85 8
97 84 3
83 3 1
62 4 8
92 84 3
44 10 7
83 90 6
77 18 1
26 89 8
93 27 2
93 79 5
90 50 5
78 99 0
12 81 0
73 55 3
60 59 4
64 77 2
70 29 0
54 34 6
26 11 3
97 21 0
95 36 7
79 60 1
2 1 6
78 82 6
23 91 5
24 70 0
94 89 5
67 26 5
15 78 7
99 30 2
74 51 4
45 24 5
28 22 6
3 55 4
9 29 0
21 4 3
72 38 3
67 73 2
20 32 6
84 65 1
40 35 7
45 80 8
47 25 4
15 68 3
18 39 8
84 98 1
57 48 0
23 90 5
83 50 2
96 61 7
56 28 5
72 58 0
87 55 5
100 3 6
4 52 8
36 80 0
41 28 5
4 29 8
53 29 3
28 70 1
15 4 3
23 88 5
65 95 6
44 14 6
30 26 6
91 94 1
100 6 0
94 65 1
39 38 2
63 9 1
83 30 5
64 87 3
2 27 0
36 10 2
63 14 7
18 22 2
56 9 3
40 45 6
45 47 0
82 58 1
50 73 7
17 15 3
6 41 3
68 43 1
63 62 6
32 47 1
4 18 4
86 82 4
59 18 7
15 23 4
33 63 0
12 27 1
65 15 4
40 44 3
66 52 8
16 26 2
77 66 7
10 12 7
92 66 4
77 22 2
82 4 4
76 36 7
89 57 4
62 75 6
69 88 8
43 3 7
77 33 1
56 59 3
57 85 2
31 41 0
27 69 8
83 15 0
58 71 8
4 24 2
15 48 0
21 98 0
18 28 1
98 31 2
81 52 7
63 51 6
50 38 0
59 2 4
86 43 3
80 61 5
96 94 6
58 3 2
71 55 2
46 32 4
82 99 8
90 37 7
48 70 4
54 72 5
46 16 2
37 83 6
72 47 6
11 34 7
30 95 4
98 23 1
73 20 3
32 94 2
63 47 2
15 11 6
16 86 2
80 1 3
58 86 3
65 12 2
20 37 6
99 31 4
67 7 4
91 39 4
57 78 4
65 44 7
5 96 1
64 79 1
26 41 1
68 53 4
46 34 6
82 18 0
2 28 1
80 53 0
30 18 8
65 25 8
3 19 2
60 95 8
77 26 3
50 52 1
59 8 7
33 78 3
10 17 7
54 29 1
38 84 0
58 64 5
9 28 6
63 10 1
81 92 3
6 13 8
20 61 2
55 39 0
43 55 2
33 1 8
12 1 3
76 14 2
26 45 6
48 26 7
50 25 1
52 9 1
15 80 7
55 72 1
81 59 8
1 20 0
84 45 6
87 48 1
22 13 8
72 70 2
7 63 4
18 33 8
88 92 7
20 65 6
19 1 2
71 16 4
34 67 2
2 7 1
65 36 2
73 15 4
40 33 5
76 16 7
38 45 4
48 40 0
40 12 5
35 29 1
31 60 7
17 85 0
5 81 6
47 50 1
21 83 1
96 98 0
27 77 5
67 36 1
31 46 1
55 24 2
45 28 3
12 16 8
63 27 0
94 48 2
86 31 6
37 47 4
1 32 0
44 48 4
90 57 1
89 55 0
100 21 1
76 33 3
76 92 0
48 47 6
2 14 4
47 86 0
100 68 6
6 68 0
57 19 5
20 36 0
90 71 6
91 71 4
41 60 3
70 40 1
4 95 7
43 2 1
23 64 2
47 82 5
11 94 6
79 74 0
5 1 1
28 38 5
28 64 0
32 11 0
46 74 6
59 22 3
50 86 7
43 17 8
15 6 2
98 15 5
12 97 4
30 2 7
91 84 7
19 48 1
29 21 1
48 24 8
95 73 1
77 20 1
78 46 1
40 73 8
3 61 3
10 13 7
100 84 8
34 17 1
55 78 8
83 14 4
46 48 5
53 32 5
5 11 4
63 50 5
1 14 4
97 82 3
72 86 1
87 15 8
90 19 6
91 88 0
90 73 1
50 87 2
6 76 4
18 34 6
2 6 6
38 88 2
81 88 6
45 69 5
72 36 7
42 12 7
10 98 2
28 7 8
59 25 8
4 81 4
74 6 4
4 92 8
84 86 4
33 93 0
1 9 2
91 68 4
35 62 6
41 84 7
87 16 7
83 56 1
21 11 5
18 85 0
62 60 8
18 50 4
91 19 3
70 84 4
47 41 4
53 54 7
10 6 1
44 53 1
85 66 7
28 48 4
31 2 3
84 2 0
100 79 1
26 15 6
90 39 8
96 83 5
40 36 5
13 39 6
12 25 3
76 50 2
56 52 1
2 67 6
59 24 1
100 66 0
27 7 1
67 35 4
68 55 5
23 22 5
37 63 7
8 22 0
40 24 4
100
14 39 374
205 75 668
1401 11 2620
3276 93 3276
3902 70 3902
4736 76 4736
5092 19 5612
5207 80 6083
6013 51 8510
6172 98 8854
6233 4 11493
6470 8 11943
7016 13 12456
7359 2 12472
7546 30 13175
8125 26 13308
8555 50 13400
10081 99 14479
12165 47 16625
12667 56 16670
13010 41 17691
14515 46 18126
19126 33 20019
19610 43 20717
19909 86 20876
20131 21 21086
20319 87 22341
20882 89 22425
22860 40 23646
23305 73 24498
23660 70 25050
23705 88 25398
23778 93 26150
24291 68 29727
24358 92 31138
26385 20 31844
26681 45 33198
26778 14 33636
28148 37 34381
28501 16 35899
28581 22 37713
29361 76 38693
31023 30 39114
31691 22 39834
32350 99 39855
36385 61 40005
38024 99 40722
38252 7 42355
38367 8 42662
40002 28 43031
40440 74 43906
40552 60 45429
40845 49 46434
41119 6 47134
41722 56 48008
42678 80 48583
42749 98 51389
45412 94 52078
45550 67 52602
46164 44 53458
46248 56 54210
46292 94 55380
48803 20 55724
49035 93 57760
49327 61 59436
50709 36 59555
50812 13 59801
50923 75 59973
51072 58 60680
51675 63 62053
53117 55 62623
53615 98 62810
54261 23 63645
55297 51 63750
56430 4 64913
59490 71 64915
60031 75 65289
60768 31 65765
61671 45 67158
63037 18 68221
64172 26 68770
65037 62 69361
65311 65 69882
66197 48 69991
66806 51 71247
67738 66 71402
67924 69 72564
68737 6 72664
68761 11 73974
71242 6 74343
71386 45 74618
72147 27 76725
72351 65 77183
75464 53 77767
75675 91 77795
76178 32 78082
77464 61 78833
78502 8 79400
79001 77 79428
79368 86 79766
