100 990
42 93 2
9 62 2
84 18 7
98 94 2
18 33 0
42 8 5
11 86 6
89 38 5
25 42 6
99 6 1
56 85 6
53 13 2
10 27 4
47 68 6
61 26 1
67 21 5
9 34 5
36 11 8
37 67 8
25 35 4
61 68 7
34 6 1
83 97 4
11 83 6
14 11 4
36 8 7
47 34 1
74 72 7
7 28 7
30 73 2
75 30 8
79 52 2
23 30 0
15 94 2
6 9 5
42 71 7
30 87 8
85 22 3
14 1 5
69 61 8
59 54 5
50 14 6
5 97 4
2 63 0
29 34 8
58 72 3
1 34 0
95 2 4
23 13 0
71 65 2
38 3 4
16 30 8
99 89 4
9 53 5
86 74 4
25 7 3
19 12 4
35 50 7
10 78 1
37 61 8
50 21 7
84 12 1
26 66 3
24 73 2
1 27 6
30 63 4
77 8 5
24 52 0
9 51 7
64 76 6
28 73 5
85 58 0
92 81 4
3 27 6
61 47 6
45 66 4
73 9 5
27 36 3
68 7 6
12 31 2
32 33 3
39 14 5
45 37 1
38 7 3
56 22 5
89 9 1
93 29 1
35 3 7
35 45 6
23 62 6
37 34 8
32 56 6
16 85 7
33 70 0
47 93 1
1 96 7
33 30 7
19 53 6
40 66 6
59 64 7
15 7 2
42 46 1
64 90 7
17 25 6
32 54 7
92 77 2
16 15 8
5 60 0
58 53 3
76 98 3
14 84 6
1 43 8
9 8 0
32 96 4
24 85 8
90 35 5
81 100 6
37 86 7
84 40 1
68 27 1
44 96 3
96 53 1
75 85 0
50 43 1
28 5 7
72 88 1
52 67 3
55 47 7
64 11 0
84 52 3
59 9 5
20 93 7
83 51 0
40 54 8
44 2 6
68 98 2
2 18 6
21 51 0
100 54 2
32 26 5
95 81 5
11 27 3
25 31 8
14 93 0
12 55 2
91 57 8
53 4 4
100 6 8
91 56 4
65 73 1
24 80 5
65 13 6
22 88 4
57 21 4
82 50 8
88 62 6
26 14 8
57 9 6
30 25 0
16 100 4
98 81 4
41 94 3
11 93 6
27 9 6
83 58 8
55 10 4
50 55 4
80 38 3
47 59 2
55 62 0
17 6 3
17 47 8
68 72 5
57 12 7
98 59 7
67 94 2
51 76 5
87 80 5
26 85 3
53 50 7
17 37 8
79 97 0
62 27 5
10 51 0
35 34 8
69 33 1
32 64 6
43 47 5
33 4 0
57 81 4
34 11 3
21 93 7
8 80 4
47 88 3
71 31 3
65 32 7
67 64 6
37 21 7
97 77 3
62 14 3
1 38 0
12 74 2
100 62 6
54 70 1
21 4 0
16 52 2
22 2 1
65 18 7
6 82 2
8 2 0
36 18 8
85 48 2
73 80 7
37 85 3
47 91 4
71 59 3
78 45 8
21 31 2
62 89 2
65 100 3
75 33 8
59 85 1
82 83 7
21 34 1
24 95 3
9 97 1
38 27 0
35 32 6
96 84 3
83 32 4
30 86 7
48 41 6
98 48 2
66 47 0
88 91 2
78 33 0
66 16 2
83 18 7
33 38 4
100 8 3
54 46 5
45 63 8
94 97 2
66 9 4
64 80 4
44 78 5
1 3 8
81 51 3
52 50 2
27 48 3
60 76 6
83 21 0
39 76 5
48 79 6
64 91 2
22 1 4
91 53 3
95 47 8
62 13 1
65 51 3
98 91 7
97 26 2
91 68 2
66 11 6
4 61 5
32 57 6
9 95 1
4 56 0
38 34 5
41 92 1
62 8 3
98 58 8
6 86 8
20 32 1
49 8 4
59 16 7
42 16 5
28 30 0
80 53 7
31 41 1
17 21 3
13 17 7
57 22 4
60 63 4
50 60 8
25 33 1
32 14 3
54 71 2
71 29 7
5 77 4
52 13 3
80 21 4
80 83 0
32 93 1
96 21 0
59 3 5
80 89 3
75 80 2
90 98 4
96 3 0
60 57 2
27 79 5
32 24 5
60 41 7
7 51 7
21 61 3
5 83 5
40 56 5
9 12 2
68 60 1
83 30 4
79 42 1
90 24 8
13 15 7
99 48 1
86 51 8
7 77 1
65 34 2
94 7 6
52 56 7
31 55 0
50 98 0
45 20 0
15 55 8
96 51 1
69 17 6
1 95 2
16 22 6
37 53 5
43 9 1
56 82 5
7 81 2
6 72 5
75 68 2
4 32 1
96 11 5
59 23 0
65 43 7
81 97 4
79 47 2
88 58 4
46 73 1
40 89 1
90 94 3
21 55 1
82 12 2
75 60 7
86 89 4
12 1 8
99 46 8
26 30 1
82 14 5
30 17 7
75 37 3
95 71 2
39 59 8
90 1 0
76 27 8
26 37 4
29 78 5
67 33 3
22 34 4
11 77 6
27 33 8
96 26 3
30 18 2
89 28 3
44 90 8
99 22 8
55 100 3
81 40 1
16 70 0
37 63 1
52 12 0
31 60 7
74 81 3
89 96 3
81 66 1
47 22 2
65 31 2
7 78 4
65 49 0
2 7 6
77 1 6
82 99 8
96 13 1
31 77 4
5 2 1
86 39 1
70 59 3
60 52 3
46 26 3
7 29 8
36 74 0
9 39 3
76 6 1
12 42 5
4 11 1
79 15 0
64 70 3
19 47 2
20 49 4
11 45 5
66 25 1
86 45 7
82 87 2
3 50 0
5 12 5
49 93 6
75 83 6
36 7 0
19 45 1
71 82 3
21 32 2
49 10 8
20 31 2
43 79 2
2 20 5
6 19 2
25 43 3
45 67 3
24 35 3
31 45 5
36 91 1
99 40 0
26 58 7
44 41 0
10 86 7
58 37 8
83 87 5
85 30 1
25 93 1
63 54 3
51 58 0
7 54 5
72 62 6
97 36 1
19 61 5
100 1 2
33 19 7
14 49 7
45 3 2
84 30 4
5 15 4
13 45 0
72 34 7
68 20 2
75 32 6
67 75 6
40 83 8
97 39 4
3 6 8
61 85 1
92 12 1
36 39 4
32 61 3
71 79 3
92 66 3
74 90 7
5 4 8
60 11 3
27 80 7
19 51 0
55 4 6
99 59 6
54 44 5
20 50 6
82 69 6
27 49 1
84 93 3
29 63 5
38 14 6
46 24 4
61 91 0
44 20 4
18 55 7
30 4 0
100 59 1
92 7 7
15 22 6
77 79 6
47 11 4
13 71 7
83 100 2
11 74 5
54 69 8
73 26 3
71 11 1
61 54 5
79 94 6
44 15 7
42 75 0
3 99 4
87 84 5
22 42 1
54 65 4
99 20 2
96 76 7
89 97 6
9 14 8
91 94 3
36 56 1
51 26 3
73 50 0
40 26 6
39 89 2
78 37 6
80 47 4
62 93 5
37 44 2
60 38 5
33 37 2
66 65 3
71 92 5
8 25 6
39 68 4
19 77 7
57 11 5
16 10 8
80 100 3
50 92 2
57 23 6
88 3 8
24 89 0
43 48 0
34 31 2
23 44 1
49 11 3
71 16 7
80 35 4
34 98 5
47 74 1
7 1 8
34 48 8
78 57 6
65 58 2
78 67 4
81 32 6
18 38 1
69 2 8
3 51 5
21 86 7
27 5 4
80 96 4
89 18 5
36 73 4
35 28 6
71 12 8
71 27 0
49 41 7
64 17 7
67 34 5
92 60 0
81 68 0
66 48 1
30 61 8
30 59 6
14 2 7
96 31 4
7 24 8
49 42 2
17 97 7
8 3 0
34 80 5
48 58 7
58 43 2
91 80 0
75 59 4
41 89 2
16 46 3
81 65 8
10 76 0
17 10 6
41 25 2
72 83 4
55 46 3
75 10 4
28 99 8
38 54 0
74 65 6
10 39 8
46 17 6
38 28 1
55 81 6
42 84 7
79 80 5
14 29 4
76 61 5
45 9 2
51 50 7
92 20 0
86 1 8
20 67 5
45 54 2
11 63 3
54 66 8
19 3 0
77 75 2
29 82 4
79 23 8
21 69 2
17 22 4
3 66 0
34 39 4
67 99 6
49 34 5
58 94 2
21 45 4
90 67 4
84 95 7
33 3 3
12 43 5
63 32 7
94 14 6
20 69 1
53 75 4
1 17 5
74 13 6
39 94 5
65 88 6
62 65 7
78 89 4
51 63 1
54 11 3
13 84 7
68 85 8
41 36 6
24 78 2
2 10 5
70 55 0
75 92 2
20 4 4
12 41 8
98 4 7
24 84 8
54 18 6
80 63 1
62 69 4
17 78 6
6 29 5
21 28 6
5 86 8
59 6 4
75 90 1
81 56 4
34 84 7
52 19 0
33 21 0
63 97 8
45 5 4
48 9 5
54 19 5
65 22 4
97 7 3
30 20 1
18 56 8
26 44 1
4 10 6
26 34 1
92 52 4
84 4 2
94 46 2
52 45 1
44 97 6
60 99 6
70 42 5
98 79 6
77 4 6
26 64 7
49 1 5
12 32 5
54 83 2
56 21 2
82 19 8
22 46 8
74 34 6
7 91 4
11 61 2
29 5 3
48 30 5
78 83 1
87 97 6
26 47 1
64 71 8
65 84 0
12 28 3
90 83 6
72 16 6
81 14 3
1 19 4
47 35 2
23 58 2
79 81 3
8 21 3
65 96 8
29 21 1
79 96 4
56 66 0
36 87 6
52 99 4
21 82 2
17 8 6
89 29 4
8 24 1
52 95 8
94 84 4
24 79 3
42 41 3
87 13 4
37 81 1
19 14 5
31 78 1
65 95 5
26 92 0
31 42 8
11 32 1
1 62 1
1 93 5
59 36 3
67 43 0
48 80 7
69 92 2
19 71 7
39 19 4
7 69 8
2 93 0
3 94 7
58 35 8
27 18 0
8 33 0
30 34 8
1 42 7
8 6 1
39 33 7
41 62 3
3 17 4
26 39 5
62 71 5
24 83 8
16 51 3
13 9 3
95 48 8
26 10 3
7 35 4
45 58 8
63 13 0
74 39 3
14 75 2
84 5 0
96 92 8
18 82 4
17 11 6
38 20 5
34 12 1
90 12 4
19 84 1
37 93 1
96 56 6
100 2 6
20 58 8
6 90 6
43 16 3
72 98 0
45 84 5
88 74 8
34 55 5
56 41 4
51 93 1
70 19 7
69 86 2
36 25 6
45 93 7
81 83 7
91 77 3
52 66 5
31 15 3
90 13 1
58 66 6
39 47 2
43 33 4
82 47 3
33 95 1
50 25 8
86 98 0
65 78 7
33 82 3
79 19 3
57 41 4
50 63 3
34 95 8
63 20 4
54 92 0
71 20 0
54 86 1
39 92 5
89 88 3
68 97 6
46 67 0
72 40 8
28 10 4
85 6 8
38 6 5
36 15 2
85 14 5
10 14 5
28 90 4
81 53 1
29 69 0
83 4 2
26 67 5
58 14 6
23 87 0
86 35 7
22 9 1
40 96 5
32 58 1
64 24 2
100 93 5
90 72 7
89 36 7
61 14 1
30 81 5
70 4 5
10 25 7
9 4 2
13 69 1
92 34 8
29 53 4
80 93 8
3 44 6
14 15 3
81 34 5
73 20 4
1 63 0
19 89 3
69 55 4
44 64 8
6 28 6
79 6 6
20 64 2
97 22 6
80 66 2
61 95 2
30 64 0
34 42 1
22 58 3
16 54 8
65 64 6
87 48 0
71 7 0
13 48 1
56 33 7
88 69 0
27 30 3
65 11 8
64 25 1
49 35 5
95 46 5
38 91 8
54 13 7
84 85 7
37 99 3
52 39 0
34 78 3
69 12 3
72 12 5
77 50 6
77 45 1
15 99 1
61 52 2
85 51 3
70 58 7
26 5 7
79 84 7
100 90 1
86 90 0
25 28 7
14 89 2
52 71 6
29 60 3
30 15 7
82 40 7
47 56 2
7 12 1
89 17 7
50 100 6
97 98 1
61 35 3
63 35 3
83 47 0
2 27 6
17 7 3
48 26 0
53 42 3
95 32 1
28 40 3
49 88 0
3 60 0
29 80 7
81 3 0
35 48 6
33 10 3
70 100 3
24 76 0
56 87 8
100 69 6
83 65 4
68 96 0
21 24 2
98 10 7
100 57 0
22 19 7
34 52 1
55 87 1
20 82 2
81 17 2
45 89 8
8 64 2
77 32 8
33 68 5
83 85 1
82 25 8
77 64 6
6 18 0
52 94 1
98 43 0
10 73 8
18 77 1
34 79 8
64 5 8
45 80 8
25 71 1
48 74 0
10 59 8
40 74 4
52 51 7
32 5 6
9 96 0
54 56 8
72 14 3
88 67 0
73 8 2
11 75 8
14 7 7
11 22 3
69 4 1
23 20 3
67 87 6
55 86 1
14 5 1
25 34 8
48 25 8
1 68 5
68 65 1
7 95 1
74 66 3
37 74 1
61 75 1
56 71 5
44 48 4
10 40 4
60 43 4
40 86 4
55 5 2
64 27 7
28 83 5
82 52 3
32 91 0
8 32 1
85 20 1
51 97 0
39 31 1
4 90 3
6 4 8
39 83 6
54 42 7
41 73 6
99 42 3
89 15 1
81 49 0
19 94 0
28 51 0
40 11 2
64 68 6
63 87 0
82 9 2
11 23 4
6 49 7
36 61 4
93 30 2
100
113 30 494
862 63 862
893 97 971
952 29 1926
1371 74 1971
1813 80 2011
1858 50 2992
2318 16 3314
3499 9 3751
4190 57 4190
4211 69 4211
4385 9 4385
4451 32 4451
4548 68 4548
4813 23 4813
4881 67 4881
5107 42 5829
5196 29 5864
5874 14 6142
6013 12 6363
6207 63 6527
6215 35 6984
6559 61 7201
6871 60 7305
7396 95 7591
7754 18 7754
7986 11 7986
9307 59 9307
9321 82 9321
10558 42 10558
10571 14 10571
10625 28 10867
10678 37 10894
10907 86 11391
11352 48 11555
11552 10 11836
11658 17 12448
13711 92 13711
13861 62 13861
13918 63 13918
14290 34 14290
15124 25 15124
15648 67 15648
16053 3 16053
16285 82 16285
16367 85 16367
16557 67 16557
16707 5 16707
16851 84 16851
17007 62 17007
17051 89 17051
17921 96 17921
17969 6 17969
18632 70 18632
18834 84 18834
19695 31 19695
19868 100 19868
19916 65 19916
20556 87 20556
21260 79 21260
21362 19 21362
21542 85 21542
22082 48 22082
22328 20 22328
22396 51 22986
22435 43 23289
22454 96 23667
22838 7 23831
23382 49 23943
23691 86 24001
24059 85 24205
25053 25 25053
25619 91 25619
25633 31 25633
25872 4 25872
26706 78 26706
26800 60 26800
27028 94 27028
27852 12 27852
28271 59 28271
28704 29 28727
29024 6 29024
29158 38 29158
29493 58 30143
30017 19 30747
30187 26 30919
31019 40 31019
32354 97 32354
33441 42 33441
34001 76 34001
34794 27 34794
34866 10 34866
35106 53 35106
35211 5 35211
35247 88 35532
35285 23 36358
35649 3 36392
36523 48 37330
38740 63 38740
39181 31 39181
