100 990
41 35 2
77 13 4
6 45 3
9 27 0
87 92 5
48 55 2
78 14 5
49 79 7
61 88 7
34 19 5
39 40 6
67 35 6
38 89 2
47 60 5
84 67 4
97 48 1
11 36 5
14 75 1
81 53 7
68 12 4
24 52 8
77 8 3
88 32 0
15 77 6
26 30 5
66 9 7
65 1 4
89 53 0
74 61 8
21 90 2
69 91 5
14 56 6
2 11 0
38 52 7
63 52 5
84 11 0
24 99 1
95 14 6
71 54 2
12 17 6
11 14 5
62 26 2
57 10 8
84 9 1
88 93 3
92 79 3
69 34 0
76 70 6
67 68 3
41 11 4
88 6 6
50 76 0
100 22 3
5 54 8
89 8 5
85 22 0
69 95 0
32 70 3
87 14 2
40 34 4
60 43 1
91 55 7
12 48 8
82 72 0
68 80 2
24 93 3
66 30 0
30 25 0
34 53 2
62 75 5
30 42 0
85 69 5
17 16 5
21 58 5
14 28 3
21 63 5
30 73 7
44 23 2
1 91 2
56 45 4
45 23 6
68 19 3
13 29 3
44 71 3
100 14 2
43 29 7
26 15 8
11 46 6
36 72 8
1 8 8
15 23 6
61 53 1
84 92 3
46 96 0
63 38 2
6 28 4
100 89 8
93 58 8
12 47 4
52 64 8
27 79 0
22 65 8
49 70 1
13 81 2
98 74 7
15 12 6
51 89 1
24 32 8
27 63 8
13 30 5
19 89 7
50 13 0
35 36 4
19 82 4
34 85 8
1 38 1
75 49 2
9 49 1
8 54 7
87 8 6
38 30 4
92 17 8
93 60 2
29 9 6
7 58 1
46 78 5
78 86 0
17 47 8
40 28 0
47 51 8
43 22 3
71 45 7
34 61 6
48 21 3
68 44 2
70 8 0
91 80 2
75 34 0
2 63 0
98 78 6
5 41 2
77 65 7
79 14 3
70 29 7
86 82 6
80 8 7
67 70 0
86 72 8
32 59 4
34 13 6
4 79 4
17 36 6
40 30 5
21 16 7
37 12 2
49 61 1
49 44 8
96 16 4
20 100 3
19 71 4
3 56 7
32 63 7
42 40 3
15 2 6
85 15 0
41 91 7
65 87 6
43 8 5
45 39 7
49 98 4
19 25 0
4 49 6
86 5 8
92 16 5
91 22 1
97 46 6
23 19 2
57 37 6
58 75 0
87 63 5
20 40 8
3 25 4
98 83 7
26 60 8
98 14 0
54 89 2
47 42 5
90 78 0
8 31 3
9 21 5
94 17 8
96 65 8
52 91 5
1 30 5
50 54 1
82 87 5
36 53 6
85 91 0
80 52 0
37 66 3
96 58 6
19 40 4
32 26 0
67 98 1
12 82 6
24 81 2
69 65 2
2 4 4
69 94 8
27 64 2
43 63 4
13 74 5
18 47 0
41 18 6
38 84 0
61 57 8
64 83 7
83 19 8
52 1 1
55 33 7
27 94 3
16 38 3
79 18 5
11 3 3
11 29 6
92 20 6
79 50 4
8 74 1
18 24 1
20 31 0
58 15 3
49 62 1
96 83 2
29 46 4
50 23 4
38 2 0
52 32 7
54 37 8
84 52 7
22 94 0
38 45 7
14 84 7
62 25 0
18 4 2
73 69 7
85 26 3
48 52 5
44 36 0
50 80 1
52 6 3
12 34 8
42 28 3
29 49 1
63 25 6
55 35 8
78 36 6
60 79 8
81 12 1
91 27 2
29 82 8
92 97 6
2 5 3
74 79 0
74 17 8
60 83 7
88 95 6
44 65 4
54 53 5
36 65 5
67 27 8
61 82 2
53 42 1
8 81 6
65 28 4
78 7 1
57 25 5
28 92 5
42 8 1
20 80 1
60 3 0
47 7 1
31 89 7
97 52 6
13 92 0
73 34 7
23 38 6
72 31 7
58 86 4
91 84 1
79 1 4
18 6 6
74 20 8
27 77 2
25 9 5
60 80 6
7 8 5
5 35 5
17 34 4
35 97 4
77 45 0
84 47 3
77 6 0
38 66 1
28 3 1
78 88 5
43 48 6
11 87 5
32 9 7
76 31 0
70 81 3
40 74 2
66 62 6
74 28 1
46 52 2
84 64 1
22 73 1
55 29 6
74 42 4
63 96 7
41 31 6
83 1 0
75 90 1
24 100 1
44 37 3
91 87 8
66 54 8
47 24 4
15 84 8
73 91 1
67 61 2
68 42 8
55 64 2
78 83 0
66 99 7
95 36 7
56 49 3
30 74 3
37 17 0
77 41 3
74 18 8
65 5 6
34 2 8
60 40 2
21 68 6
24 40 0
67 39 6
51 15 4
57 44 5
75 23 4
19 75 1
42 73 1
93 36 5
93 14 2
81 20 5
70 63 8
96 81 5
23 74 3
41 54 4
75 27 7
6 9 1
20 64 6
21 79 8
52 4 0
45 41 7
40 9 8
20 86 3
46 81 2
92 11 8
57 55 3
1 31 1
73 72 1
31 29 2
80 9 3
87 50 8
90 37 7
44 50 8
11 35 5
32 71 7
42 9 1
28 73 1
31 57 4
58 35 8
81 41 1
45 34 0
50 68 1
84 49 5
19 55 5
65 15 7
99 80 6
84 76 7
53 16 5
37 64 6
18 45 3
23 72 2
72 39 2
86 91 5
3 7 7
88 75 6
22 61 2
86 59 1
85 47 5
30 20 3
29 8 1
59 39 0
86 98 1
50 45 6
48 96 8
15 71 1
56 54 6
55 89 0
47 92 5
90 81 8
41 90 5
28 43 8
72 81 1
71 50 2
29 27 3
88 25 4
64 29 2
15 91 2
7 57 8
84 35 5
92 63 0
28 68 8
15 73 0
68 99 2
67 28 4
9 10 1
65 71 8
90 6 8
69 8 6
58 64 1
54 17 2
90 65 6
26 66 4
91 31 6
45 37 6
65 48 3
16 72 2
42 95 6
82 69 1
32 47 7
86 17 1
95 38 1
100 91 7
51 68 4
3 90 8
95 100 7
28 93 7
82 44 2
18 3 6
7 33 2
14 41 7
1 95 0
39 21 1
32 99 8
57 60 4
89 9 8
95 75 8
37 61 6
68 88 0
54 4 1
17 46 6
47 68 8
85 10 6
98 96 2
64 6 1
34 23 8
75 41 3
50 21 2
61 95 2
51 77 5
15 88 6
68 46 5
91 57 2
79 89 5
38 81 7
87 19 4
95 37 2
35 21 5
88 38 1
13 93 6
65 7 5
58 1 3
98 12 6
36 89 4
35 83 8
37 82 5
6 39 8
92 21 2
96 11 4
99 14 1
21 72 7
30 86 0
3 35 3
36 13 2
69 30 4
12 59 7
74 65 2
98 57 5
71 39 3
11 76 4
16 71 6
4 41 1
37 7 8
47 63 1
77 26 3
30 70 1
40 27 3
9 24 4
27 38 1
68 26 3
64 57 0
99 21 3
100 86 5
100 5 8
59 34 4
57 56 5
2 91 4
75 6 8
68 3 3
36 94 4
9 70 1
26 7 8
42 46 4
78 52 3
39 49 5
35 2 2
48 91 0
45 63 7
1 86 4
29 72 0
53 60 2
50 64 2
38 31 5
96 77 8
48 46 2
79 77 1
17 1 0
10 36 2
11 38 2
43 1 7
67 15 7
26 4 5
80 42 1
66 25 4
83 62 1
69 51 2
13 17 3
21 97 1
16 11 2
49 40 6
64 82 8
58 13 2
100 90 3
35 57 0
43 64 0
85 19 4
30 52 0
5 70 2
47 80 5
49 81 5
6 16 6
62 87 0
67 66 2
100 49 3
5 98 6
99 84 0
16 49 5
12 51 5
69 33 8
12 57 7
75 93 2
30 97 4
79 61 1
89 78 1
90 1 7
2 28 8
88 98 6
18 75 4
84 86 7
74 69 6
47 56 5
51 95 0
41 63 8
72 4 2
74 67 3
54 100 6
90 77 2
5 11 3
35 94 2
66 8 2
11 57 2
94 89 3
93 66 1
14 26 0
69 23 8
71 24 6
23 8 5
25 91 1
41 43 5
40 57 8
20 85 1
7 94 4
78 59 8
23 6 6
84 6 4
80 4 4
60 89 2
43 7 4
67 96 0
97 59 0
15 54 7
63 48 2
67 86 5
47 87 5
23 46 5
23 54 3
15 14 7
100 39 5
4 10 1
39 73 8
24 53 4
36 38 2
48 89 8
59 92 5
7 15 5
65 10 2
22 90 0
83 26 5
54 49 2
72 48 6
3 57 2
19 65 5
74 85 1
72 70 7
59 14 5
68 63 3
90 97 2
26 55 7
81 29 1
86 93 0
19 32 1
87 67 5
79 53 5
40 35 8
85 21 7
65 55 6
34 10 7
41 89 2
26 80 7
64 100 2
23 22 1
94 4 4
84 25 8
8 18 2
56 16 3
68 24 6
44 67 4
57 93 6
94 48 8
32 100 3
4 36 6
81 23 6
55 75 1
33 9 0
3 84 8
36 31 5
64 48 7
5 8 0
62 60 3
89 73 1
40 1 5
75 1 6
75 98 2
60 13 0
7 83 4
38 29 7
86 79 1
75 17 5
96 44 5
89 29 7
29 35 8
10 30 5
2 48 1
12 24 2
12 71 3
23 85 5
18 46 8
47 8 5
66 40 6
93 34 0
58 67 3
68 20 7
35 17 0
22 18 1
47 25 5
22 4 8
93 62 8
41 72 8
5 63 0
95 72 4
80 53 4
49 14 3
38 44 6
64 65 1
92 26 8
66 45 0
89 69 0
74 2 6
65 11 6
81 52 0
82 83 3
22 6 3
90 28 3
59 57 1
66 10 1
31 54 5
49 7 0
41 24 7
47 6 6
63 83 1
29 59 8
9 94 2
93 31 2
65 3 6
41 3 1
52 61 2
88 18 7
73 81 8
59 4 5
43 72 5
51 44 4
88 64 1
77 30 1
33 43 7
96 97 5
9 78 2
15 86 0
72 3 5
10 19 7
25 95 5
4 46 1
2 40 1
57 78 5
3 79 0
37 73 5
12 92 3
36 26 8
45 74 3
9 99 7
43 58 8
4 6 5
89 2 3
17 73 2
35 100 7
18 7 5
61 47 1
18 96 3
52 68 2
58 85 6
28 51 6
51 83 0
75 78 6
17 25 7
96 50 7
72 78 0
62 34 7
18 55 8
20 78 0
42 38 8
28 85 8
96 12 6
48 78 7
37 68 1
5 38 1
76 87 8
53 69 1
38 34 4
46 66 0
68 45 5
71 34 6
8 86 2
40 67 0
52 28 5
65 62 6
65 46 3
76 2 2
93 5 4
30 98 8
71 4 6
10 95 0
18 99 5
89 84 7
67 93 4
26 40 4
80 6 6
9 74 7
59 47 7
9 37 1
86 77 2
44 89 3
2 39 5
67 45 5
26 88 6
30 48 3
16 61 4
53 9 3
100 40 5
76 40 1
54 93 7
66 68 2
78 63 5
80 15 8
100 80 4
66 85 5
3 12 4
13 47 3
40 54 8
79 13 8
32 45 2
3 89 2
21 67 2
10 100 0
85 14 6
90 42 5
31 83 6
75 57 7
18 53 3
2 98 1
18 39 4
63 90 4
64 12 8
99 55 1
85 92 5
29 87 2
76 91 7
89 92 1
40 71 6
58 59 8
2 55 1
37 4 0
52 42 5
78 92 7
16 40 3
64 92 4
44 29 6
9 79 3
62 94 8
70 60 6
10 92 0
49 95 0
83 66 0
89 86 2
79 24 4
40 99 3
50 70 3
30 54 6
72 46 0
31 44 6
51 38 8
70 53 1
76 62 2
9 71 3
85 56 4
17 29 2
89 33 8
51 13 2
63 39 6
97 39 5
41 28 1
95 32 8
63 49 7
42 49 6
73 61 3
47 62 7
97 3 7
95 3 6
69 13 0
24 58 5
70 39 6
30 19 4
20 14 4
94 59 5
46 20 7
5 10 1
56 71 7
31 17 1
33 52 5
20 56 5
20 65 5
64 9 7
58 8 8
91 54 8
48 90 2
38 79 2
98 82 0
17 83 6
56 92 0
66 90 7
63 74 7
3 93 1
50 15 5
65 98 3
91 39 8
53 77 4
88 92 5
33 83 2
65 41 7
12 54 0
90 49 5
27 85 3
11 62 2
99 5 8
2 97 4
95 55 8
3 52 1
82 39 7
60 10 5
18 19 8
23 53 7
98 21 5
50 17 5
27 50 5
51 39 0
58 73 4
50 42 5
32 46 3
90 16 4
17 89 3
13 88 7
79 68 7
92 57 2
26 72 3
98 15 2
12 29 7
11 18 3
70 73 6
53 3 5
72 94 3
94 21 2
95 29 4
25 15 4
89 20 8
50 33 4
27 53 3
39 15 4
54 68 2
57 13 4
73 55 0
45 97 8
32 41 2
100 25 7
4 21 8
22 62 0
11 60 4
80 63 6
95 19 2
37 91 8
50 10 4
43 5 6
17 45 3
21 18 1
20 15 5
42 67 5
18 15 3
65 26 2
10 81 6
80 84 1
87 93 3
91 63 7
45 15 1
6 11 2
93 79 3
43 6 2
71 53 6
46 87 4
86 61 0
40 89 5
44 8 0
43 56 7
58 45 3
52 29 5
30 56 4
78 26 4
41 53 3
75 56 6
78 85 5
20 61 4
84 41 1
100
9 27 87
105 8 112
189 70 250
269 6 412
339 97 415
359 89 464
487 49 636
508 39 821
518 75 846
554 28 944
620 61 1030
692 3 1167
716 77 1181
717 45 1433
812 56 1448
1064 37 1742
1131 54 1866
1212 47 1938
1368 3 1999
1410 92 2062
1584 61 2078
1586 9 2079
1700 40 2222
1733 80 2272
1858 100 2301
1865 5 2433
2017 50 2468
2255 6 2536
2324 86 2545
2416 5 2624
2590 91 2769
2618 50 2784
2701 15 2985
2767 96 3050
2878 60 3088
2934 5 3105
3024 82 3110
3041 84 3146
3145 25 3176
3272 50 3272
3535 96 3535
3594 47 3604
3601 54 3798
3634 13 3950
3927 27 4079
4006 18 4131
4170 92 4355
4202 53 4371
4204 65 4564
4421 18 4615
4629 87 4672
4819 7 4819
4870 11 4870
4996 71 4996
5094 75 5094
5274 76 5274
5573 56 5573
5628 89 5628
5641 62 5641
5646 85 5646
5695 61 5739
5725 78 5914
5763 47 6364
5835 16 6387
5927 45 6388
6171 22 6405
6316 39 6421
6384 75 6503
6693 61 6693
7140 41 7140
7300 77 7300
7330 82 7355
7378 51 7738
7448 80 7789
7541 79 7861
7665 65 7870
7749 7 8041
7766 91 8074
8050 46 8163
8090 59 8268
8134 78 8342
8219 85 8428
8223 75 8487
8254 29 8538
8551 28 8651
8576 40 8661
8587 94 8858
8740 100 9024
8856 99 9189
8914 35 9221
9068 55 9385
9094 40 9517
9123 79 9579
9248 81 9627
9445 35 9674
9700 74 9700
9718 60 9873
9798 86 9904
9842 49 9931
9987 62 9987
