100 990
48 36 1
33 44 7
7 97 0
31 53 1
50 96 6
4 48 6
52 8 3
74 31 8
83 63 8
35 22 8
29 26 3
55 96 6
68 84 6
91 89 8
17 30 8
30 24 6
95 26 6
66 18 0
50 38 0
69 59 5
4 78 7
45 42 2
59 73 1
52 60 4
32 19 4
78 16 5
22 74 1
14 3 3
70 7 5
52 24 0
26 96 8
23 81 8
73 69 2
84 85 6
82 69 3
2 57 7
9 51 0
48 75 7
32 50 5
11 79 1
1 68 7
22 76 1
98 88 1
1 16 8
43 84 1
46 44 3
39 79 1
15 75 2
25 94 6
77 75 5
89 11 4
89 98 3
84 76 2
45 27 3
54 29 0
45 29 7
5 24 6
55 91 5
35 57 7
67 29 0
89 6 4
73 38 7
51 28 7
83 2 3
58 69 3
51 61 0
90 56 5
52 16 3
53 30 0
3 88 0
36 92 2
24 68 4
55 95 8
76 58 4
3 86 0
7 78 7
84 1 6
57 36 7
56 88 3
52 10 3
92 54 4
30 88 2
29 18 3
7 83 4
92 47 0
53 5 8
84 44 7
42 11 6
27 38 3
47 88 1
31 96 6
36 100 3
82 46 2
48 42 5
46 35 1
14 96 4
91 65 5
19 91 7
80 24 0
36 13 4
63 34 4
67 16 8
70 58 6
83 84 2
38 45 8
100 86 3
68 10 7
64 20 1
50 11 3
92 74 1
44 55 8
24 99 0
45 79 1
62 21 5
37 91 2
23 92 3
14 49 0
2 19 6
39 70 8
93 78 6
94 75 0
85 99 4
20 80 5
31 39 1
93 1 4
62 3 7
65 92 6
11 43 0
32 1 5
5 58 6
82 86 3
94 7 4
43 39 2
61 69 1
21 89 1
69 35 8
85 18 3
98 2 7
28 90 0
54 35 5
18 63 6
8 84 3
25 38 1
42 12 1
65 100 2
39 100 6
80 3 6
47 70 7
62 46 5
49 50 5
78 77 6
20 54 3
30 83 4
74 70 2
1 65 4
28 53 5
87 91 3
13 48 7
79 2 4
25 41 1
35 40 5
74 19 4
29 10 6
55 29 4
57 33 6
64 80 5
49 91 4
9 55 2
41 76 6
56 27 6
97 49 0
90 41 1
21 3 0
22 85 4
81 11 1
74 11 3
97 12 1
37 44 6
15 77 8
60 59 0
20 96 4
41 46 1
9 39 7
24 86 4
85 87 4
7 96 1
63 49 6
78 64 6
24 69 1
78 86 7
26 64 6
67 98 7
83 8 3
66 98 2
79 82 7
25 14 2
50 14 2
45 82 4
74 9 0
99 84 8
96 60 1
96 19 1
10 62 7
56 22 1
10 67 5
71 88 6
17 91 4
98 12 8
52 65 0
22 38 5
50 27 1
89 8 0
66 28 8
55 66 5
1 34 0
96 23 4
37 20 3
16 71 4
36 85 0
8 92 8
1 77 5
8 49 1
55 27 8
52 49 0
49 46 0
90 46 1
82 84 7
1 55 7
66 17 4
14 30 3
8 78 5
97 60 5
68 17 2
83 48 1
24 47 0
73 47 5
12 87 4
67 19 6
33 9 3
2 43 6
8 45 8
62 54 7
75 76 1
98 61 6
58 47 0
67 75 5
66 74 3
27 51 4
32 100 2
5 18 8
62 7 7
99 7 6
85 78 7
92 60 7
79 97 4
45 90 7
98 72 5
3 97 5
6 12 2
35 43 3
29 100 3
61 21 3
21 48 1
89 100 6
27 12 5
50 34 3
11 9 7
35 84 3
19 8 6
87 45 3
33 34 1
86 87 4
80 26 2
46 8 7
3 27 8
18 70 6
65 16 0
15 38 2
76 62 1
79 21 1
8 67 3
43 62 3
21 53 5
4 13 0
73 63 1
70 41 0
9 40 4
39 14 0
88 33 8
59 76 0
27 2 0
68 9 0
48 76 4
76 97 2
96 39 5
50 73 8
1 88 8
79 10 2
79 24 2
87 96 2
75 25 7
23 99 3
2 99 3
20 55 2
85 14 3
54 78 7
94 58 0
59 47 5
37 46 6
80 61 6
60 26 4
17 2 7
86 13 2
17 70 8
10 22 2
2 85 0
58 54 7
60 39 5
42 93 4
43 100 2
49 25 7
8 97 4
13 15 5
8 76 2
70 96 0
100 17 4
6 78 8
95 35 4
93 7 3
52 45 6
65 31 4
22 34 3
94 20 2
7 23 7
17 65 0
66 53 3
56 75 1
58 62 0
15 74 2
7 24 8
83 65 6
97 99 7
11 67 4
53 67 6
67 87 5
10 43 6
52 79 0
12 18 5
81 91 5
74 84 8
96 3 5
11 13 2
23 78 8
46 76 4
14 11 3
60 80 2
29 93 7
82 33 0
32 59 6
60 68 7
79 87 3
48 74 5
93 18 7
36 72 8
28 6 7
95 28 7
6 47 3
7 69 2
51 29 6
59 58 2
20 50 5
20 66 3
81 90 0
40 33 5
57 95 7
90 2 1
27 33 8
72 96 3
29 87 1
93 92 5
43 70 6
22 96 7
92 15 8
64 67 5
42 78 6
7 51 8
25 51 0
75 19 5
65 76 7
56 44 4
1 39 0
35 72 5
67 84 5
83 12 1
18 48 8
26 23 7
26 6 7
87 55 1
12 78 4
21 90 5
66 52 2
52 9 5
4 43 7
100 93 0
36 1 4
54 32 1
7 6 8
73 90 0
14 48 1
21 16 3
32 23 3
91 52 0
19 98 4
41 87 0
64 85 2
13 72 0
12 19 4
3 36 5
14 29 7
37 54 3
5 9 0
13 50 4
56 10 6
90 63 7
52 46 8
7 12 1
99 91 8
68 64 4
72 21 8
47 10 2
36 83 5
12 58 0
23 8 0
88 76 3
83 21 6
16 91 2
90 43 2
13 31 7
58 49 3
51 5 2
77 96 2
31 55 1
17 10 2
24 89 0
76 61 4
91 64 4
94 50 8
61 57 6
89 73 4
52 32 0
82 8 8
71 54 1
19 62 5
76 93 3
21 49 0
9 45 4
74 32 3
40 70 6
11 31 8
94 13 4
37 72 7
23 74 1
69 2 8
4 100 6
2 4 4
39 50 2
46 92 0
90 75 6
54 19 5
3 23 6
31 14 7
11 2 5
14 40 6
29 38 3
38 37 6
51 18 3
45 67 2
60 79 2
94 77 6
44 70 4
67 52 6
41 61 3
1 31 0
12 100 7
96 54 0
37 8 5
2 23 4
2 37 7
44 75 3
10 16 8
2 66 7
45 14 1
12 33 5
18 49 1
77 97 4
20 35 6
44 58 3
77 80 6
86 62 3
39 83 3
75 22 3
24 87 8
95 71 7
26 24 0
64 55 3
89 72 5
14 72 5
67 26 2
81 77 4
15 55 3
2 41 5
91 2 2
29 85 8
6 91 5
9 16 2
43 97 6
93 58 4
46 89 2
14 43 6
25 82 7
78 51 7
56 42 5
91 88 0
13 26 4
74 76 0
84 94 6
35 100 4
35 27 2
71 62 3
65 97 3
44 14 2
98 16 1
54 10 7
60 37 2
50 12 3
36 11 8
19 26 5
59 66 1
76 14 1
66 93 1
4 94 3
44 88 5
87 58 4
40 22 8
49 6 7
65 20 2
78 39 2
32 88 2
29 86 8
66 73 8
11 65 5
27 4 3
87 11 4
42 71 1
69 56 7
77 99 6
1 42 3
45 36 8
38 83 3
60 99 3
90 37 0
5 60 7
22 25 0
87 7 6
92 88 8
78 5 1
92 50 4
13 60 3
57 90 0
58 19 1
50 99 4
21 9 6
64 9 5
74 54 7
18 55 6
1 47 3
65 56 0
10 78 0
97 69 7
28 41 2
31 97 5
26 2 0
98 13 7
13 16 2
100 23 4
91 34 4
1 37 8
14 79 2
73 43 6
41 6 5
27 58 5
11 25 3
98 82 8
13 69 6
85 58 2
25 32 7
16 25 3
71 100 6
14 13 0
91 83 1
8 33 5
100 7 8
37 35 5
31 52 5
91 100 2
12 99 6
49 4 3
74 12 8
5 49 2
7 15 1
86 98 1
85 35 1
50 51 2
21 93 3
46 38 4
66 96 1
87 44 2
26 69 5
19 55 8
92 26 1
81 58 5
48 96 4
61 26 7
86 92 0
32 85 8
8 53 6
71 89 1
34 48 3
29 64 2
36 7 5
42 94 5
99 61 2
34 100 7
95 34 0
8 59 6
82 63 8
24 97 4
94 88 2
75 11 8
36 32 8
22 72 7
31 16 2
75 4 3
12 35 0
56 51 6
58 98 7
85 68 0
29 58 1
22 89 2
55 51 7
59 17 7
13 65 1
85 25 1
94 74 8
99 70 5
9 69 0
64 69 7
29 80 5
1 43 7
28 29 8
66 43 5
9 59 1
31 83 4
84 52 5
10 13 7
34 32 6
97 53 7
79 57 2
5 89 3
34 3 4
47 61 7
23 4 2
67 85 7
26 22 1
62 38 4
42 15 7
26 66 1
10 93 7
79 33 3
35 33 8
8 10 1
68 98 2
48 94 1
43 7 1
54 67 0
82 48 5
41 72 5
81 33 2
43 24 7
54 81 5
65 30 5
98 14 7
49 99 6
87 66 6
16 63 7
83 41 3
39 91 4
42 83 5
14 97 3
87 82 0
40 11 1
34 53 2
65 36 1
8 61 7
12 11 6
31 25 0
34 98 3
85 51 7
16 83 8
97 67 2
76 69 7
40 61 7
6 65 1
46 60 3
15 56 8
38 58 0
28 25 3
45 12 0
6 86 3
4 55 3
61 97 8
20 43 0
55 60 3
78 29 2
73 13 7
28 20 3
5 12 5
74 96 7
43 41 8
24 48 0
20 19 1
21 22 7
97 91 5
20 59 6
16 57 3
87 81 0
8 40 0
25 53 6
7 22 8
26 20 3
24 57 4
26 42 1
56 4 8
45 99 2
59 36 4
85 26 5
76 73 1
16 93 6
57 50 2
81 57 4
23 71 1
56 32 1
95 4 1
25 17 4
53 61 2
19 23 8
95 54 1
8 48 6
21 11 3
94 67 4
41 60 0
65 34 8
61 23 4
59 30 6
98 94 5
58 51 2
94 86 0
74 27 4
47 90 2
19 40 6
46 57 2
25 73 2
60 40 1
32 81 5
6 66 1
16 2 0
48 79 2
28 18 7
74 81 3
17 54 6
27 22 6
6 51 6
83 9 0
12 90 3
90 38 2
99 52 3
36 86 2
73 75 5
4 31 5
41 23 6
73 31 5
88 36 6
45 13 5
70 87 7
62 96 2
36 62 0
91 57 6
94 24 6
40 89 7
2 70 6
71 69 2
30 81 0
36 14 2
36 89 3
61 30 6
4 91 0
59 28 7
66 95 7
37 83 0
87 2 8
98 21 1
70 56 2
84 10 3
81 56 8
35 60 5
17 61 5
77 47 3
94 53 1
48 64 0
74 73 3
14 42 2
2 40 5
37 14 6
1 56 6
88 26 0
5 32 4
81 60 8
60 29 6
21 88 4
69 34 0
31 5 4
30 1 2
5 21 2
75 74 3
91 61 6
25 19 6
73 55 4
88 81 7
69 83 5
41 57 0
63 71 2
93 46 5
94 61 2
9 6 1
52 81 0
7 32 7
39 33 5
99 35 1
17 16 4
78 87 4
53 89 2
52 15 1
76 77 4
22 61 6
99 18 7
49 78 8
15 9 5
1 26 6
26 54 8
65 3 7
88 16 5
71 98 3
46 11 6
2 28 0
80 7 7
83 11 4
48 25 4
66 89 6
3 32 5
33 90 0
44 6 6
72 70 8
4 61 1
97 98 0
20 73 1
18 59 8
12 9 4
77 5 8
48 30 8
99 67 3
76 40 7
16 48 2
75 45 0
84 9 0
59 94 2
4 70 3
3 40 6
97 80 0
95 47 2
18 4 6
64 59 4
41 22 4
5 59 3
27 52 6
13 71 5
8 7 5
2 60 1
100 66 1
16 77 3
48 9 7
10 25 8
90 53 0
68 62 4
38 9 4
64 77 1
33 96 6
47 89 2
88 65 5
23 59 5
74 26 4
77 58 7
36 46 2
34 66 6
10 95 2
70 64 5
3 70 0
75 7 0
60 44 2
88 78 0
47 97 4
36 44 6
38 31 5
44 10 1
54 9 4
50 76 8
72 46 5
27 71 0
72 100 0
32 87 3
16 92 2
73 60 1
41 91 1
20 99 0
86 30 2
51 66 8
76 9 7
46 70 0
45 58 2
81 69 2
91 53 2
83 98 3
20 72 6
2 72 1
6 15 4
38 14 3
58 100 4
69 27 7
95 73 2
79 20 5
79 65 0
75 18 8
27 95 6
83 26 6
64 87 2
33 1 4
66 13 3
86 38 6
61 95 5
12 37 2
72 48 7
17 39 8
56 11 3
23 43 5
54 4 0
67 76 4
91 44 5
46 4 3
4 34 3
54 52 2
91 62 1
4 35 2
71 8 7
21 50 6
22 31 6
4 11 6
72 94 4
40 52 7
62 72 7
45 91 2
31 36 4
40 81 6
5 74 5
18 62 3
51 87 1
44 27 0
44 31 5
74 64 0
84 37 6
95 24 7
24 39 3
100
4 81 4
8 12 33
21 16 46
23 93 47
24 80 52
34 34 54
35 7 72
40 39 76
59 31 83
62 91 87
84 92 117
91 72 132
97 53 133
101 45 136
106 63 140
124 62 159
132 62 179
133 26 188
138 70 191
146 87 217
150 63 230
158 58 237
164 41 239
174 28 257
175 91 259
178 2 260
180 52 271
198 79 275
199 23 280
211 20 300
238 39 307
243 44 313
246 63 321
250 93 335
252 58 338
253 74 369
261 59 396
279 42 400
283 76 401
291 5 402
294 32 405
296 57 406
309 56 407
341 43 434
376 12 452
422 67 462
423 81 463
426 65 484
434 86 496
457 25 513
461 16 515
465 54 520
491 99 533
496 83 547
499 36 572
519 38 588
526 67 598
528 62 601
530 39 603
537 28 613
549 53 616
550 29 626
554 65 632
561 64 639
569 80 660
585 92 666
589 21 683
632 73 684
643 2 702
658 6 737
683 86 750
701 3 752
702 13 754
718 23 761
729 11 770
733 44 785
737 89 788
742 16 792
763 80 793
766 60 809
777 38 823
793 16 826
825 58 848
827 67 858
833 84 878
866 52 884
870 54 893
882 85 897
887 14 903
899 80 918
920 58 921
928 36 928
937 89 937
963 74 963
974 38 974
979 80 979
982 69 982
984 32 984
986 43 986
994 18 994
