100 990
89 16 6
88 32 4
39 76 3
93 71 7
83 10 3
94 93 7
6 24 4
61 78 1
31 30 2
27 16 0
44 15 1
64 34 6
13 93 5
69 58 8
25 45 7
82 51 6
100 74 5
75 93 5
62 58 4
79 82 3
85 58 2
95 24 5
48 29 7
76 93 2
79 49 7
85 48 7
74 17 6
49 98 0
23 100 6
71 91 6
71 58 0
84 46 5
94 74 6
6 67 4
93 31 5
7 40 8
30 90 4
4 49 4
42 80 8
88 85 5
100 18 6
100 79 6
54 10 0
17 56 6
98 75 4
7 10 1
16 44 3
86 39 5
60 37 8
13 27 3
85 67 2
77 14 7
92 62 1
66 37 7
19 40 1
20 49 7
31 21 0
7 63 2
11 83 4
26 21 1
15 18 0
25 23 2
92 21 5
49 59 4
62 99 7
92 32 0
26 83 1
55 90 6
99 91 8
56 84 5
76 69 1
37 26 2
57 70 4
94 12 7
46 67 1
73 82 5
36 41 4
38 30 1
3 65 2
74 25 4
2 61 6
60 52 3
25 11 3
23 84 8
90 49 7
100 21 1
55 66 3
75 59 8
91 74 1
99 21 4
64 28 2
24 5 4
19 80 3
5 64 3
35 4 5
14 62 8
21 22 8
70 75 0
7 13 7
75 28 1
38 93 5
74 10 6
17 86 7
53 25 8
93 12 7
65 25 2
4 45 7
7 34 0
76 66 8
51 12 4
94 22 8
88 31 7
18 54 4
73 96 5
77 9 3
69 57 5
77 93 3
51 69 3
100 68 6
27 72 6
54 56 2
15 9 5
52 84 2
97 1 3
39 64 1
14 2 5
41 53 1
22 86 5
20 34 4
29 55 7
74 34 3
51 91 3
24 47 2
80 22 1
73 22 1
57 87 2
35 86 5
16 2 7
97 99 6
95 1 3
60 18 8
55 17 4
5 4 6
92 7 7
9 84 7
17 20 5
8 55 4
55 63 6
52 75 3
54 58 7
3 27 8
49 69 2
84 42 3
44 33 5
57 52 6
17 22 4
77 75 0
67 48 4
2 96 1
96 76 6
32 58 8
9 35 1
39 85 3
55 43 0
9 61 2
84 49 5
44 72 1
70 56 0
75 60 1
5 63 5
31 1 6
2 27 3
89 75 2
62 81 4
95 41 5
75 42 6
45 8 5
8 13 3
87 63 8
74 12 0
85 2 0
33 81 3
63 54 4
9 22 4
77 92 6
49 72 6
32 43 5
99 72 0
45 69 5
47 99 6
58 44 1
5 79 7
81 19 4
51 33 5
92 47 5
90 8 6
51 47 1
80 74 6
69 84 2
82 20 3
20 11 0
49 30 7
23 98 4
11 32 3
97 9 6
28 66 3
45 71 7
20 77 7
64 92 1
1 65 4
48 73 7
5 55 6
5 17 3
88 40 4
56 50 1
71 33 4
65 7 4
33 42 4
98 95 4
79 14 7
50 47 6
51 13 1
74 76 0
18 22 8
54 15 5
38 61 8
2 59 7
75 5 2
54 98 8
68 67 4
21 27 4
55 54 4
12 45 8
68 39 7
25 70 8
32 64 4
74 52 1
52 18 7
28 78 4
7 29 8
6 44 7
90 59 3
40 96 0
47 77 1
37 59 8
99 45 0
60 46 3
39 92 7
69 9 4
74 47 8
42 51 1
17 12 5
24 67 6
58 8 0
69 21 3
87 50 1
25 73 8
52 49 5
58 83 3
91 13 1
68 89 2
98 47 8
72 14 4
76 7 0
35 46 3
45 42 8
55 25 3
97 28 4
39 59 6
10 43 7
38 17 6
25 52 1
55 47 6
14 20 8
31 19 4
27 17 8
87 37 3
61 32 3
64 45 1
46 43 4
7 22 5
90 70 8
30 63 4
47 78 8
27 5 3
90 12 4
27 52 7
95 10 7
3 34 3
16 52 1
16 35 0
65 86 4
3 74 2
67 65 2
45 24 0
43 87 2
41 86 7
71 41 7
49 10 6
44 23 7
65 21 0
61 76 7
44 1 4
29 21 3
14 84 3
47 59 6
82 88 6
83 8 3
42 43 2
100 55 3
50 7 1
17 4 3
29 56 5
79 48 0
78 67 8
99 1 3
13 58 5
74 1 8
86 54 5
85 95 2
58 55 4
48 53 5
61 22 3
38 2 2
62 11 4
67 97 7
80 72 6
69 32 0
31 86 4
48 21 7
5 93 0
49 53 4
83 1 2
19 45 6
28 9 8
99 9 4
63 50 2
72 42 6
6 19 5
60 16 1
45 81 7
13 54 5
37 91 0
94 1 3
79 85 0
14 37 6
76 67 6
76 59 6
58 97 2
33 56 2
10 42 5
97 50 0
62 15 2
81 52 8
75 63 5
60 85 4
46 9 4
30 93 6
35 10 4
83 61 0
32 38 3
7 55 2
45 84 0
14 42 5
53 3 4
88 96 8
51 53 5
91 92 4
81 28 0
54 62 7
92 48 7
62 56 3
30 46 1
46 65 0
35 32 0
17 58 1
98 71 1
56 76 7
98 17 8
47 86 5
71 69 3
64 80 3
25 50 2
97 89 0
26 56 3
52 90 6
80 17 1
97 42 6
56 79 4
39 6 0
76 50 6
29 6 3
58 48 2
92 90 6
29 53 0
22 4 7
74 19 5
52 93 8
11 9 3
53 44 1
45 11 1
69 16 0
29 40 0
57 59 4
47 33 4
30 80 6
7 47 6
12 23 0
99 56 0
13 45 0
67 88 8
83 34 5
67 28 6
95 56 1
69 11 7
88 36 0
44 87 4
68 46 2
65 38 2
45 66 8
9 7 8
97 60 2
21 60 4
66 71 2
12 66 2
86 93 7
47 43 1
9 50 1
45 39 5
3 9 1
36 99 3
47 19 2
31 97 4
85 10 7
36 29 2
45 10 7
47 72 8
99 35 2
66 13 7
32 26 0
58 22 4
71 99 1
19 13 4
88 60 8
31 5 1
96 23 0
42 41 3
8 85 8
71 36 8
51 16 7
63 21 0
78 77 3
52 88 5
34 93 0
87 42 4
78 45 1
51 26 2
21 28 0
80 31 1
78 20 2
36 15 1
93 69 8
54 81 3
78 59 3
69 37 4
29 47 4
25 66 2
62 73 7
20 33 2
74 44 1
3 15 6
23 88 1
85 84 7
3 22 2
30 24 7
84 67 0
72 70 5
5 96 6
89 38 2
85 20 8
79 55 7
73 38 5
1 57 8
6 2 8
55 75 3
88 13 2
7 49 5
19 62 1
66 59 5
8 63 0
62 76 4
72 39 8
86 96 8
66 74 5
73 93 4
76 38 3
91 83 2
10 17 4
46 55 5
48 43 7
72 38 0
59 34 1
92 70 4
46 37 0
74 18 1
54 87 2
93 55 4
53 31 0
25 46 0
87 18 5
61 24 4
67 62 0
85 77 1
10 26 6
83 90 7
77 10 8
99 10 6
86 91 3
66 15 6
82 62 3
98 18 8
6 3 1
37 63 0
3 51 7
49 9 5
75 23 0
77 60 5
36 19 1
70 1 4
90 65 6
12 82 3
57 74 3
77 38 6
72 20 2
11 90 1
59 56 1
23 59 3
90 93 1
67 60 1
79 31 1
65 34 4
10 52 2
1 45 5
95 34 6
20 83 2
5 73 7
61 81 5
11 7 6
65 42 5
52 14 3
78 65 5
15 47 3
5 22 6
17 90 0
14 9 8
62 8 3
47 73 8
44 97 6
79 86 8
97 35 2
82 49 6
52 4 0
15 78 0
100 37 7
24 85 3
10 60 4
70 14 5
11 89 6
1 85 0
93 47 0
85 49 4
64 87 0
18 77 8
5 90 2
2 50 0
83 52 4
96 15 5
84 26 8
73 40 7
40 33 5
61 60 6
10 18 4
86 71 1
50 16 6
88 84 5
7 41 1
67 25 7
53 68 7
59 99 2
12 16 3
90 99 8
63 53 5
3 78 7
99 98 7
78 85 1
27 65 1
32 36 3
32 5 0
31 92 5
60 23 3
32 76 7
49 6 0
83 99 2
73 81 5
50 79 7
63 77 8
63 6 4
91 81 0
77 98 7
65 71 4
8 17 7
5 57 0
71 7 4
9 83 5
83 70 8
19 2 4
41 60 1
94 90 7
31 44 4
70 95 7
87 7 4
73 92 4
79 80 6
43 59 7
57 81 6
22 19 7
93 43 8
79 78 2
27 10 5
53 92 5
5 7 8
21 16 2
94 8 2
43 41 3
39 56 5
20 61 8
30 6 8
25 88 1
78 53 0
56 86 4
88 56 6
54 59 5
65 64 5
96 39 6
28 49 2
31 57 8
57 19 4
6 77 6
41 62 7
54 14 4
91 47 4
5 1 7
28 2 2
38 74 3
86 32 7
25 61 0
40 82 1
77 48 7
19 97 4
62 29 4
8 22 3
44 21 8
90 36 8
2 44 8
17 97 4
100 91 2
25 9 5
90 69 8
75 85 3
46 49 6
76 54 8
8 82 7
21 62 3
61 92 4
19 92 2
43 90 4
38 26 4
28 69 5
60 55 2
59 7 2
50 21 7
51 21 6
68 11 5
99 42 8
63 1 7
55 59 8
10 34 8
99 93 8
56 30 6
54 91 5
33 34 6
100 43 4
59 70 5
22 68 5
56 16 5
61 56 3
66 23 4
64 74 8
85 73 8
15 61 5
34 1 5
10 96 4
51 54 4
68 77 1
27 1 6
70 48 7
49 62 5
83 100 6
10 61 5
3 46 4
90 22 1
56 45 5
96 100 5
87 38 1
90 31 1
34 56 1
15 20 5
95 51 1
74 51 0
62 36 7
35 24 4
80 67 8
20 38 5
54 78 3
37 41 3
76 44 6
58 23 7
51 93 4
98 8 4
33 48 5
12 59 6
78 37 3
38 84 5
67 10 4
38 79 5
98 10 0
69 3 7
36 20 8
95 31 0
78 74 2
23 31 5
47 90 2
85 56 8
8 20 5
6 15 7
18 48 0
72 57 2
46 63 6
11 44 3
1 67 1
4 18 7
82 34 5
56 10 3
3 21 0
48 47 1
85 70 2
87 100 0
77 35 1
57 97 5
62 57 6
61 91 6
25 98 0
56 13 7
10 39 4
30 61 8
14 36 4
8 57 2
23 67 7
77 82 3
7 75 0
58 52 5
42 46 2
23 78 5
88 5 2
97 36 6
82 15 0
70 81 2
97 95 0
20 18 8
22 99 2
11 76 5
13 96 2
84 2 0
25 18 2
84 72 5
82 44 4
43 76 3
6 98 4
62 63 1
70 98 3
62 38 7
25 22 8
51 67 7
54 77 4
93 45 4
39 87 0
57 93 6
99 58 0
71 25 4
76 3 3
22 52 1
9 72 4
4 15 5
70 4 6
96 60 3
66 60 5
75 4 1
88 46 6
67 93 8
34 91 4
72 91 2
63 52 6
33 68 0
19 78 3
44 43 3
73 26 6
23 22 1
27 96 4
40 94 2
82 37 0
33 50 3
96 94 5
32 73 6
7 94 6
70 27 0
12 38 1
55 12 6
6 47 8
100 65 4
83 60 3
47 18 6
39 89 0
73 84 6
14 12 6
66 20 7
21 75 2
25 41 8
36 100 8
80 54 2
78 39 3
20 67 1
1 60 2
97 53 2
92 6 2
40 42 2
37 65 0
3 5 4
43 66 1
57 13 1
85 7 5
32 83 4
41 30 8
55 78 4
12 61 0
8 78 4
85 22 4
21 70 4
29 19 5
68 4 1
72 30 7
59 63 4
99 88 3
73 98 0
5 69 4
79 23 8
14 99 7
12 34 2
15 88 8
95 90 8
58 40 1
7 78 2
79 57 4
90 54 1
81 64 7
80 81 8
99 13 2
10 2 3
50 73 5
93 63 8
27 74 8
64 78 0
99 100 8
10 13 5
56 47 7
23 5 3
96 81 7
58 34 3
74 2 4
32 8 3
79 58 1
26 14 3
16 1 0
9 94 3
47 2 4
85 62 1
40 55 2
55 56 1
58 80 5
88 70 8
15 100 3
41 49 0
39 31 0
6 65 5
88 42 3
69 78 0
18 3 3
92 2 7
18 63 7
43 80 3
56 9 5
81 27 7
69 22 7
98 82 7
24 90 8
70 93 7
39 51 5
4 20 6
39 60 4
90 6 4
63 17 2
38 56 0
21 78 2
74 39 8
51 77 5
3 19 1
78 96 7
94 56 4
94 73 3
20 80 7
21 35 4
46 54 8
31 24 3
72 13 0
35 68 6
10 22 4
57 22 8
75 6 1
98 55 2
34 66 2
100 77 2
20 65 3
86 70 1
31 6 1
70 54 8
46 32 0
8 74 7
86 21 4
56 7 0
38 18 1
100 90 1
45 90 4
54 89 8
84 75 1
92 96 5
89 30 5
22 15 5
26 74 6
14 87 2
13 61 4
63 11 7
23 99 6
72 35 2
41 22 1
63 60 4
64 24 0
32 22 1
23 13 2
91 27 6
1 90 6
4 8 1
81 23 3
22 40 4
93 41 8
31 14 0
45 38 4
61 95 7
93 14 8
47 88 7
3 82 2
44 93 6
57 46 1
51 85 5
10 69 4
41 83 4
15 29 0
29 70 8
99 5 5
86 73 5
99 26 7
84 24 2
100
0 97 0
1 13 1
2 11 2
3 86 3
4 46 4
5 62 5
6 38 6
7 99 7
8 64 8
9 30 9
10 96 10
11 2 11
12 11 12
13 34 13
14 34 14
15 43 15
16 88 16
17 100 17
18 30 18
19 56 19
20 79 20
21 26 21
22 79 22
23 41 23
24 45 24
25 68 25
27 19 27
28 90 28
29 76 29
30 17 30
31 82 31
32 57 32
33 22 33
34 89 34
35 15 35
36 58 36
37 77 37
38 2 38
39 14 39
40 64 40
41 87 41
42 71 42
43 42 43
44 54 44
45 27 45
46 26 46
47 49 47
48 81 48
49 86 49
50 87 50
51 15 51
52 91 52
53 35 53
54 80 54
55 96 55
56 95 56
57 58 57
58 62 58
59 39 59
60 18 60
61 8 61
62 28 62
63 60 63
64 97 64
65 70 65
66 28 66
67 55 67
68 64 68
69 82 69
70 37 70
71 8 71
72 27 72
73 46 73
74 52 74
75 34 75
76 86 76
77 40 77
78 40 78
79 83 79
80 39 80
81 21 81
82 40 82
83 67 83
84 72 84
85 30 85
86 2 86
87 94 87
88 90 88
89 90 89
90 92 90
91 71 91
92 99 92
93 79 93
94 21 94
95 69 95
96 49 96
97 2 97
98 83 98
99 73 99
100 93 100
