100 1980
33 91 1
72 15 8
53 2 2
28 32 8
48 61 6
91 10 1
76 21 8
79 87 1
26 24 7
92 49 5
84 28 3
45 48 5
30 40 7
3 20 6
3 61 3
90 54 4
75 2 5
71 61 7
37 44 4
77 31 5
30 51 6
82 49 7
21 7 7
32 38 0
60 57 8
10 68 2
79 49 6
15 58 4
8 62 0
41 47 0
11 91 7
24 4 3
37 36 3
70 52 5
74 53 5
84 82 2
2 31 8
92 5 6
62 21 6
21 90 8
81 10 1
54 23 5
78 46 4
21 80 3
20 83 6
49 53 6
46 2 0
100 11 5
20 30 6
22 10 6
59 77 4
97 10 3
32 92 6
75 50 6
10 50 1
2 82 1
30 75 7
48 92 8
54 66 4
75 4 8
35 65 8
86 48 0
12 11 6
98 94 6
32 24 7
64 68 0
19 2 7
82 16 2
21 33 0
41 80 4
45 23 4
13 97 3
50 74 0
66 22 6
47 78 5
67 17 6
4 49 8
76 18 3
47 65 8
90 87 2
10 100 0
71 29 7
57 24 4
60 79 1
49 3 7
94 2 8
92 28 8
2 68 1
25 19 6
33 9 5
52 63 7
15 92 7
16 55 2
5 84 0
52 81 5
43 38 3
25 66 7
62 70 8
14 77 3
19 51 6
40 51 4
30 17 8
26 53 5
86 19 0
63 78 8
36 91 3
35 60 0
4 93 0
86 58 1
73 64 1
5 48 2
32 23 8
64 51 4
83 72 1
55 73 7
41 27 6
32 35 3
18 31 7
35 66 2
73 90 6
75 69 5
74 93 7
92 86 7
67 83 4
70 67 6
90 80 2
90 15 8
96 90 1
13 4 2
95 43 4
59 97 4
32 27 1
28 44 4
24 33 3
37 54 4
14 19 3
24 15 7
60 41 0
12 47 6
81 41 5
42 77 3
72 14 2
85 13 0
44 96 1
46 9 6
17 31 3
27 56 0
23 76 7
10 71 6
76 99 4
82 77 6
61 93 5
40 50 1
49 7 6
99 80 5
92 57 7
13 91 2
44 32 1
11 22 2
94 67 7
62 77 0
63 38 1
30 8 8
10 18 2
61 95 8
24 76 0
7 38 3
87 7 3
44 35 2
16 13 5
88 27 5
58 46 0
37 76 2
25 63 8
36 33 6
81 73 4
67 28 8
64 24 7
66 12 8
68 18 3
16 73 7
95 44 4
77 49 4
52 53 8
71 8 1
31 1 1
48 40 3
97 25 5
14 36 0
4 97 0
42 56 3
80 39 8
14 29 3
2 78 6
65 7 0
92 77 8
48 2 4
93 53 1
27 28 4
81 86 4
19 73 3
69 91 1
54 73 0
81 82 3
20 87 8
39 83 8
55 9 0
42 47 4
97 18 7
54 2 5
32 70 3
67 52 3
26 27 3
1 89 4
28 85 1
70 44 4
13 95 0
99 97 1
64 7 7
33 39 4
54 59 7
71 54 4
89 31 2
21 13 2
52 86 3
60 42 7
64 94 2
15 79 0
60 10 0
38 5 1
3 92 4
7 46 6
78 83 4
42 64 8
25 41 6
82 63 8
43 58 4
79 53 8
78 51 3
66 2 3
67 88 8
95 17 1
84 8 8
72 69 8
100 48 0
38 70 0
23 12 0
12 51 8
24 86 8
66 30 7
53 70 6
23 73 7
67 25 7
63 71 6
34 37 2
85 94 7
7 25 3
49 22 0
48 8 8
74 18 8
67 44 1
28 99 3
70 66 6
30 79 4
20 67 7
7 35 4
31 76 0
9 1 0
61 91 3
92 64 3
28 83 4
25 78 5
47 75 4
25 24 4
62 12 1
33 49 8
100 83 8
18 94 0
17 76 4
28 36 5
25 88 2
11 4 6
45 86 8
76 49 5
67 33 1
62 41 2
59 53 4
79 80 0
57 97 0
49 87 3
68 63 2
61 43 1
20 60 1
49 28 2
57 4 2
52 57 5
22 45 7
72 66 1
43 93 6
20 65 5
5 14 6
25 72 1
51 98 5
31 4 6
16 75 3
56 76 6
2 60 2
92 14 3
93 51 2
50 55 3
82 93 8
60 19 4
2 30 6
51 70 6
18 12 0
58 72 8
32 33 7
40 81 8
92 73 2
3 52 4
37 83 6
89 61 8
16 86 1
80 14 1
90 16 0
98 70 0
67 46 8
9 32 7
98 34 5
20 89 4
57 34 4
24 13 1
64 1 3
72 16 3
7 23 1
78 72 6
4 52 4
43 23 7
86 94 2
31 75 0
54 10 7
85 80 2
10 61 2
45 66 2
37 97 8
82 71 0
52 83 1
65 78 6
63 64 1
97 98 0
85 49 7
60 8 3
68 67 7
100 60 4
14 91 8
13 10 8
29 33 7
3 30 7
47 40 6
33 51 1
1 10 0
78 75 3
72 39 1
65 45 1
34 28 8
92 44 7
10 8 2
36 5 3
93 46 7
71 9 0
36 59 2
54 95 7
94 70 5
98 46 4
33 66 6
76 26 2
6 34 6
5 49 5
94 84 8
34 3 5
7 80 7
28 33 7
68 70 6
58 84 8
90 70 7
26 49 1
14 71 5
25 77 0
86 20 1
18 50 6
1 22 7
93 69 4
15 91 1
14 86 6
69 40 5
99 12 2
10 62 8
89 77 7
60 46 6
85 47 6
37 57 2
71 24 4
16 57 7
99 9 8
12 49 8
30 37 6
20 16 8
60 12 8
19 62 5
43 91 3
63 47 1
64 31 1
17 21 5
96 94 7
49 94 4
94 20 8
26 37 0
8 47 4
55 48 2
35 86 7
75 93 0
67 22 7
26 33 7
17 50 8
25 43 2
65 71 6
92 9 0
6 73 3
28 77 7
99 17 5
98 13 8
65 15 0
19 46 0
36 61 3
22 41 8
89 39 7
94 90 5
17 5 4
36 69 0
19 83 6
64 85 2
59 4 3
3 48 5
93 42 4
14 15 2
47 39 3
82 34 3
63 30 5
54 18 6
87 64 0
28 94 5
19 66 4
37 100 7
15 63 1
91 28 4
9 16 1
93 88 6
48 51 4
61 33 1
20 41 3
79 27 4
85 54 3
47 62 5
9 73 1
18 69 6
33 15 3
80 24 1
12 100 1
19 18 5
34 35 4
16 71 1
1 37 7
30 81 6
34 39 1
51 31 6
33 31 1
53 62 3
50 29 8
7 37 1
47 30 2
54 51 7
59 92 4
75 52 4
69 42 2
51 50 8
52 48 4
35 30 7
79 12 0
69 27 3
24 83 1
9 4 1
99 53 6
69 64 7
20 57 1
65 24 8
87 33 3
35 18 4
1 70 7
76 57 3
97 85 3
46 11 6
6 74 5
50 89 4
52 84 7
94 44 0
3 88 4
34 95 5
79 70 3
57 69 0
25 94 5
50 9 8
20 37 8
75 60 4
75 28 4
48 62 5
76 96 8
19 57 2
70 14 2
56 67 6
36 82 6
65 95 3
88 74 0
75 36 0
36 84 3
41 14 8
17 88 7
23 35 4
64 71 8
25 6 2
6 76 8
47 95 0
29 40 4
52 9 0
80 35 8
98 52 3
19 68 7
33 74 3
44 9 0
66 51 0
12 5 2
88 1 8
87 18 4
76 77 4
19 76 3
98 41 4
68 9 7
4 39 8
19 34 5
43 11 3
20 32 2
59 99 5
37 49 6
62 15 7
82 88 5
12 64 4
33 25 3
69 50 0
54 47 3
75 29 4
61 60 1
37 19 4
19 74 2
84 38 0
52 65 0
75 39 0
84 87 3
72 86 7
98 63 7
67 76 1
81 87 0
64 78 2
19 30 4
1 11 0
69 49 3
48 82 1
19 28 6
48 1 0
86 82 3
42 34 6
89 62 6
11 30 1
79 10 8
13 6 8
73 82 5
63 53 2
6 32 8
1 23 0
96 15 5
31 72 4
40 41 7
67 90 7
59 27 1
85 90 0
54 87 0
62 72 2
83 54 6
38 21 7
36 57 8
100 32 4
35 36 3
12 28 3
45 24 2
95 24 8
75 94 1
99 2 7
8 5 3
44 79 8
87 19 6
98 60 4
80 2 5
43 77 4
27 54 6
73 61 6
50 19 7
64 22 1
24 100 7
1 73 1
55 64 0
43 88 7
73 31 3
64 57 1
89 63 3
28 60 0
30 84 5
72 9 5
60 53 4
62 88 5
6 65 5
16 25 3
13 62 1
16 56 8
55 62 5
35 46 0
78 27 7
88 34 6
75 46 1
91 81 5
50 61 7
78 37 7
79 88 5
72 28 2
11 17 3
98 31 6
2 100 2
4 80 1
37 66 2
82 100 4
17 12 3
10 59 6
89 73 6
78 85 8
19 84 4
92 93 7
72 80 1
35 38 7
12 98 5
37 16 2
76 63 3
45 84 6
19 35 7
25 38 2
55 60 7
40 77 8
14 95 0
21 95 1
54 43 0
35 74 4
71 90 4
58 68 5
5 3 5
83 49 2
99 55 1
16 63 8
29 23 2
58 10 8
87 89 2
81 43 7
20 48 0
26 100 5
84 11 8
16 91 4
71 81 6
87 51 7
90 42 0
20 27 1
66 23 0
19 12 8
52 10 0
94 60 8
87 98 7
30 22 3
85 21 3
74 7 3
31 67 6
83 64 3
63 85 3
67 5 8
60 69 6
99 4 8
85 17 1
12 86 4
35 79 4
97 53 4
22 97 1
44 43 5
7 10 6
96 74 3
49 18 5
35 76 6
14 61 5
17 47 0
20 58 4
30 98 2
91 100 6
65 75 7
74 61 2
35 25 6
85 46 0
76 98 4
69 89 1
30 10 0
56 11 2
10 4 8
75 8 5
82 13 4
40 7 6
41 95 7
23 88 2
10 64 0
42 4 4
72 24 3
29 61 4
77 29 3
96 86 8
99 87 1
16 98 8
34 41 1
31 83 8
40 44 6
28 64 7
59 71 8
38 46 8
36 70 4
82 12 2
90 51 6
59 37 4
67 69 2
68 56 4
27 42 5
13 5 5
11 99 7
54 3 2
45 21 4
3 79 8
5 83 3
74 47 4
2 15 7
90 63 7
48 99 5
42 12 5
79 5 1
4 60 6
53 31 8
10 99 4
30 24 0
52 68 6
98 22 4
3 66 0
37 11 8
84 27 2
51 3 5
43 39 5
25 21 8
37 64 4
56 82 0
79 20 5
71 39 8
93 83 6
39 6 3
4 34 4
80 28 1
50 59 0
5 4 4
77 71 1
47 4 3
96 99 7
43 79 8
93 27 0
15 20 8
78 93 1
61 56 2
97 21 0
73 2 8
83 3 8
49 30 5
25 10 5
53 45 0
48 15 7
41 59 0
60 11 1
80 82 5
35 91 2
24 27 2
33 62 3
36 9 6
9 94 7
96 84 6
49 42 3
89 85 2
31 54 0
6 78 4
59 58 8
60 39 8
54 96 7
66 96 6
40 76 4
70 28 3
50 21 2
3 39 4
21 9 8
61 49 5
50 91 2
100 79 2
26 20 5
43 40 6
44 12 1
15 18 2
84 59 3
86 37 7
69 8 8
69 61 5
5 78 6
7 36 5
66 100 3
92 47 3
55 5 5
66 58 7
77 54 7
85 52 4
79 45 0
42 57 2
46 65 4
12 13 7
80 53 6
33 82 6
54 5 4
67 29 1
77 79 4
4 55 2
67 6 1
51 39 3
35 6 4
65 84 5
74 87 4
55 93 5
32 22 8
63 51 2
57 44 5
23 27 2
61 90 0
7 83 8
64 100 7
97 67 3
23 56 3
67 50 0
87 26 4
70 20 0
1 81 2
40 85 6
82 53 0
94 89 8
97 60 6
33 41 5
16 50 2
34 60 5
54 6 4
28 7 2
23 15 8
22 72 3
90 46 2
89 22 0
89 51 2
26 96 0
18 96 1
76 78 8
76 15 2
99 8 6
72 18 0
82 20 0
75 57 4
31 93 3
37 29 0
48 42 4
5 43 3
40 99 5
48 68 2
89 36 0
32 68 2
38 65 3
68 43 3
61 18 2
55 61 2
96 38 0
53 50 1
17 26 5
87 12 8
22 61 4
11 69 2
53 68 6
31 70 3
32 97 8
97 14 2
46 37 0
27 13 2
18 43 3
32 55 4
50 79 4
71 15 2
74 62 0
37 21 5
7 75 5
60 96 7
11 55 6
69 99 8
57 86 6
90 86 6
19 13 1
96 27 8
16 58 4
17 82 4
77 86 8
16 11 7
34 91 1
64 93 6
16 52 4
75 49 3
88 75 3
50 88 6
80 31 3
21 82 5
65 56 4
43 56 5
15 22 2
46 79 5
43 63 3
60 63 5
23 57 8
47 16 3
89 53 7
92 76 7
32 18 5
56 87 5
19 16 2
97 31 6
50 39 3
52 73 2
52 23 3
13 23 8
84 86 5
37 69 3
100 36 3
74 99 3
14 87 7
10 70 3
44 14 8
8 78 4
64 26 1
64 79 3
23 78 0
46 84 5
70 17 4
76 54 2
33 93 5
44 60 4
66 79 2
74 91 7
49 84 5
75 90 7
24 35 4
76 14 2
54 94 1
14 81 5
40 65 8
3 21 5
35 90 2
89 12 5
41 36 8
39 70 0
87 5 2
100 20 5
40 53 5
93 13 4
36 83 5
70 48 1
24 46 7
68 23 6
27 5 8
35 81 5
7 59 1
68 47 0
24 31 4
17 96 5
56 58 8
66 93 4
31 63 2
21 52 4
42 11 8
50 54 0
84 80 1
9 80 0
43 4 7
79 34 7
88 4 3
89 55 2
76 25 3
42 54 7
100 6 4
29 60 5
36 4 2
33 7 5
80 68 1
28 1 5
67 81 1
62 81 6
29 57 1
66 84 0
66 64 4
84 25 5
2 4 8
73 3 5
73 65 6
24 50 8
75 13 2
96 97 7
10 32 3
32 19 0
34 50 1
15 32 2
55 2 2
34 9 6
35 4 4
66 80 5
1 49 7
20 14 2
57 11 8
86 11 5
84 69 2
82 41 8
16 27 5
77 17 6
58 63 7
24 12 7
86 56 2
72 90 5
58 18 3
99 32 1
26 25 2
65 82 3
74 21 2
88 97 8
23 3 8
80 17 2
47 37 0
19 100 6
57 32 4
16 10 3
52 26 8
5 62 5
53 6 8
17 59 8
23 69 2
45 7 2
86 49 7
66 21 8
19 27 6
52 29 8
13 92 2
79 71 4
61 47 0
86 59 8
47 36 7
8 42 3
18 6 3
68 57 5
54 7 8
70 8 0
91 6 0
67 24 7
33 72 4
57 73 2
72 67 5
19 7 5
42 99 3
40 52 2
23 71 7
6 17 2
50 58 4
43 73 2
22 96 2
15 100 3
6 16 3
91 42 1
4 3 6
93 57 2
95 82 5
31 58 5
91 48 2
90 26 7
12 91 2
39 40 0
96 100 6
78 15 3
30 7 1
37 42 4
92 41 0
47 32 6
38 30 1
38 33 7
26 63 7
93 47 2
92 46 2
80 32 6
42 75 8
53 5 7
54 25 1
57 12 3
98 100 2
54 64 0
18 59 1
13 34 8
81 68 3
67 75 6
72 46 6
66 46 5
88 80 7
68 21 7
60 9 4
35 84 6
82 64 3
29 92 8
93 23 6
48 69 0
62 73 5
42 24 6
1 67 6
63 77 8
47 100 1
50 43 1
13 52 2
91 95 4
88 11 5
27 90 1
66 43 3
69 59 0
27 89 6
65 58 8
4 96 4
74 17 7
54 36 6
60 68 8
19 88 3
32 85 5
88 47 4
64 40 2
42 22 7
15 97 2
84 72 0
95 69 2
8 85 3
49 58 8
81 74 2
41 4 8
64 49 4
84 31 6
24 1 5
9 75 5
11 71 1
84 24 6
75 89 2
40 98 1
40 15 0
26 62 6
99 36 7
9 22 1
26 18 5
71 47 3
5 50 3
50 65 4
67 87 8
35 14 3
41 64 7
25 5 5
96 12 7
95 28 8
91 83 1
82 10 6
88 65 2
55 24 0
48 19 0
100 34 8
11 70 4
8 22 7
94 53 3
9 23 0
53 98 3
37 39 8
42 97 8
9 89 3
48 39 1
93 25 3
13 39 1
59 25 2
52 6 0
9 19 0
59 85 3
94 38 8
27 6 0
87 61 4
56 8 1
14 9 1
3 46 7
3 38 2
53 16 2
4 15 7
36 97 6
48 73 0
23 44 7
12 84 8
24 52 4
40 46 3
65 70 4
49 71 0
48 29 2
95 93 7
87 13 8
33 50 2
91 70 0
68 12 4
76 59 0
23 37 7
72 3 6
66 34 7
75 99 8
63 34 5
25 95 4
62 50 7
24 47 6
45 72 1
10 94 3
68 14 1
32 76 0
42 9 6
10 19 7
53 39 7
74 85 5
34 44 2
4 82 2
28 50 2
68 38 5
1 8 2
71 21 0
73 38 8
29 70 2
88 98 0
79 54 8
69 26 1
99 19 8
34 32 5
83 48 3
52 95 8
33 53 5
7 20 6
92 91 5
70 37 4
66 29 4
82 23 2
48 22 1
26 88 8
24 58 5
78 11 6
3 78 8
79 52 4
20 69 3
32 87 1
37 43 1
76 50 5
15 50 2
95 30 0
74 64 2
89 11 2
99 88 7
1 61 4
12 52 2
7 42 2
17 90 7
40 20 0
97 80 3
36 29 1
76 86 1
8 63 5
61 46 2
30 62 6
66 9 5
59 14 6
92 36 2
98 82 1
40 21 6
80 3 6
94 15 6
43 85 4
61 30 3
33 92 0
81 39 4
70 54 3
51 60 8
60 5 6
83 4 8
22 47 8
55 7 6
28 78 7
54 4 0
55 20 8
13 68 8
32 8 4
85 38 0
22 99 1
33 88 1
11 39 6
17 87 5
3 16 6
41 90 3
84 9 2
71 67 5
96 10 1
15 46 4
27 64 7
73 44 4
98 68 5
68 46 2
80 65 4
46 47 0
67 77 0
33 54 0
46 28 2
69 66 3
82 38 3
54 60 7
55 35 3
58 97 3
25 13 5
52 25 2
54 86 2
84 14 8
85 92 8
85 62 1
46 44 7
58 80 2
56 26 7
73 17 8
60 18 5
48 84 3
92 74 5
27 95 3
51 56 0
62 14 0
55 40 6
35 85 1
93 41 4
29 84 3
88 51 3
15 39 6
72 88 4
87 80 3
31 56 3
7 61 4
21 19 4
10 63 6
16 21 4
89 81 4
85 65 1
24 23 0
6 8 2
54 57 0
68 78 5
43 14 4
21 54 2
13 58 6
33 34 4
75 6 0
17 94 8
57 2 5
47 28 2
64 90 7
4 23 8
76 20 7
87 29 1
91 45 7
92 54 7
37 22 1
7 41 0
6 98 7
87 83 0
61 40 6
92 16 8
88 13 7
13 2 4
18 14 3
89 92 8
27 49 3
82 94 5
8 28 5
11 10 3
98 84 3
68 41 7
97 86 2
88 58 1
89 78 7
85 26 2
85 33 3
56 92 5
26 13 4
1 47 4
55 44 1
42 33 7
29 51 8
100 77 3
58 76 1
4 70 1
27 52 7
96 67 5
34 52 5
81 64 6
44 36 1
95 68 1
67 26 0
35 83 8
80 5 6
62 6 4
35 93 0
62 76 5
98 56 7
96 59 1
46 41 2
35 41 3
34 45 3
76 90 5
24 34 7
72 51 2
77 96 6
10 86 4
41 86 5
59 21 4
68 16 1
9 27 7
70 45 7
62 43 1
90 45 5
3 37 6
86 67 5
53 69 7
24 44 8
52 2 0
57 28 3
43 24 2
21 64 6
32 25 3
99 71 2
17 100 7
64 53 5
53 20 6
15 68 4
66 4 0
3 9 3
27 12 7
39 66 2
55 29 6
29 78 3
38 4 5
78 41 6
9 86 0
92 98 2
31 29 6
88 10 8
82 92 1
68 87 5
76 8 6
89 95 7
6 92 2
47 20 3
10 73 1
24 63 1
24 20 7
24 53 3
89 26 3
76 79 7
43 33 2
83 43 6
96 49 7
89 65 2
5 52 7
94 26 7
72 57 8
24 22 1
69 6 6
83 27 3
76 74 3
36 68 6
32 94 6
83 99 2
26 2 5
46 32 7
10 15 1
56 64 8
23 10 7
30 39 1
43 21 5
98 26 3
37 74 5
88 70 7
63 88 0
23 8 1
35 95 6
58 27 4
66 55 3
86 4 5
57 18 0
48 54 7
39 86 6
2 65 7
98 25 5
12 33 6
1 78 0
58 29 6
98 27 6
34 36 5
31 38 3
15 8 8
9 87 8
29 19 6
100 75 4
6 81 1
77 48 2
44 27 3
42 31 2
8 41 1
88 73 6
35 100 8
88 21 5
65 33 8
94 30 5
8 86 1
58 89 6
57 83 8
49 38 1
80 43 1
74 36 8
86 65 1
26 39 7
38 89 0
90 100 7
48 89 0
78 13 5
70 89 1
8 43 7
52 32 7
31 41 6
98 29 1
4 37 1
50 42 5
22 4 7
57 85 3
84 79 2
52 35 1
59 75 7
36 95 4
95 62 5
42 36 2
39 85 6
44 64 6
34 86 4
1 39 2
33 55 8
21 29 4
40 93 3
8 24 2
25 74 1
70 73 5
87 91 2
34 94 0
7 43 5
91 71 6
42 51 5
81 31 1
42 20 5
99 33 5
3 29 3
46 62 6
65 60 7
63 33 3
84 73 1
2 3 8
67 21 4
96 80 4
69 94 2
36 81 4
45 51 6
54 88 5
9 51 0
97 17 8
67 30 4
1 45 6
73 49 7
21 15 8
89 68 6
80 48 6
10 69 4
75 98 2
88 2 0
6 93 6
28 79 4
42 23 1
20 66 5
13 42 1
59 98 3
40 90 6
63 62 4
50 70 3
84 77 7
20 81 5
59 45 5
58 62 4
17 57 2
2 44 4
74 69 2
59 74 3
6 90 1
29 43 1
23 67 1
73 21 4
82 9 3
16 84 7
73 14 7
22 73 4
52 18 3
73 15 1
59 29 6
99 61 1
24 5 2
58 92 0
7 27 0
88 42 6
64 89 0
86 80 4
62 37 2
59 46 3
72 76 5
64 45 7
100 28 0
17 91 5
71 38 2
80 6 4
42 84 6
28 68 3
95 49 8
33 86 7
52 42 6
68 8 6
81 27 3
13 22 2
82 55 8
64 15 5
50 92 8
68 4 3
84 57 7
1 6 3
36 94 4
25 14 3
92 88 1
12 41 8
51 76 8
4 63 4
46 29 6
92 79 5
51 97 1
39 19 5
29 41 3
43 89 3
26 73 4
99 18 3
58 93 8
96 51 6
61 58 8
36 8 7
66 13 0
40 9 5
21 69 8
69 45 6
58 11 0
79 65 5
98 77 8
88 22 3
70 77 6
31 34 3
83 98 1
33 40 8
53 35 1
69 32 4
50 13 1
32 65 8
1 38 6
75 14 8
3 14 3
80 54 3
24 54 2
91 52 2
8 39 3
72 82 8
17 34 2
15 1 5
13 61 8
51 81 1
16 45 1
11 9 7
14 64 5
12 73 7
8 64 5
37 72 3
61 77 0
28 26 7
25 31 0
35 31 8
76 97 2
29 10 2
50 12 8
81 26 0
45 32 6
44 17 7
16 15 3
85 24 5
49 56 7
70 40 6
81 56 1
44 62 7
100 61 8
45 5 3
91 51 1
53 36 2
77 53 1
83 61 4
5 20 4
54 38 3
6 95 1
84 55 3
86 3 1
70 42 6
26 5 5
38 50 1
28 9 5
18 88 3
30 5 3
11 32 6
79 93 3
29 12 6
3 35 0
55 96 1
63 9 6
79 81 4
74 2 7
70 43 8
52 7 8
84 20 3
7 78 3
21 78 5
18 40 8
54 93 8
3 74 2
61 34 5
7 86 8
2 47 1
40 10 4
45 14 3
28 56 3
75 22 5
87 10 8
2 61 7
83 74 4
45 94 8
16 61 3
67 18 3
81 98 3
61 45 6
51 62 8
59 8 6
31 10 4
20 62 5
40 68 7
22 84 3
48 53 5
95 64 6
46 76 6
16 100 8
90 47 0
54 91 3
8 77 2
69 15 8
28 43 1
46 83 2
36 52 3
91 49 6
65 18 4
11 5 6
70 27 6
95 9 0
10 42 8
55 19 4
21 6 3
12 34 2
16 69 6
11 51 8
45 29 8
93 2 7
18 66 3
36 21 8
72 34 2
2 39 0
76 41 0
98 71 4
68 72 0
75 3 2
34 40 7
10 5 4
38 78 6
94 42 8
18 44 6
70 34 4
91 47 8
71 4 6
38 37 2
16 40 1
7 51 3
32 58 7
26 97 2
47 10 2
56 96 5
4 21 6
84 89 5
50 78 3
98 19 1
70 82 0
66 60 4
39 92 5
10 56 4
32 2 3
52 14 5
13 51 4
48 85 1
75 33 8
94 16 1
93 85 0
19 4 1
40 66 4
93 48 3
77 34 3
13 80 0
38 14 1
39 44 7
23 39 0
32 79 2
90 52 1
20 38 7
98 8 2
89 35 7
93 67 7
93 45 1
6 40 1
66 5 4
95 33 6
81 95 7
30 46 1
73 71 6
39 73 4
81 55 6
25 50 1
88 77 3
4 79 5
2 22 0
60 88 1
30 18 0
61 64 1
10 24 5
30 9 4
7 11 1
71 53 6
6 77 3
29 2 8
51 80 2
61 11 8
60 80 3
86 69 2
48 72 7
79 68 2
76 33 4
90 78 5
73 35 4
79 90 8
95 73 8
79 89 5
40 36 7
26 44 7
59 12 2
3 6 7
81 4 3
9 93 4
78 32 6
97 63 7
41 28 2
86 71 5
7 81 3
3 100 4
89 46 1
60 86 3
68 20 0
54 28 2
98 96 1
45 54 3
34 62 1
29 25 2
63 7 7
9 57 8
80 56 7
76 91 3
46 36 3
24 40 2
85 79 6
71 70 6
13 28 7
67 73 7
75 82 8
2 89 1
98 21 0
24 69 0
35 87 5
64 34 5
39 84 3
8 83 4
36 19 3
71 96 2
23 92 4
63 95 7
96 70 8
44 98 1
84 70 6
82 69 8
26 8 3
30 86 1
54 56 3
56 3 0
54 32 4
85 11 8
4 77 1
76 70 6
64 52 4
15 43 0
5 93 4
60 43 6
55 14 4
55 70 0
56 53 8
8 2 5
16 67 3
89 98 2
36 15 0
44 85 6
81 49 6
68 99 0
23 97 1
97 2 1
75 91 3
40 72 8
94 56 7
100
772 61 772
1866 38 1866
2276 54 2276
3561 99 3561
3771 64 3771
4071 56 4071
4161 68 4161
6247 15 6247
6521 16 6521
6607 3 6607
6730 70 6948
7173 86 8954
7856 41 9868
8171 19 11181
8267 86 12467
9451 2 13188
13452 42 13452
14500 60 14500
14907 21 15848
15746 57 16514
16510 43 17039
17163 93 19281
17675 2 21311
19710 24 22001
20213 37 23522
20395 45 23729
20508 74 23991
21686 31 24215
21723 71 24326
22746 10 24898
23470 33 25547
23707 95 27006
24680 97 27141
24974 45 29463
26649 53 29645
26862 16 30651
27386 48 30758
28151 67 30810
28172 38 31290
28397 30 31670
29243 82 34540
29415 48 34605
31828 43 35281
31952 88 38762
32486 59 39702
32979 90 40152
34541 64 40856
35340 44 43107
35400 24 43409
35546 10 43768
35602 10 44546
36624 68 46310
36782 8 47421
38096 94 47958
38864 40 48882
39295 9 48975
39378 41 49082
39913 23 49346
41838 65 49827
42175 17 50283
42347 14 50319
44391 97 51394
46839 81 51878
47202 82 52302
47210 87 53388
47749 29 54012
48980 6 55854
49122 14 56680
49625 24 57870
50482 98 58252
51235 12 59589
52022 16 59995
53077 33 60523
53130 6 61033
53235 7 63629
53671 29 63779
55651 51 64791
55717 100 65442
57318 97 66866
58459 28 67166
59213 23 67203
60956 67 67377
64675 25 67895
64844 17 68573
65096 82 70823
65672 47 71524
68785 20 71856
69814 12 74539
70596 56 75576
70616 41 75829
73065 5 75865
73739 40 75972
74267 80 76510
74448 21 77063
74996 45 77102
75256 47 77134
75323 30 77708
75533 24 78289
75881 64 78294
76733 11 78530
