100 1980
31 99 0
1 84 2
43 84 1
99 62 5
75 48 0
90 7 2
97 10 3
37 94 6
35 82 7
41 91 2
100 94 0
47 42 2
36 38 2
58 45 6
49 22 6
57 80 8
25 51 5
90 76 4
73 33 8
81 57 2
40 95 7
5 91 8
58 31 2
56 96 4
91 40 3
65 89 5
89 44 0
24 39 6
11 39 4
17 88 3
13 35 2
18 29 0
40 56 6
14 51 3
25 30 7
72 82 1
42 92 0
69 7 1
25 22 5
52 10 3
12 61 5
52 25 5
43 25 5
34 32 0
97 83 1
29 4 3
52 74 7
71 28 0
83 60 4
44 98 7
1 29 3
67 12 3
40 85 2
1 45 4
6 35 2
99 100 1
38 58 0
12 99 5
48 69 2
24 46 3
72 65 8
70 86 4
22 2 6
41 4 3
31 26 1
72 99 4
91 57 2
65 8 5
58 4 6
26 71 6
92 93 8
2 35 0
67 36 2
63 81 5
50 66 5
54 10 5
67 37 2
36 55 4
66 27 4
77 52 8
9 53 0
93 68 6
33 44 0
58 97 7
81 33 5
72 59 7
35 58 6
97 22 2
22 48 2
80 47 8
23 69 6
86 60 1
34 58 2
1 4 3
77 95 2
12 29 3
74 95 6
18 99 2
3 80 5
56 86 3
38 2 2
96 75 2
52 87 6
63 1 8
9 31 5
90 97 3
71 23 1
46 28 1
4 27 2
83 72 6
24 25 8
96 78 8
26 12 6
4 55 5
98 21 8
61 53 7
5 8 2
42 15 2
56 31 0
90 27 1
9 49 5
10 5 4
61 38 2
25 60 3
82 50 0
61 21 5
82 20 5
83 32 2
68 13 0
31 57 0
64 97 0
69 80 6
69 95 2
93 90 1
60 84 0
90 50 4
26 53 3
14 85 4
22 8 4
69 27 1
99 48 5
44 45 4
33 89 1
47 26 7
40 75 3
89 2 6
56 29 7
31 35 6
99 15 8
84 27 2
100 31 7
82 60 2
28 81 4
43 81 6
84 74 8
63 100 1
25 55 4
68 97 0
63 66 8
34 94 3
30 98 8
42 2 1
81 94 7
85 41 6
46 56 7
8 89 5
33 78 5
82 66 5
16 78 6
67 9 7
89 66 0
78 59 3
26 74 6
95 48 7
87 69 8
16 34 6
43 93 8
14 80 4
97 47 6
25 72 8
44 76 5
82 16 6
2 62 2
96 29 6
92 79 0
28 2 5
13 24 0
18 86 5
16 35 1
76 2 8
22 82 8
60 45 1
7 23 8
47 32 8
12 40 8
29 36 2
24 66 5
24 88 8
64 14 0
95 24 1
47 77 8
40 50 8
25 90 5
91 89 0
31 60 2
18 95 5
7 33 8
6 64 8
84 9 1
67 1 4
9 37 7
85 25 2
50 97 7
86 31 8
70 5 0
67 30 7
95 23 2
31 27 7
87 90 8
19 1 4
15 68 7
51 55 8
1 32 6
26 55 6
8 7 4
92 83 0
9 95 2
20 25 1
80 77 0
26 8 3
65 63 1
10 32 0
8 48 4
3 39 4
63 77 5
28 14 4
51 67 3
15 4 1
57 9 8
5 38 1
92 33 3
80 28 1
56 63 4
41 69 6
65 40 0
45 24 7
49 21 1
94 11 3
18 40 0
60 64 4
43 97 2
95 52 5
89 50 4
32 73 0
33 55 1
87 14 4
78 62 5
52 49 3
43 31 5
68 11 1
84 85 3
76 30 1
26 22 0
13 85 4
41 88 4
26 81 0
80 25 1
60 8 7
20 47 5
14 32 0
42 90 3
5 80 6
33 96 4
61 54 7
25 36 4
14 44 7
12 55 1
46 92 3
13 42 8
68 21 5
77 33 4
81 31 4
16 6 8
55 65 5
91 54 6
69 52 5
43 22 1
42 36 5
9 83 8
62 97 5
14 22 8
16 67 1
55 13 2
14 15 7
86 88 1
45 26 7
4 72 2
26 59 0
38 75 4
27 3 8
98 17 8
43 48 4
60 30 3
71 82 4
26 11 8
22 75 8
92 80 5
50 33 3
7 34 7
9 28 6
38 89 2
46 30 8
31 32 7
62 38 7
73 54 1
17 26 1
53 83 0
27 36 1
48 90 8
19 20 6
84 76 8
24 28 2
61 4 3
46 93 2
21 47 5
44 79 1
84 70 0
49 68 4
50 87 1
94 30 8
7 11 6
97 89 8
7 61 2
71 89 7
35 3 5
33 22 2
48 3 4
33 68 4
26 46 0
87 6 6
5 15 7
23 59 2
43 16 2
26 7 8
58 64 2
24 65 3
58 44 3
96 84 0
30 57 6
78 30 8
43 62 7
18 94 5
100 5 3
2 40 1
70 15 1
47 84 4
86 77 1
41 71 6
26 41 7
8 91 4
37 42 5
80 61 2
26 20 7
91 50 1
76 77 6
9 74 2
8 1 4
65 29 3
30 73 5
38 26 8
94 58 3
1 56 4
49 64 7
60 46 3
20 71 7
42 27 6
97 41 7
11 91 0
59 74 1
69 68 0
93 4 1
20 4 8
67 93 0
94 6 1
96 92 5
40 20 3
18 100 1
20 37 4
26 92 6
67 89 7
84 55 0
4 13 1
66 58 0
12 49 4
79 41 5
76 19 3
46 80 7
74 43 2
65 39 8
75 6 3
53 74 2
98 85 7
84 13 1
20 70 2
22 23 0
75 18 4
35 92 8
70 47 6
80 45 5
68 24 3
17 43 7
76 100 6
94 78 6
33 26 7
21 71 5
40 82 8
90 86 5
5 18 8
67 6 1
19 64 0
38 92 1
78 84 3
73 10 8
57 15 7
96 55 2
36 93 5
39 10 1
45 79 1
84 91 1
43 96 1
14 27 7
48 53 0
50 58 0
59 13 5
75 32 1
28 17 4
77 46 5
12 18 2
51 96 6
25 11 8
47 76 8
61 14 5
61 62 7
38 47 8
88 47 0
77 58 1
48 23 5
56 37 0
53 13 1
70 22 8
58 48 5
8 87 0
7 94 5
16 40 2
69 44 5
27 82 1
12 70 5
6 4 7
74 63 2
75 51 4
66 29 1
14 49 6
60 69 7
14 10 6
2 20 1
44 87 2
7 100 4
24 6 4
40 28 1
82 15 1
81 42 3
35 96 8
96 19 8
93 25 2
25 17 4
88 97 7
79 24 2
17 4 6
35 55 2
12 28 2
60 53 7
97 44 4
7 57 5
11 21 8
56 21 4
31 70 3
89 56 4
46 36 0
99 78 4
18 8 6
76 12 0
100 58 7
24 15 6
87 40 1
5 12 5
29 87 4
88 96 7
61 58 2
71 45 3
44 95 7
99 98 8
13 91 8
24 87 7
43 47 4
63 43 5
75 86 1
66 28 5
18 39 0
40 72 7
52 99 1
59 33 8
38 65 6
4 67 4
89 49 6
2 86 1
60 78 0
6 74 2
78 36 4
44 38 1
31 80 5
12 43 8
3 13 7
40 57 5
56 27 8
59 37 6
34 39 1
10 33 0
97 24 2
65 62 3
49 43 4
86 63 6
24 49 7
41 44 6
4 23 1
89 53 3
18 19 1
21 66 4
54 67 4
54 39 7
70 4 2
79 83 7
86 51 3
98 87 5
74 28 6
11 14 3
44 8 0
6 63 6
13 21 3
70 96 7
16 27 6
29 52 8
84 23 7
30 21 5
29 67 4
33 42 7
59 31 7
73 37 8
65 33 1
37 7 0
27 38 1
10 71 4
53 65 5
26 16 4
80 56 3
45 88 0
14 58 2
94 8 7
81 87 1
68 39 7
35 27 7
21 91 4
14 89 0
74 23 6
1 37 5
88 42 4
84 31 4
18 54 3
4 9 3
91 88 4
33 21 3
88 69 1
21 12 6
13 82 0
53 64 3
9 55 3
76 91 8
99 96 2
44 68 0
69 9 2
75 66 6
14 68 3
66 3 0
88 23 4
38 91 0
98 27 1
80 43 5
85 4 1
82 63 8
22 79 7
98 94 3
19 38 3
37 53 4
88 58 5
91 100 7
30 90 7
35 70 8
63 59 0
26 21 0
55 88 8
16 12 2
73 64 6
53 38 1
11 20 5
2 71 5
33 36 4
60 72 4
6 96 0
85 68 6
63 16 5
21 63 7
59 10 4
22 88 5
65 25 3
34 27 3
77 69 3
20 15 7
61 68 7
63 70 6
43 36 5
1 76 3
55 28 5
52 81 0
63 85 4
29 38 3
92 97 2
8 34 1
43 28 1
59 89 1
98 19 6
100 17 1
93 32 1
25 32 7
46 96 8
27 80 8
91 39 4
49 77 3
14 84 7
20 88 0
78 61 3
58 40 4
7 66 6
44 63 8
14 81 4
16 30 5
17 7 8
70 68 0
23 36 6
43 90 3
92 7 2
12 57 8
62 31 0
16 85 7
48 66 2
83 93 5
63 18 4
78 14 5
25 8 6
84 56 0
80 76 0
59 21 6
26 48 1
47 60 7
26 1 3
66 81 3
72 73 6
62 50 6
28 83 8
95 17 5
4 96 5
37 79 2
52 46 0
4 36 3
17 11 4
24 81 4
71 25 8
74 16 0
92 53 4
90 83 3
16 58 1
78 25 2
59 99 1
18 34 5
57 56 1
64 20 5
66 25 6
1 89 7
69 82 5
23 90 6
34 74 7
29 91 2
63 23 6
64 79 2
41 72 7
78 23 4
17 64 2
12 15 3
42 22 3
62 6 2
26 49 2
89 7 4
86 68 4
92 68 5
17 52 8
35 73 7
31 55 0
54 3 8
45 69 3
94 97 2
96 69 3
28 33 3
94 84 6
20 30 4
88 74 8
29 3 1
48 24 6
21 80 0
58 73 2
73 19 0
2 95 6
86 35 0
42 76 3
65 99 8
43 83 2
40 21 1
64 69 4
28 34 3
48 63 5
47 5 0
49 34 6
50 51 2
40 30 3
90 57 2
38 13 1
30 72 3
17 12 7
98 33 5
3 2 4
53 1 0
81 64 8
66 15 1
68 88 6
17 63 8
70 56 7
100 98 8
7 67 5
51 62 1
31 97 5
3 93 1
57 87 1
54 46 3
48 38 7
79 17 7
40 88 8
35 1 2
79 75 3
56 8 4
66 9 1
87 72 2
22 24 2
36 11 1
23 42 1
6 1 0
79 15 5
76 37 6
87 97 6
34 43 2
25 47 6
15 19 4
27 25 2
18 66 4
100 40 2
69 19 1
40 83 0
44 61 4
36 47 4
26 79 6
12 48 3
85 80 1
39 44 8
23 79 1
96 13 3
14 26 1
82 89 3
28 36 4
88 37 1
43 27 1
39 94 7
84 99 0
12 60 7
22 29 4
23 80 0
39 73 5
12 41 0
91 75 8
50 27 0
72 78 4
38 85 0
38 93 2
79 67 7
33 40 6
31 45 4
67 14 8
37 90 3
13 12 1
90 62 0
7 85 8
83 96 4
33 58 1
92 59 1
55 73 5
40 64 4
4 2 4
90 81 7
20 18 3
64 5 5
61 6 8
98 65 0
93 91 0
74 3 3
93 79 5
15 77 2
42 19 5
77 73 2
62 48 6
81 92 1
47 56 2
92 1 6
21 6 8
88 89 2
95 76 5
1 18 1
100 39 1
40 4 3
71 61 3
35 52 1
71 35 3
90 65 3
51 18 4
16 95 1
42 54 2
65 91 8
34 33 0
73 46 1
11 51 5
64 42 1
14 97 0
4 52 8
100 81 2
61 30 6
92 22 8
11 90 3
49 98 3
43 89 5
65 20 3
80 15 4
93 11 8
19 23 8
18 55 1
5 56 1
26 69 2
62 19 6
38 30 6
38 25 5
47 89 0
74 30 1
34 2 0
67 70 5
75 54 2
32 36 5
9 36 0
93 30 6
94 73 7
70 24 4
56 10 4
47 51 4
7 58 3
83 23 3
7 32 4
28 86 3
30 99 2
92 37 8
92 94 1
15 71 4
8 27 5
85 34 1
50 64 2
44 77 1
19 24 7
9 89 4
26 25 5
7 82 4
78 29 5
29 74 4
23 41 5
42 68 3
18 33 0
76 32 8
11 24 7
47 23 4
31 29 5
10 18 6
36 74 6
91 3 7
12 35 6
97 96 5
73 12 6
80 4 7
40 51 3
15 35 7
7 68 8
69 22 5
63 71 1
8 15 3
11 84 8
64 54 8
7 83 3
98 82 5
77 81 6
22 87 3
56 94 6
1 85 5
70 81 5
42 3 7
43 37 2
53 58 7
4 19 0
52 50 6
55 46 0
63 41 5
56 81 4
94 15 6
64 59 1
85 3 8
27 72 1
47 92 1
84 79 3
52 97 4
9 80 2
38 70 6
58 11 4
10 65 2
16 3 3
4 12 7
51 95 2
89 15 2
16 56 2
57 68 7
71 14 7
5 99 6
83 38 1
54 96 4
19 94 1
11 62 2
44 60 5
78 45 3
7 64 6
63 73 8
35 36 0
26 84 8
79 63 6
74 22 3
81 50 5
8 82 3
2 81 6
48 42 2
8 98 4
54 95 5
37 6 3
81 38 6
50 65 0
88 73 2
76 78 8
42 63 1
86 73 1
74 18 0
95 14 4
34 62 3
81 27 6
88 54 0
80 63 1
19 47 1
74 56 8
15 40 8
49 73 8
86 39 1
77 98 0
44 99 4
72 35 0
9 75 0
72 68 3
40 39 0
50 47 2
26 19 7
29 15 5
68 87 3
56 6 4
55 38 4
50 71 8
83 19 5
51 36 7
84 93 2
29 100 6
40 34 8
99 37 5
92 62 5
75 97 0
9 39 0
87 19 0
20 89 5
64 92 8
71 98 8
37 84 8
50 78 7
25 39 4
37 86 1
41 60 7
85 15 6
98 86 0
89 92 5
15 93 5
76 93 8
4 98 2
99 69 2
37 45 4
100 69 5
9 46 1
23 34 8
35 47 0
82 4 4
47 55 2
96 34 1
83 55 5
15 34 7
71 92 4
90 21 5
21 27 8
92 54 6
58 39 6
39 99 1
9 68 6
12 81 7
5 54 2
87 1 4
75 100 4
73 47 0
15 22 1
44 34 8
72 89 0
94 67 0
85 52 0
13 8 1
100 51 8
40 86 6
66 57 2
16 9 8
91 33 3
40 8 8
68 62 4
29 27 7
26 10 6
47 18 3
82 93 3
72 28 0
97 57 3
95 21 6
90 58 8
52 34 2
20 6 2
74 19 6
69 84 7
26 67 4
51 90 1
20 1 5
96 89 8
99 71 7
49 83 7
97 56 7
50 44 0
6 41 5
65 22 2
18 27 6
17 62 1
66 10 4
13 45 2
47 16 6
79 80 8
45 95 2
36 53 4
94 77 4
43 50 5
34 95 4
60 16 6
79 35 7
52 70 7
46 100 3
93 58 6
40 32 2
93 22 4
62 89 8
92 43 2
36 14 0
9 45 5
72 85 4
20 83 5
5 95 0
32 21 7
45 17 7
83 36 0
90 54 6
22 78 1
72 7 2
7 42 2
13 97 0
65 9 1
21 10 8
93 10 7
96 12 4
67 95 6
86 16 2
64 48 5
3 17 1
40 46 1
20 99 2
49 29 1
17 50 5
99 60 7
5 63 2
9 48 4
7 59 8
95 90 2
89 93 5
42 80 7
19 35 4
9 19 8
36 81 1
80 72 5
94 25 0
14 55 0
21 76 0
33 95 4
56 11 5
55 80 3
59 48 8
17 27 0
23 31 7
24 74 3
80 98 0
25 87 8
28 53 8
51 38 2
31 11 6
22 57 0
28 3 1
8 41 5
34 14 2
39 51 3
44 64 1
27 32 3
33 84 0
41 18 7
28 62 3
20 63 8
52 21 4
62 35 4
40 70 5
69 53 0
15 81 0
93 34 1
59 56 6
68 30 8
64 18 4
65 52 0
23 58 1
51 48 4
34 63 1
81 19 0
50 21 0
25 45 3
32 24 0
29 20 5
36 79 8
14 90 3
35 56 3
27 52 8
54 84 2
30 29 0
51 83 3
1 50 1
34 67 3
44 85 8
56 49 0
36 49 3
53 39 8
16 39 5
46 53 2
70 18 6
48 45 7
71 12 4
62 16 3
53 55 1
16 13 5
15 33 1
77 68 8
60 98 0
43 32 6
31 49 0
95 82 7
72 42 2
70 29 2
69 24 4
94 31 8
74 85 8
3 8 5
2 100 8
32 46 3
21 73 8
81 30 6
65 42 4
3 14 8
64 61 8
40 97 4
25 35 5
96 25 8
72 19 7
64 22 4
11 27 4
85 53 2
61 33 8
4 10 1
19 70 5
18 76 7
5 51 5
49 4 1
86 32 1
18 49 0
66 31 1
26 52 5
41 27 8
46 57 6
9 38 3
80 73 0
60 74 8
45 75 1
22 58 4
12 54 6
75 21 3
54 30 7
62 32 8
74 54 0
96 40 1
55 1 0
45 35 0
47 48 8
91 58 2
84 66 7
33 4 8
77 7 3
13 15 5
63 52 1
74 37 5
38 79 6
24 67 8
2 37 3
59 51 4
53 15 5
29 55 6
43 87 6
21 20 8
97 54 6
2 85 0
34 30 6
98 34 4
58 13 8
78 2 5
76 66 4
25 13 6
36 54 4
67 21 8
1 52 4
33 56 8
19 88 7
84 20 3
33 85 4
45 19 0
15 37 1
59 68 6
86 19 0
22 60 8
81 68 5
65 44 0
83 48 8
30 19 3
61 42 3
2 15 0
91 72 8
28 68 1
79 6 4
77 38 2
19 2 7
78 71 3
1 98 2
16 91 1
30 42 0
34 31 3
34 10 8
4 47 2
79 55 7
14 41 0
29 86 4
1 10 2
64 57 4
55 75 0
89 30 1
71 77 3
61 63 5
13 75 8
92 58 1
32 91 3
69 56 6
51 64 3
26 87 0
44 81 4
55 2 7
22 3 1
24 91 1
93 9 0
15 18 1
90 61 4
57 88 2
94 64 2
48 94 4
55 60 1
1 80 1
51 17 0
36 12 0
95 63 4
54 79 1
97 60 1
88 7 3
65 26 2
83 80 7
12 87 1
23 62 6
79 34 8
50 57 2
1 27 6
32 11 7
12 22 3
13 86 2
13 83 6
2 48 1
62 36 5
20 33 7
54 47 3
44 91 2
74 65 6
94 21 1
95 3 8
13 98 3
44 59 6
43 51 4
41 36 1
52 71 6
49 91 4
57 84 6
66 88 6
2 70 7
71 36 4
74 55 0
8 4 1
10 40 7
97 98 3
87 74 1
49 99 4
68 67 8
68 26 3
86 64 4
3 87 0
63 54 2
100 12 5
21 42 6
9 12 1
49 3 7
23 75 6
52 83 5
12 78 2
44 27 4
70 39 5
13 33 3
89 75 4
39 38 2
22 100 4
49 67 1
44 52 0
64 36 6
44 15 6
69 78 2
72 36 5
50 73 8
51 88 0
19 95 1
93 14 5
92 99 1
54 15 1
87 91 2
33 19 7
46 34 5
55 10 5
32 77 3
47 46 5
78 80 2
88 44 1
90 9 6
26 6 5
2 39 8
56 71 6
36 88 6
100 50 5
48 27 6
54 56 7
29 82 5
1 44 1
99 53 6
93 2 5
46 64 4
78 56 8
54 40 5
42 50 1
11 97 3
61 96 6
79 31 7
72 49 2
43 56 1
98 93 0
53 10 6
92 15 8
13 79 5
50 37 4
46 72 3
29 37 2
83 70 7
41 66 0
15 48 5
74 98 4
94 16 5
69 75 2
12 53 0
29 48 6
61 41 1
30 86 8
74 44 1
33 66 3
8 68 6
45 43 3
69 12 5
49 92 5
7 24 8
10 23 2
92 11 4
91 98 6
18 28 2
51 16 0
90 24 3
6 2 3
14 5 4
22 11 7
99 64 7
6 32 1
27 100 4
44 4 8
3 77 3
18 69 8
45 40 5
82 79 6
2 60 6
63 27 8
1 21 8
57 77 6
23 50 7
14 57 1
90 36 7
37 85 7
14 7 0
82 38 7
66 73 0
27 2 4
6 42 1
77 79 3
86 10 5
90 70 5
26 23 7
95 84 7
1 14 3
81 18 2
6 98 6
60 65 4
61 56 5
79 61 6
9 5 5
79 5 5
19 53 7
50 98 2
92 4 8
5 78 8
17 76 8
40 35 4
46 86 7
64 62 8
75 67 1
79 73 0
11 16 7
60 3 6
92 51 7
15 86 7
78 79 0
79 29 5
79 68 5
34 86 6
99 86 0
21 16 5
55 86 3
41 74 5
50 45 1
64 55 2
84 98 3
33 54 8
74 2 1
26 2 6
23 52 3
45 15 8
95 64 7
21 43 6
32 51 3
72 43 5
41 3 8
16 33 2
87 53 4
76 52 3
75 41 7
36 40 5
36 19 0
81 8 6
46 25 2
68 45 2
28 20 5
21 53 0
12 93 0
27 7 5
77 65 3
66 80 8
86 8 4
100 41 4
57 19 4
97 33 7
80 97 2
17 19 5
39 52 8
13 87 6
85 56 0
81 61 3
29 7 4
25 100 2
66 36 0
44 35 5
14 16 3
77 61 1
25 31 2
96 38 2
14 29 1
52 14 0
31 8 8
28 54 7
30 26 4
32 12 1
85 82 3
97 2 3
48 98 4
10 69 6
51 12 7
34 83 3
17 54 4
22 6 1
100 16 6
4 69 1
51 29 0
22 71 5
17 97 6
87 42 1
83 77 0
72 71 2
61 49 2
42 16 1
58 87 1
30 5 1
89 17 1
83 31 4
51 80 8
7 81 7
78 49 1
68 37 3
11 42 2
44 53 1
42 60 5
41 64 5
57 94 8
28 16 7
67 44 0
75 39 2
92 76 7
18 62 5
32 59 5
79 47 5
89 48 0
34 84 1
91 85 1
3 23 2
95 26 8
19 11 6
12 25 7
73 91 0
46 71 6
15 90 3
14 76 2
77 6 8
96 26 1
89 99 5
68 99 2
22 77 1
31 85 1
40 48 1
56 28 5
1 7 5
73 52 3
32 44 1
31 77 8
93 13 7
22 72 3
99 25 7
82 73 6
53 96 6
88 64 0
28 64 6
36 2 7
92 56 2
81 9 6
26 51 4
68 40 4
36 80 2
80 86 4
97 59 0
51 20 2
43 85 0
63 49 7
27 61 1
50 6 7
61 8 7
71 62 1
30 9 3
64 23 2
32 72 7
59 75 8
46 81 5
100 33 6
39 22 2
54 7 5
98 88 8
26 9 4
51 49 1
44 2 3
76 98 6
18 23 6
34 92 1
10 43 1
85 93 7
35 88 5
78 52 4
9 56 7
64 71 4
32 29 0
19 54 3
67 33 7
47 49 2
31 73 6
82 74 2
2 21 2
23 56 6
65 35 1
5 83 5
56 90 8
98 38 3
49 71 0
77 37 7
52 53 1
17 38 7
32 2 3
69 74 3
47 72 8
22 54 5
33 11 5
82 34 0
42 26 6
52 31 7
21 78 7
42 59 1
67 11 0
76 61 7
47 81 3
80 44 0
15 91 0
59 90 7
99 40 8
62 24 8
86 36 8
75 2 5
45 86 7
55 43 1
7 35 6
44 54 1
86 43 6
14 30 3
62 72 8
86 54 2
7 10 6
54 69 1
64 100 2
73 83 2
78 9 2
43 4 7
38 86 3
83 14 5
92 85 3
81 35 3
54 23 4
88 14 6
6 55 0
30 8 4
28 4 5
65 93 7
58 99 1
9 25 0
13 27 6
70 69 3
33 43 6
44 92 8
100 82 0
58 6 4
30 39 2
41 40 4
85 5 7
98 3 7
46 82 7
31 41 1
10 30 0
87 100 5
75 3 1
43 68 5
96 20 1
84 36 1
69 5 4
51 91 6
16 98 3
60 50 3
59 79 2
36 3 1
94 52 0
15 63 4
29 97 2
38 80 8
48 54 7
2 65 3
57 5 1
93 72 7
38 40 1
8 70 1
63 87 1
59 47 0
41 99 1
99 11 2
11 10 1
17 73 4
29 50 4
24 82 8
81 65 1
27 33 1
46 48 5
66 74 1
22 30 6
28 31 5
59 73 3
37 98 8
84 58 8
5 34 3
66 23 5
45 85 1
33 23 5
23 65 6
88 84 6
40 22 1
68 78 3
69 65 6
43 46 0
87 41 6
74 39 1
100 28 0
99 19 3
66 83 0
73 22 4
65 6 0
85 28 0
3 19 5
71 97 1
12 89 2
59 81 0
16 73 6
88 21 7
80 95 0
4 87 7
93 33 3
40 29 6
2 43 7
35 8 1
2 16 1
75 72 2
42 56 3
48 16 6
99 57 4
100 45 6
66 93 5
58 26 1
85 47 5
39 19 7
66 26 3
86 66 4
89 63 4
63 8 0
35 9 5
81 54 8
86 74 7
72 88 0
88 6 8
63 50 4
61 37 5
11 81 2
80 34 4
3 70 1
1 39 2
73 4 0
23 45 5
81 49 0
28 38 6
10 27 6
96 57 6
58 67 3
19 52 2
92 2 1
3 46 0
45 38 0
29 71 0
31 76 1
39 77 7
31 96 7
31 33 4
67 35 4
17 59 1
97 42 8
11 65 0
80 41 6
41 48 0
97 78 7
18 71 4
85 77 4
77 90 1
78 34 1
32 52 1
7 19 0
1 49 8
85 8 3
71 47 1
27 23 1
53 41 7
70 42 4
30 66 1
10 12 4
94 43 4
93 23 2
83 81 2
49 60 7
94 66 2
4 42 6
83 24 1
75 61 6
90 98 8
79 2 0
95 97 6
77 14 6
89 45 2
79 30 0
36 89 8
26 28 1
46 38 6
78 48 7
66 62 0
40 77 7
78 53 7
91 70 0
26 97 3
65 58 4
3 21 3
19 84 5
88 4 0
28 91 5
76 34 8
39 79 2
8 11 7
89 95 5
26 36 5
26 61 2
19 16 3
67 19 7
85 76 3
92 20 4
72 55 1
74 64 2
92 32 8
54 68 1
86 17 2
100 35 5
90 79 3
64 89 5
8 72 8
9 43 6
63 94 3
3 57 1
100 8 7
72 92 3
24 44 0
28 76 5
33 62 2
29 19 5
5 26 3
58 79 4
10 80 2
73 29 8
37 19 2
57 60 2
43 88 8
55 44 1
56 62 2
8 99 7
88 38 8
47 95 3
86 49 0
13 10 5
22 56 1
97 32 6
40 79 0
71 67 2
39 71 8
36 82 7
54 52 0
78 42 1
63 93 0
88 25 8
20 55 8
97 38 2
95 36 1
93 60 0
14 31 4
35 66 5
57 23 5
100
25 24 454
43 40 634
162 85 688
1464 79 1464
1901 94 1901
2297 19 2715
3318 22 3870
4015 88 4711
4296 41 5314
5082 46 5825
5649 98 6123
5892 22 6274
6410 16 6941
6690 9 7202
7718 80 7718
7792 86 7792
7932 100 8043
8431 99 8524
8485 86 8723
8653 48 9157
8656 40 10030
8786 14 10039
9421 73 10163
10076 51 10225
10490 18 10803
10708 94 11211
10714 90 11853
10850 97 11962
10910 47 12231
11721 16 12745
11740 92 12749
13257 36 13257
13677 32 13677
13759 59 14020
14038 81 14038
14261 14 14430
14479 85 14479
14804 16 14804
14986 28 14986
15156 42 15589
15244 88 16132
16010 61 16273
17200 24 17200
17984 32 17984
18469 91 18469
18610 82 18610
18760 74 18760
19435 55 19435
19702 36 19702
19851 5 19851
20971 80 20971
21415 19 21415
22626 52 22626
22917 58 22917
23008 33 23008
23157 15 23157
23258 63 23258
23363 41 24293
23568 32 24608
24337 25 25322
24606 80 25507
24964 48 26214
25190 83 26298
25298 74 26414
25502 98 26657
25544 9 26816
25606 3 27103
26004 93 28140
26096 65 28205
26420 20 28678
26467 78 28894
26820 55 29121
27075 31 29134
27355 60 29651
27638 37 29667
28036 46 30085
28451 50 30108
28679 24 30522
28893 21 31105
29361 58 31127
29709 29 31354
30023 43 31668
30820 99 31917
30943 78 33168
32829 72 33243
33366 77 33395
33411 96 33442
33702 43 33980
34665 25 34665
34752 43 34752
35294 34 35294
35364 58 35364
35810 31 35810
36120 40 36120
36173 7 36173
37347 100 37347
37404 85 37601
37521 64 37870
37848 12 38887
38359 96 39963
