100 1980
85 67 5
91 32 6
79 82 0
100 54 0
26 12 4
37 40 8
83 98 2
54 37 6
87 80 4
87 84 2
73 94 6
66 41 1
71 99 1
9 45 7
33 11 2
96 60 0
66 4 3
35 52 2
44 16 8
19 48 0
88 100 4
10 56 4
49 47 5
42 85 3
18 89 0
26 27 3
61 24 5
1 60 4
52 28 7
58 1 0
95 80 5
47 80 3
27 53 8
41 54 6
13 2 2
68 96 7
43 70 1
49 4 4
29 90 5
31 17 6
33 72 0
57 98 1
31 97 4
55 59 8
21 78 0
55 83 4
70 74 8
28 84 8
39 5 7
70 35 0
90 81 8
84 26 6
86 19 1
97 68 3
25 90 3
98 39 6
93 16 8
92 43 7
53 73 8
62 61 5
72 90 7
25 81 1
4 1 6
57 82 4
51 80 6
20 49 4
46 53 2
41 24 2
64 20 8
87 96 2
13 56 0
42 39 7
44 3 8
81 84 2
99 26 6
97 91 4
99 49 8
24 48 4
86 22 0
34 7 3
20 100 7
18 97 3
24 88 3
41 18 8
8 42 4
31 36 2
65 66 7
12 32 7
67 64 5
60 76 8
54 57 0
21 20 4
5 56 8
29 39 6
38 88 3
17 51 8
22 28 7
54 66 1
26 66 2
4 28 3
7 75 1
24 32 4
54 17 7
15 29 8
93 38 2
81 17 5
85 80 4
14 75 7
56 77 4
25 85 4
4 82 4
47 17 6
3 91 2
7 24 0
66 91 4
56 43 3
14 17 2
86 41 3
82 8 0
6 17 0
72 63 1
22 9 7
19 88 5
41 97 8
38 41 5
18 91 6
85 9 6
96 72 7
86 27 6
71 39 6
45 55 2
17 95 1
53 85 0
74 61 0
82 16 2
38 45 5
90 33 7
47 84 6
71 27 5
27 2 8
70 76 3
80 62 7
10 45 3
69 78 0
80 88 4
82 80 2
96 17 8
60 7 8
67 44 5
69 31 2
70 18 7
60 17 4
47 7 0
43 19 2
52 27 0
38 97 1
32 15 3
52 63 3
44 32 2
36 42 3
65 17 4
4 25 3
13 91 8
57 34 8
51 81 5
69 66 6
22 92 3
17 24 3
59 62 6
81 50 3
25 64 6
88 66 7
73 54 8
8 50 0
90 83 2
3 15 2
48 77 7
29 3 0
15 46 0
73 59 8
36 63 5
34 31 4
98 14 1
9 67 1
99 57 2
97 75 1
3 32 2
36 70 7
23 67 1
62 60 4
5 94 4
43 97 8
74 99 5
77 20 7
14 89 1
60 93 1
11 21 4
73 62 2
90 12 5
76 1 1
35 41 4
90 19 2
81 57 4
32 13 4
23 14 5
29 74 8
58 26 7
14 97 5
13 54 2
70 81 0
65 70 5
94 9 1
97 26 2
66 73 7
40 98 3
85 43 4
56 87 2
33 97 8
68 34 4
63 30 0
100 99 7
76 3 6
45 89 7
39 80 7
12 11 8
70 83 8
7 70 1
50 37 5
37 6 7
41 80 0
19 72 1
38 24 1
91 34 5
61 85 4
11 72 3
89 32 0
71 100 4
19 58 0
74 28 2
8 73 1
79 28 5
3 79 0
2 1 0
42 6 1
44 86 4
97 87 3
20 29 6
46 24 8
39 2 2
87 86 0
78 7 0
72 77 4
32 55 8
29 2 5
91 6 0
80 11 8
23 74 2
46 65 5
85 28 5
72 97 3
22 90 3
78 43 7
20 54 5
22 79 8
23 46 3
68 58 5
78 14 2
62 18 7
53 23 1
20 19 6
37 52 4
55 27 8
43 47 4
62 36 2
69 70 2
52 44 4
31 79 6
92 28 3
22 25 3
90 66 5
22 37 2
84 22 6
85 68 3
88 72 5
20 13 6
66 11 7
35 20 5
93 3 4
4 62 6
73 85 7
27 23 1
93 83 4
94 43 1
73 88 1
79 17 5
84 60 8
39 99 3
32 70 4
30 62 0
21 95 5
67 24 3
67 35 3
99 23 8
14 66 4
25 33 0
8 3 5
21 98 1
63 77 1
8 28 7
24 90 0
13 59 8
47 78 5
87 18 4
100 84 5
13 48 3
15 39 7
85 92 8
8 52 4
93 58 2
66 7 0
91 93 2
2 44 8
93 8 1
11 61 8
21 4 5
21 94 1
81 58 2
11 16 3
55 35 5
34 21 7
17 10 6
87 67 0
42 87 8
44 73 1
24 68 0
35 65 5
86 98 8
53 9 6
65 85 8
12 53 5
37 1 2
69 90 8
64 91 5
11 97 3
40 72 2
46 66 1
79 77 5
50 82 8
90 74 2
7 82 6
92 79 1
62 77 5
85 77 1
3 100 2
6 54 5
71 69 3
58 89 4
81 88 1
48 69 5
73 10 1
68 62 4
15 76 7
39 63 0
92 81 7
79 47 0
100 91 8
33 43 6
46 45 3
1 47 3
6 30 8
84 37 6
38 59 8
42 52 8
55 75 1
66 51 1
20 12 5
39 8 7
85 82 6
29 63 4
56 51 1
22 30 8
32 39 5
71 59 8
55 93 1
9 33 0
55 76 3
57 78 8
1 31 1
77 9 1
27 30 0
38 34 4
77 90 5
71 93 2
14 4 0
43 75 5
21 15 1
32 87 7
13 49 7
63 87 2
68 65 2
31 93 2
74 82 5
89 3 0
68 4 1
62 96 6
52 32 7
52 20 0
60 67 8
15 82 6
23 2 8
78 91 6
56 26 5
69 80 0
45 19 3
81 71 3
51 60 7
13 73 8
51 26 7
83 11 7
70 42 4
27 36 8
98 38 3
72 6 0
2 77 3
59 46 5
91 48 3
61 16 5
27 13 0
74 76 5
45 20 5
58 51 0
19 87 5
32 88 4
23 10 7
74 32 4
53 10 8
30 100 0
46 94 4
56 68 4
11 47 1
28 91 6
33 8 8
88 48 3
26 19 7
50 53 5
64 94 4
72 79 0
64 27 8
27 44 4
25 76 1
15 27 8
65 93 0
23 1 5
6 20 4
73 47 7
98 7 2
97 1 6
27 63 0
24 85 3
88 37 6
44 31 7
12 8 6
10 13 3
52 38 7
88 8 0
79 75 0
94 17 4
55 9 2
1 41 5
62 54 5
73 46 1
75 67 2
36 76 7
1 85 1
43 57 2
94 72 8
96 35 1
55 58 6
63 62 7
5 93 1
54 58 8
80 53 3
50 19 1
47 59 5
79 35 5
89 49 3
7 31 1
58 44 2
23 85 7
81 60 0
25 82 3
36 55 6
31 46 8
66 22 3
74 26 4
32 34 1
93 17 7
64 76 4
93 76 2
29 84 7
4 45 8
10 89 0
68 70 1
40 56 8
43 41 3
50 68 6
37 11 4
40 84 4
100 80 6
72 36 8
32 81 5
18 54 2
94 7 7
65 62 1
87 17 3
67 6 6
37 19 5
39 59 2
70 62 0
26 45 5
49 38 5
7 56 3
68 92 5
97 96 0
67 46 7
87 58 5
45 7 1
71 87 6
70 56 4
44 36 4
5 43 4
66 68 0
43 91 6
70 86 5
21 32 8
90 34 5
83 44 4
55 70 3
98 94 5
2 9 7
49 26 8
19 42 3
18 3 8
78 20 2
100 27 4
80 50 0
59 27 2
27 33 8
87 48 2
24 56 6
21 35 2
52 53 4
12 64 3
78 36 7
90 92 1
80 30 6
98 6 3
17 41 3
41 26 2
6 75 5
70 14 6
34 62 0
82 72 4
20 48 7
63 76 8
87 28 8
43 65 8
74 4 2
28 93 2
82 56 2
53 6 8
22 12 3
4 47 6
59 18 8
62 66 1
20 4 1
90 93 0
45 11 4
97 46 0
74 64 5
57 8 6
47 32 4
96 79 5
87 62 6
61 51 7
4 22 7
78 39 8
93 6 1
66 47 1
44 69 1
38 65 7
77 27 3
65 54 1
8 63 8
27 38 8
37 4 0
48 10 6
14 39 7
7 15 7
3 49 4
33 42 8
41 68 6
59 15 6
17 90 5
98 48 6
76 72 4
42 26 8
13 82 2
71 79 7
42 43 8
76 86 4
49 64 8
20 22 3
28 80 1
57 97 8
43 81 7
97 21 4
25 21 4
45 6 0
16 26 1
71 34 7
17 9 5
1 91 7
42 5 3
89 88 0
56 92 1
68 33 7
64 1 8
96 12 8
1 28 4
50 32 3
70 24 3
40 36 7
88 58 1
93 42 5
81 73 7
19 57 0
68 93 5
38 89 1
79 76 0
90 88 0
52 83 5
42 56 5
81 6 2
24 14 2
36 90 2
58 71 1
8 76 2
42 75 6
54 90 8
69 37 0
46 70 1
91 35 3
19 59 2
68 14 2
19 18 3
29 59 1
24 5 0
43 18 4
42 67 2
48 59 7
94 78 6
80 60 0
75 98 3
6 77 2
4 41 8
90 91 4
86 64 7
75 16 3
35 87 8
83 92 8
29 28 0
65 45 3
7 55 0
20 98 0
71 75 7
40 90 5
95 64 7
38 76 5
18 83 7
71 18 3
59 86 2
64 6 4
20 43 7
65 2 6
8 56 8
47 15 6
1 99 4
93 86 7
39 7 3
75 20 7
28 77 7
32 98 7
48 49 7
23 69 7
82 21 3
10 27 6
69 94 5
83 76 7
80 35 0
49 74 5
62 2 8
64 4 1
80 19 0
85 16 5
43 23 1
60 12 7
85 54 7
5 98 5
27 80 3
15 43 6
19 69 5
92 96 8
19 79 5
54 31 6
27 7 5
82 78 5
50 78 3
30 13 5
13 57 6
46 3 8
66 28 0
60 63 6
92 77 3
72 21 2
57 69 2
58 17 6
19 100 6
58 40 1
56 86 3
46 11 4
44 23 2
43 68 6
2 54 7
55 88 8
28 30 0
13 41 0
9 98 7
55 40 0
22 56 7
12 68 3
80 94 5
31 40 2
48 33 7
56 67 3
75 38 4
19 52 8
52 79 3
95 71 0
31 33 6
89 15 6
61 73 3
86 96 4
49 75 6
2 61 3
92 14 3
22 88 2
40 74 4
37 29 3
24 69 1
89 70 7
94 40 7
62 17 4
22 43 0
68 60 3
86 37 0
51 2 7
41 83 2
28 89 1
100 32 7
21 85 4
2 34 6
27 50 6
45 84 5
99 10 4
27 51 1
68 100 5
87 59 3
86 30 3
83 1 1
43 31 0
76 59 6
53 98 1
57 21 4
31 73 2
74 18 8
99 25 1
40 60 8
15 80 6
20 95 0
7 64 3
94 54 7
2 41 2
27 29 8
83 21 0
40 38 5
30 66 5
17 76 3
1 53 8
29 89 0
55 67 3
30 16 4
12 80 0
1 44 5
53 63 8
96 36 7
65 29 8
31 27 0
95 66 2
15 66 2
86 21 6
57 71 0
51 43 6
63 66 8
54 89 6
59 50 4
74 16 8
86 6 4
81 96 4
54 29 6
43 17 3
76 92 0
9 93 3
88 18 7
35 28 7
6 16 2
5 46 8
34 59 1
77 14 4
84 50 4
65 99 5
17 22 6
84 96 6
88 43 0
92 60 5
34 67 8
8 77 4
31 77 2
60 69 5
93 66 3
83 87 0
30 24 0
68 18 1
54 8 6
32 28 1
13 89 5
14 86 5
7 13 0
54 5 6
29 79 5
70 21 2
100 40 7
20 70 3
7 97 8
11 78 2
11 19 3
72 26 5
9 47 2
34 28 2
39 10 1
12 67 5
15 33 0
67 11 2
34 44 1
37 24 0
63 55 1
75 54 5
41 76 6
32 65 4
40 42 5
62 16 3
69 97 6
76 12 8
28 46 5
62 51 3
89 12 6
80 40 2
24 9 4
87 94 3
34 98 8
96 45 4
98 2 4
11 1 8
96 5 0
75 27 2
16 27 1
73 27 3
75 63 7
34 39 7
2 96 6
6 7 2
51 36 7
3 30 2
8 96 7
1 56 2
2 58 2
94 52 5
1 3 7
11 55 8
84 12 6
46 84 7
52 21 8
75 29 8
19 24 5
75 50 6
25 49 3
42 57 0
84 76 3
23 83 0
6 15 8
81 42 0
51 53 3
7 71 1
41 50 3
16 7 3
54 49 2
61 50 6
8 84 3
11 56 7
46 83 5
94 62 6
29 97 8
49 5 6
98 80 6
71 50 4
55 16 3
48 67 7
60 52 2
5 7 3
71 30 3
73 14 3
56 3 8
45 32 1
60 49 5
43 9 7
26 30 8
99 87 4
84 34 8
28 6 8
57 68 0
31 56 1
20 7 4
26 63 1
11 48 6
74 41 2
52 40 4
23 17 1
65 92 8
48 12 4
70 50 1
72 67 5
66 100 5
36 73 1
50 49 8
6 25 1
96 93 3
58 11 3
13 81 5
56 30 7
51 47 5
36 84 2
38 35 7
70 22 5
14 22 6
54 45 7
85 34 0
7 58 6
7 30 6
60 66 2
51 7 3
69 41 1
8 65 4
85 8 1
66 71 2
8 15 0
70 40 0
53 21 4
42 1 6
11 64 1
51 10 0
99 22 3
69 72 7
67 32 5
49 57 1
37 59 2
46 37 0
36 79 0
88 67 5
45 33 5
92 63 2
23 65 8
54 60 2
3 65 7
92 50 3
43 35 7
27 14 7
36 64 5
69 53 0
39 85 8
87 34 3
35 46 1
80 77 1
35 31 6
86 46 0
99 73 2
90 47 5
16 54 6
78 81 3
11 53 3
62 5 4
4 57 8
37 75 8
5 60 8
29 100 6
11 27 1
12 42 8
58 20 2
41 89 1
93 67 3
2 81 3
88 13 0
81 22 4
46 20 7
26 59 2
99 13 6
94 57 3
15 23 2
66 74 7
25 31 8
51 91 6
12 33 7
90 58 7
14 44 0
66 23 3
99 86 8
98 4 0
37 28 3
77 22 0
62 95 7
61 83 0
81 98 3
49 70 8
33 46 5
100 38 3
1 9 8
1 68 1
23 89 2
50 1 3
93 88 0
66 33 7
16 71 3
64 37 0
72 74 3
75 28 6
77 58 8
21 92 8
68 90 0
19 54 5
26 54 0
3 69 1
85 99 2
75 31 7
17 73 4
50 43 5
36 85 0
65 33 2
55 18 4
88 39 0
3 74 8
68 80 2
71 83 4
65 73 6
66 25 4
53 58 0
86 61 2
88 7 4
79 93 5
71 92 7
90 84 6
69 61 0
66 64 6
32 10 2
77 39 3
59 61 8
15 13 7
16 70 0
21 47 3
31 57 7
82 38 4
77 73 0
39 37 4
96 27 6
7 80 5
38 39 1
80 14 1
9 87 6
8 14 6
81 77 5
5 73 1
99 33 2
27 81 3
54 7 8
95 79 2
27 60 1
61 25 3
75 47 6
61 54 5
13 40 3
39 4 2
94 66 8
17 67 6
44 26 1
19 65 1
67 15 7
90 42 0
37 96 1
50 65 0
80 21 8
6 55 8
99 36 4
55 1 8
42 35 3
26 79 7
98 61 8
5 1 1
62 6 8
5 84 0
28 42 0
34 58 3
17 50 4
19 34 6
4 95 6
20 99 5
48 21 2
11 42 2
9 38 6
41 90 2
39 49 7
28 13 6
63 22 6
47 10 4
4 86 3
8 11 4
24 16 6
84 15 0
73 52 5
17 78 3
47 25 4
84 9 2
36 86 3
34 20 5
2 49 8
96 57 8
56 99 5
95 52 4
58 76 0
12 62 7
37 7 7
81 93 3
87 10 4
53 55 4
72 13 2
68 28 1
56 52 6
56 84 6
44 88 6
23 77 8
76 53 4
78 38 4
41 21 0
2 28 5
49 79 2
76 45 7
68 38 5
87 82 0
41 36 2
13 33 2
16 4 5
97 47 1
22 42 2
3 40 7
55 5 7
57 58 7
74 63 5
62 92 2
32 57 0
8 53 5
91 81 3
10 1 3
66 70 1
60 100 6
68 51 0
40 16 1
38 2 0
83 56 2
86 24 0
98 59 8
78 44 3
44 21 6
14 3 5
46 96 6
27 68 6
7 1 4
28 38 5
38 15 5
92 7 4
23 31 3
32 33 8
70 72 2
97 30 4
29 25 5
87 43 7
62 82 2
96 11 3
66 61 4
26 36 0
58 83 4
44 20 1
68 69 2
57 3 2
14 57 1
45 25 5
66 1 1
94 48 7
66 35 7
68 99 2
46 47 2
83 2 8
6 100 7
66 21 2
40 79 3
65 47 1
69 32 7
25 14 6
21 77 6
17 44 7
5 66 6
73 16 8
50 73 7
41 22 6
23 26 1
90 76 7
79 18 6
39 60 2
92 39 7
63 70 6
64 60 6
25 54 3
12 15 0
61 3 1
31 91 3
4 40 0
30 40 6
37 48 6
53 62 1
57 75 6
79 69 0
23 9 6
36 38 4
69 34 4
71 26 7
79 55 0
83 60 4
6 92 0
77 70 3
70 71 1
84 49 3
58 65 2
16 1 5
30 43 3
48 82 0
63 47 5
59 67 5
20 8 3
61 70 7
9 60 5
81 3 6
65 21 8
55 29 1
61 57 7
65 39 3
44 93 5
41 62 4
38 47 7
60 97 7
29 73 6
59 25 2
99 47 4
84 64 3
25 17 1
71 35 6
18 51 7
73 21 1
53 43 7
60 15 7
100 63 0
68 20 8
86 42 1
12 56 6
7 91 3
99 93 4
94 71 6
92 13 1
73 71 3
45 83 1
86 53 2
73 57 6
34 99 5
8 38 5
35 90 7
26 86 8
43 59 2
76 39 7
2 14 4
81 67 1
86 52 6
25 39 0
13 69 6
11 90 4
71 86 7
68 7 7
14 21 7
33 82 6
15 16 7
70 30 5
3 78 0
91 95 7
87 12 4
96 82 4
89 36 4
40 29 2
65 79 1
10 40 5
46 6 1
9 27 6
77 89 4
59 64 3
74 58 1
43 55 4
25 56 3
56 28 3
90 10 5
87 52 1
61 76 2
92 32 2
67 90 6
82 17 0
55 44 6
60 50 5
46 60 1
42 31 1
39 53 4
59 5 1
29 78 3
69 46 4
61 78 0
5 91 7
26 20 2
66 2 6
68 25 2
27 20 1
92 35 6
84 93 7
20 71 8
39 18 3
89 22 2
85 48 8
15 64 8
72 60 4
26 38 7
100 69 4
80 20 0
65 52 4
77 68 5
41 5 5
36 11 6
72 92 4
85 74 5
83 67 7
96 24 8
28 55 6
51 97 1
27 87 8
22 8 3
70 58 7
77 52 8
37 73 2
48 31 3
80 32 8
14 13 6
48 90 7
39 50 0
78 93 5
30 58 0
87 89 2
4 15 8
26 33 3
85 86 1
22 59 6
37 61 7
35 47 3
44 15 1
71 74 1
37 5 3
26 89 8
13 18 8
78 71 5
94 82 7
59 17 0
30 50 1
56 97 7
15 93 5
77 99 0
25 86 1
7 10 6
3 17 0
7 35 7
79 64 0
89 44 0
4 32 8
20 74 2
94 95 4
83 4 0
38 13 2
34 9 7
14 46 1
2 5 3
4 100 7
26 2 8
18 35 8
3 34 1
33 40 4
18 53 5
6 23 0
89 68 1
70 91 4
1 15 4
11 69 6
85 20 0
16 49 3
91 79 0
74 60 2
29 16 0
18 61 1
56 74 7
88 70 2
2 37 8
28 60 3
29 98 5
79 45 5
98 16 3
37 25 5
42 73 1
50 20 1
95 51 2
63 11 1
49 94 7
3 42 4
13 96 2
37 79 1
59 28 8
12 59 3
10 86 4
28 96 8
66 89 3
3 62 5
74 55 0
58 42 1
57 2 3
54 97 0
57 64 3
88 57 2
10 88 3
86 29 1
40 43 1
71 47 5
68 10 2
93 73 6
28 81 3
25 19 4
51 41 2
51 79 1
90 80 6
1 93 7
13 67 8
9 78 0
48 58 1
5 45 4
3 27 6
29 83 8
76 99 5
47 18 8
22 51 2
30 72 6
21 58 0
47 64 8
18 20 1
72 56 3
52 24 0
37 27 6
87 16 6
16 69 2
17 38 0
32 18 3
21 96 1
99 50 3
38 5 2
6 88 1
44 80 8
1 87 0
49 87 6
33 7 5
41 64 4
10 49 4
98 44 8
41 12 8
99 95 4
60 10 5
12 35 7
22 57 2
43 10 6
40 96 5
91 94 7
31 86 3
40 95 3
47 85 8
49 92 3
12 23 7
50 38 7
18 57 2
92 100 6
50 86 8
78 60 2
6 29 0
3 53 5
90 57 8
39 54 8
83 15 1
63 54 8
8 55 1
96 58 0
15 75 4
38 84 8
7 8 7
82 63 1
32 14 0
10 12 8
23 38 4
72 75 8
42 84 6
71 17 1
99 32 4
23 70 2
43 54 0
41 77 4
8 47 3
97 2 0
63 20 0
57 46 5
37 76 3
73 84 0
75 94 8
86 47 6
9 19 3
87 8 0
38 69 5
41 52 2
45 57 2
54 4 8
97 89 3
75 87 5
23 90 7
92 4 4
46 30 0
74 67 1
99 97 8
56 2 4
45 72 3
78 49 8
93 45 1
70 57 2
84 1 5
82 60 7
9 69 4
28 65 0
27 40 7
14 59 6
91 39 2
99 58 3
88 59 1
36 30 5
30 74 6
5 85 5
69 29 6
50 11 7
26 48 1
25 88 0
53 22 5
11 73 5
27 88 5
20 83 7
69 77 4
48 4 4
18 92 1
58 92 1
60 20 4
28 83 4
61 87 1
3 4 1
44 50 2
31 37 7
53 17 3
96 63 8
75 60 4
70 87 4
40 82 5
2 95 3
69 52 5
85 91 0
86 81 8
28 64 3
36 16 1
64 13 7
2 21 5
6 12 8
98 74 3
1 92 1
25 74 0
92 69 7
22 94 5
88 16 1
58 31 5
4 56 8
10 20 3
82 53 3
4 76 5
100 36 2
50 52 4
33 6 8
38 95 7
13 17 3
59 80 6
45 56 1
21 46 8
64 17 8
17 26 5
13 46 1
71 25 8
26 62 1
58 4 7
72 85 1
89 6 2
84 41 5
75 18 2
17 69 8
71 10 4
100 7 6
3 33 8
38 57 3
6 19 1
93 22 8
3 80 7
2 40 6
3 21 7
27 92 5
21 64 0
98 36 4
71 31 1
79 15 1
48 7 6
7 57 7
43 25 6
37 32 7
71 90 8
14 84 1
94 31 8
25 65 2
85 57 5
73 25 1
61 7 3
64 83 3
3 90 6
30 57 8
95 24 3
65 57 6
72 1 6
98 33 7
95 100 4
59 57 3
25 97 3
88 36 7
23 20 7
51 8 3
91 20 1
48 86 8
27 99 7
41 49 3
69 95 6
84 19 8
73 51 8
65 81 6
23 41 3
59 20 5
95 19 3
84 13 2
43 29 8
29 32 2
81 39 6
72 28 6
98 69 7
55 60 4
22 39 8
39 51 5
84 20 8
95 45 8
35 69 1
54 74 4
44 59 0
71 61 2
36 71 4
100 9 2
72 47 0
96 100 8
21 19 8
14 74 7
61 56 7
74 92 6
96 70 5
53 75 1
78 62 6
62 35 5
58 84 8
50 85 6
53 48 0
39 93 6
71 82 5
36 43 3
98 97 6
71 2 7
3 72 0
54 48 6
67 18 1
71 44 2
12 81 6
43 58 8
62 39 7
11 17 0
68 32 1
76 18 3
60 53 5
65 55 6
24 27 7
95 14 6
77 19 7
10 78 3
44 64 8
35 73 8
90 60 3
24 94 8
23 35 7
91 98 1
27 22 1
62 71 6
96 73 1
95 96 8
77 37 0
91 71 5
93 51 4
93 33 6
99 16 7
78 16 1
27 61 3
14 47 5
45 2 7
43 86 3
71 51 6
72 95 8
37 99 5
72 93 0
93 61 1
64 33 3
88 23 5
96 30 0
36 32 0
92 31 8
50 67 0
67 61 6
36 15 8
67 43 2
6 40 6
5 57 6
15 100 8
78 23 3
34 8 4
27 83 2
49 59 8
55 31 1
24 50 6
25 10 7
53 83 7
63 17 7
59 8 4
93 20 5
96 53 8
82 92 5
18 7 2
21 55 8
7 4 5
22 52 4
77 45 4
53 91 5
29 52 6
18 80 6
5 51 8
89 52 8
82 20 1
4 78 2
23 76 2
39 20 8
19 15 5
69 51 4
54 21 8
95 70 2
48 41 7
54 68 8
10 61 0
4 33 2
58 35 2
43 46 5
89 55 4
20 55 3
47 69 1
67 95 8
47 67 6
9 57 2
18 15 8
42 88 6
92 3 4
6 4 5
54 96 1
95 85 4
65 15 2
61 14 1
55 90 3
39 46 7
20 15 6
6 39 3
58 79 7
95 8 1
2 84 3
1 39 4
69 7 1
14 18 5
86 16 2
24 43 8
3 51 6
89 46 3
89 79 2
39 19 6
89 91 4
94 61 1
63 71 4
17 7 8
36 47 6
48 18 5
88 76 0
18 65 1
48 51 0
53 30 7
88 29 6
60 11 6
34 4 7
7 49 0
64 8 7
60 14 3
27 98 3
81 1 2
21 90 4
74 94 4
15 62 0
1 78 6
23 63 6
82 99 2
62 25 4
9 64 6
96 67 6
28 18 7
51 87 0
58 72 0
26 57 4
8 91 5
1 29 7
89 57 2
16 81 1
87 26 7
37 93 6
61 13 0
44 12 8
19 98 8
91 62 1
75 56 4
37 83 5
95 59 2
42 21 1
74 93 5
71 5 5
87 50 2
64 89 8
98 42 0
80 83 8
55 66 0
67 52 1
27 4 1
5 65 0
50 96 3
90 43 3
5 10 3
24 6 4
31 67 6
91 29 5
70 27 4
53 95 7
41 72 3
4 38 4
95 18 6
50 69 8
72 80 6
64 19 7
23 18 7
37 14 8
78 34 3
69 65 5
51 54 7
82 77 8
11 10 4
34 82 1
55 77 4
1 17 3
72 22 2
18 17 4
10 80 2
68 47 4
17 42 8
22 45 7
81 64 3
99 11 2
62 48 6
3 58 5
34 11 8
65 90 7
18 64 5
64 93 8
40 28 1
15 63 8
78 31 0
8 94 1
82 5 6
93 13 2
4 69 5
100 65 6
77 24 4
40 18 3
19 93 7
40 85 1
35 19 7
73 23 8
42 78 3
73 72 1
29 72 5
75 17 6
68 13 6
55 30 8
27 25 3
25 58 6
43 28 6
82 32 3
45 16 7
48 43 3
36 2 0
47 100 4
100
34 21 34
50 87 50
56 7 313
110 84 397
237 55 649
293 28 681
298 75 718
371 11 738
510 89 772
527 100 782
545 33 1059
554 10 1234
602 76 1350
913 26 1519
1248 68 1561
1299 23 1600
1422 53 1604
1467 88 1878
1635 29 1882
2064 55 2064
2086 86 2086
2092 37 2177
2118 17 2286
2220 88 2294
2444 51 2444
2504 69 2606
2511 55 2880
2818 30 2958
2821 89 2968
2968 99 3223
3002 22 3334
3115 24 3517
3448 61 3525
3848 44 3848
3883 70 3883
3924 74 3924
3933 35 3933
4036 49 4036
4318 60 4318
4384 34 4384
4575 39 4575
4689 14 4689
4692 14 4692
4846 3 4846
4924 13 4924
5200 77 5200
5258 19 5258
5341 13 5341
5476 24 5476
5573 22 5573
5671 81 5671
5770 57 5770
5835 14 5835
6076 82 6076
6119 66 6119
6168 22 6168
6180 62 6180
6307 69 6307
6330 74 6330
6343 30 6343
6754 38 6754
6881 66 6881
7003 87 7003
7075 30 7075
7079 41 7079
7168 76 7168
7269 7 7269
7285 87 7285
7301 68 7301
7357 35 7357
7448 92 7448
7464 54 7464
7926 7 7926
8127 39 8127
8139 28 8139
8158 81 8158
8217 94 8217
8253 28 8253
8384 26 8384
8500 30 8500
8609 25 8609
8639 7 8639
8668 74 8668
8790 36 8790
8855 77 8855
9052 69 9052
9054 80 9054
9178 62 9178
9444 65 9444
9458 59 9458
9484 77 9484
9551 78 9551
9568 63 9568
9569 47 9569
9576 45 9576
9606 82 9606
9721 32 9721
9809 24 9809
9855 18 9855
9919 89 9976
