100 1980
70 50 6
53 13 5
64 62 6
38 16 2
63 46 8
12 68 1
42 31 4
35 26 4
82 41 7
53 8 0
22 18 3
96 37 5
75 32 0
10 100 5
29 74 5
59 2 2
76 49 2
43 44 7
21 6 2
43 93 0
58 60 6
26 14 8
27 87 6
37 35 8
79 65 6
91 74 6
34 31 6
69 18 0
52 65 7
92 7 6
43 67 1
39 48 2
4 27 0
16 95 2
75 59 3
81 97 5
14 96 1
83 40 4
7 6 3
24 55 5
46 49 1
27 67 6
89 10 7
13 21 6
17 54 4
29 5 1
41 50 8
40 86 5
65 51 2
31 77 5
19 89 6
70 38 1
76 20 7
72 27 1
86 55 2
53 55 1
23 12 0
4 100 3
30 7 5
41 63 6
96 56 7
60 22 5
87 25 5
69 59 4
10 55 1
57 11 5
99 86 4
87 14 1
44 79 5
66 46 1
90 55 1
51 21 1
14 98 7
32 1 6
4 25 2
76 25 2
76 61 4
14 93 1
99 2 4
1 20 0
70 90 8
60 53 5
61 33 0
5 82 7
13 80 4
58 99 3
75 39 8
57 49 8
83 16 0
24 77 8
13 95 0
11 53 2
61 72 6
65 82 0
57 85 3
48 44 3
53 52 0
88 40 0
85 50 8
69 40 6
19 12 0
47 13 5
98 23 6
17 85 5
48 15 1
85 58 4
38 56 6
33 68 0
85 87 8
1 25 5
39 25 6
52 63 5
14 58 4
11 99 5
31 71 1
51 62 5
34 26 6
39 43 5
77 37 6
3 94 3
88 96 3
16 43 7
63 32 3
19 88 1
36 81 7
71 40 1
57 77 2
42 15 1
55 1 7
24 74 6
57 3 0
49 3 1
1 6 5
86 82 8
53 100 7
85 100 1
10 47 7
10 1 6
71 75 6
73 13 3
19 3 3
49 4 1
37 22 6
52 74 8
45 91 7
18 75 0
56 41 4
51 36 7
61 36 6
37 50 0
96 71 7
8 10 6
73 24 8
11 84 6
86 54 0
81 96 2
92 89 7
77 1 1
49 29 7
71 4 0
86 87 2
73 37 6
17 12 4
72 17 2
21 44 4
21 60 1
27 16 5
82 52 7
42 20 7
90 64 5
2 45 8
46 7 2
92 82 4
77 3 8
43 15 0
4 47 2
39 98 4
89 6 0
53 21 0
44 80 0
68 74 0
37 5 8
19 97 4
35 31 8
84 43 0
21 72 5
79 11 0
88 24 8
77 55 7
78 11 5
56 8 6
76 72 0
2 4 7
78 41 3
59 83 5
99 29 3
98 42 1
20 59 1
5 89 1
45 87 5
76 9 1
30 15 4
84 9 4
11 94 8
32 54 2
91 57 4
53 20 2
13 65 2
97 94 5
54 76 8
6 9 3
30 2 2
51 70 1
90 44 7
99 65 0
61 60 6
51 43 7
99 50 0
49 94 8
55 34 3
66 21 2
66 82 1
81 78 1
96 79 2
27 2 7
100 41 2
42 58 6
42 19 7
63 31 0
80 54 0
10 96 7
14 86 2
97 28 8
52 11 5
45 97 6
13 43 6
28 56 4
93 59 5
41 26 3
83 70 6
44 23 7
36 94 6
95 8 5
9 66 7
36 11 1
6 57 1
36 41 5
54 69 5
22 52 3
47 76 8
59 55 5
79 24 8
81 51 8
68 30 3
24 15 0
20 79 8
86 83 5
31 10 6
60 6 0
36 16 1
53 87 6
7 48 8
38 28 0
42 51 5
74 69 5
60 35 5
33 64 6
48 33 8
4 6 1
59 85 7
16 51 5
43 38 8
44 20 3
1 76 2
30 12 1
98 84 5
37 13 4
16 22 0
19 22 0
67 33 5
77 62 6
63 8 1
48 64 7
31 51 2
75 97 4
49 25 1
23 14 5
49 7 2
94 4 5
79 5 7
70 97 6
69 45 7
48 49 4
56 47 4
95 39 2
49 10 8
2 68 7
77 79 4
17 38 8
82 43 5
92 11 3
58 26 2
3 61 3
23 48 8
45 61 2
69 22 4
96 31 2
25 24 1
77 32 4
23 71 8
93 29 5
12 41 6
82 71 4
36 17 4
94 99 8
93 7 0
26 5 2
72 68 6
78 42 0
36 30 6
70 91 0
97 68 3
57 81 1
11 72 4
25 21 7
58 82 5
17 97 6
96 12 6
78 29 2
27 99 1
3 52 2
89 72 7
51 12 5
57 96 1
81 14 5
3 45 1
68 95 4
22 57 1
45 27 6
42 66 6
75 17 3
68 76 1
62 59 2
15 65 2
28 33 0
7 28 7
85 81 0
66 32 1
93 97 8
7 84 1
99 20 5
95 94 8
41 69 3
36 62 5
62 44 2
39 58 1
2 38 8
72 98 2
68 21 4
20 87 7
77 88 7
10 80 2
42 35 7
3 28 6
11 6 7
97 85 1
69 39 6
77 93 1
25 72 4
84 40 0
22 45 6
37 38 1
1 67 1
3 55 3
54 44 6
62 7 5
34 68 5
46 27 7
59 40 2
60 15 4
19 41 4
33 14 0
45 34 6
14 50 7
25 5 5
8 1 3
10 36 5
36 42 4
75 19 1
59 34 0
10 32 2
22 87 0
49 47 4
1 52 6
59 77 5
74 26 6
58 35 6
40 29 5
90 53 4
9 46 1
43 10 3
85 91 6
97 82 5
32 24 0
46 76 3
37 18 5
28 81 5
5 47 4
78 53 3
70 28 3
34 76 4
62 97 7
14 17 1
22 24 0
51 64 0
30 59 0
70 42 4
19 93 2
6 100 2
18 58 8
46 6 4
26 32 3
53 95 1
36 13 7
98 33 8
78 37 4
50 53 5
22 10 8
41 27 7
55 54 5
27 62 2
66 40 8
47 63 1
36 9 8
10 85 3
53 74 5
11 88 8
32 58 2
12 37 8
25 98 6
27 81 3
92 12 5
70 6 8
44 92 4
68 67 2
17 32 4
54 79 3
24 43 0
48 50 2
2 57 6
6 98 8
15 59 6
59 98 1
52 96 6
26 10 7
28 57 4
71 85 1
16 78 4
98 21 7
18 39 2
83 48 4
55 36 4
92 62 8
68 65 7
83 85 1
31 99 5
16 23 4
58 86 2
20 64 8
14 36 4
50 38 2
63 58 0
62 54 1
88 72 3
76 55 4
28 65 2
1 9 0
9 21 6
7 8 2
83 18 5
36 29 4
92 75 2
61 67 8
17 58 1
38 76 3
20 81 2
41 28 8
92 67 5
22 94 5
53 89 6
17 46 1
29 22 2
48 86 7
18 81 8
79 34 0
19 34 6
100 26 7
43 55 7
63 42 7
100 86 5
48 99 2
72 1 7
36 23 1
34 6 1
22 15 5
55 81 7
99 37 3
39 71 1
22 85 6
3 87 6
48 58 6
48 3 3
24 2 4
69 27 0
48 65 6
54 29 1
15 44 0
58 74 1
44 65 5
1 33 8
5 95 8
31 55 4
37 9 8
74 14 7
36 97 4
43 64 7
2 33 5
73 51 3
77 46 4
15 18 3
13 70 8
71 14 7
1 83 3
96 33 4
90 27 0
64 7 7
28 4 6
42 13 1
61 54 1
96 13 7
67 86 1
95 3 1
78 73 7
22 100 7
44 14 6
9 31 4
98 74 2
83 76 2
41 47 2
83 89 7
60 39 2
74 59 5
11 10 0
55 27 3
4 7 0
84 36 1
66 18 2
84 34 1
45 41 3
44 28 2
72 30 5
48 91 4
21 47 6
96 18 1
92 27 3
5 15 6
7 20 8
49 73 6
48 16 7
34 52 4
77 14 1
52 85 3
43 12 1
96 98 8
95 89 2
51 94 8
88 76 8
54 56 2
91 63 4
57 75 7
8 62 1
22 35 6
99 68 8
2 93 1
73 38 8
95 29 2
57 53 7
6 2 8
92 93 3
92 100 4
64 97 6
10 66 8
76 12 3
38 64 4
29 98 3
68 5 1
96 92 5
23 29 4
89 97 5
25 40 7
2 42 5
70 85 7
89 16 4
47 17 0
42 17 4
100 67 4
75 9 6
92 79 0
44 78 6
79 59 6
16 70 2
58 95 8
22 38 3
2 78 6
98 35 5
69 75 6
10 5 0
34 96 8
75 90 7
18 51 3
9 14 7
84 12 3
40 99 4
67 22 8
48 30 1
61 47 0
94 30 6
52 73 3
49 95 0
59 9 5
37 44 4
41 84 8
99 73 1
14 40 2
81 47 4
47 68 3
76 23 0
32 8 3
66 28 1
50 7 0
16 17 8
17 48 1
87 57 1
5 62 2
88 69 6
41 4 0
19 66 0
25 68 3
56 36 8
33 72 5
88 35 4
1 69 1
91 56 6
3 27 6
46 73 7
70 72 3
18 89 0
24 92 6
41 97 5
35 92 8
19 82 2
54 78 3
8 42 4
34 21 7
94 42 2
3 21 0
17 9 5
86 1 5
36 92 8
82 93 0
22 34 2
71 62 6
13 69 3
44 77 0
29 50 2
21 40 5
4 68 0
68 66 3
94 10 4
19 96 8
62 90 6
16 74 6
47 20 7
16 71 3
59 71 6
60 86 3
9 94 5
83 50 6
34 44 2
75 78 2
89 59 5
8 6 1
56 64 3
35 75 2
16 64 2
97 69 1
9 49 4
4 76 7
16 92 8
64 92 7
76 33 4
33 4 4
72 67 8
53 42 5
47 65 0
84 100 7
14 70 6
3 68 4
40 19 3
84 89 8
75 20 1
58 70 1
36 91 2
43 90 8
78 65 8
84 88 1
97 21 6
74 17 2
54 25 1
28 17 3
62 37 2
71 44 5
88 65 5
22 46 3
9 74 6
88 89 8
33 7 2
5 48 3
95 72 8
87 62 7
71 22 2
66 94 7
71 3 4
39 84 0
31 41 8
2 77 4
75 50 6
65 39 3
75 95 7
63 34 2
39 49 7
62 88 1
100 17 7
25 31 6
14 6 2
66 14 6
48 11 3
39 3 2
55 38 0
84 99 4
65 1 6
31 70 0
5 52 4
5 75 3
88 45 8
88 87 4
6 94 6
30 87 5
56 55 8
8 74 8
19 50 5
42 28 6
85 31 0
94 27 0
49 52 2
97 31 0
25 86 6
83 65 8
88 66 8
89 31 3
88 94 6
39 88 7
40 75 8
27 5 2
29 20 7
29 18 6
85 73 5
2 66 0
71 88 8
43 37 1
10 60 8
71 30 5
92 32 5
39 40 6
15 100 5
6 28 5
22 23 2
9 40 8
1 3 7
68 29 1
69 16 3
38 68 3
9 52 5
80 56 1
49 89 5
31 59 4
5 61 5
82 91 0
29 42 8
43 30 0
41 99 0
3 7 4
21 95 8
99 38 8
23 10 6
11 69 3
98 56 3
40 10 0
25 47 2
37 8 6
82 79 7
61 18 1
6 48 1
16 25 7
75 31 8
40 33 4
76 24 2
31 81 8
94 65 5
12 57 2
8 99 5
74 100 5
36 24 3
98 47 8
18 59 2
64 41 5
58 46 5
72 50 7
66 24 7
63 62 1
72 39 5
50 78 7
92 88 6
64 80 1
5 64 6
4 91 7
7 57 7
35 24 5
82 16 2
24 27 2
52 75 8
96 83 2
17 37 8
49 37 1
44 2 5
81 67 0
86 18 2
54 39 1
42 30 7
71 29 8
17 7 0
94 14 1
34 66 0
89 28 6
36 8 7
38 45 7
9 81 5
28 55 8
13 64 6
91 10 2
32 33 1
75 30 6
34 60 3
59 84 2
38 74 8
46 80 7
51 34 2
17 49 7
29 16 6
13 24 7
86 22 0
35 36 7
40 62 6
100 76 8
64 63 3
70 23 5
56 62 0
68 28 7
70 56 8
5 58 0
66 41 8
86 70 3
97 18 2
30 23 7
76 85 5
2 90 8
51 13 6
90 20 6
6 17 5
17 13 8
67 78 2
65 56 5
3 69 2
42 3 7
78 14 6
96 87 1
38 39 4
26 97 7
39 7 3
67 25 7
43 46 6
38 96 8
100 70 0
18 30 2
34 87 4
32 94 7
52 20 1
13 66 3
74 44 4
27 38 5
95 88 3
100 59 8
59 66 1
27 32 5
88 98 1
3 91 8
48 10 5
45 68 8
51 59 1
29 19 1
70 55 5
47 48 4
71 12 1
19 45 8
34 75 7
36 4 0
59 81 3
69 30 5
97 33 1
84 4 8
5 100 4
17 84 7
16 57 4
50 10 0
39 46 0
21 59 8
34 73 5
57 43 0
29 96 1
82 33 5
95 90 5
90 76 4
9 78 5
23 84 8
93 91 7
8 90 4
68 79 1
57 61 0
32 50 5
44 85 8
2 39 1
63 83 3
56 73 1
36 7 5
29 48 4
84 49 4
56 99 3
19 47 0
63 77 6
61 42 4
36 26 5
78 27 6
85 72 1
32 48 2
29 91 1
20 21 6
37 76 2
58 68 0
98 7 0
60 96 6
82 15 8
34 56 2
36 59 4
22 76 2
95 78 8
96 28 4
5 91 7
49 58 7
23 33 7
92 83 0
85 42 4
47 70 6
60 62 7
54 92 6
13 2 7
35 100 5
65 23 1
7 23 3
78 71 2
99 63 0
80 25 6
61 49 8
65 74 8
62 28 5
1 66 1
9 86 4
48 85 0
66 52 2
77 35 5
60 72 6
23 89 4
5 46 8
63 19 3
54 71 1
21 52 4
66 38 5
5 54 8
80 58 6
7 40 0
24 80 3
65 75 2
91 100 1
30 97 4
11 87 1
58 36 7
72 86 8
25 94 3
60 90 6
62 4 3
55 62 8
67 91 0
15 51 1
10 78 5
96 94 8
7 47 3
15 50 5
20 23 0
17 86 8
62 65 7
82 46 7
97 43 4
58 57 2
15 56 5
61 58 2
60 80 3
81 80 1
43 78 4
16 66 4
99 36 1
12 93 5
88 90 7
62 85 5
71 9 1
53 94 1
92 48 2
15 67 8
59 46 1
80 4 2
52 12 2
85 25 2
72 5 1
18 38 1
65 100 0
93 32 1
16 53 4
25 57 8
7 66 1
80 18 2
25 89 3
53 84 6
88 58 3
92 19 0
75 54 2
93 16 1
16 46 7
37 55 3
40 57 4
44 7 8
99 13 7
59 41 3
55 74 8
90 16 7
20 86 7
85 99 7
1 45 3
88 12 3
44 100 0
89 56 3
24 87 0
41 55 7
20 73 6
58 47 5
57 38 5
7 38 3
42 22 7
8 97 6
75 26 6
55 12 7
29 57 7
37 32 8
11 13 7
80 6 3
98 19 2
34 15 8
38 48 8
97 24 3
26 38 4
66 63 0
63 37 6
14 16 3
70 17 1
39 1 6
58 64 8
65 3 6
35 38 3
39 64 1
52 50 0
85 84 2
11 35 8
69 26 5
52 29 5
93 64 1
29 80 1
95 57 7
42 95 4
99 96 6
86 15 6
11 81 8
36 86 3
35 83 0
34 83 4
43 48 8
91 6 7
73 91 7
5 13 3
48 37 0
73 15 5
38 8 1
65 35 5
59 60 3
51 30 0
41 39 1
58 22 4
47 69 3
89 81 1
56 46 6
79 86 8
66 31 5
30 50 7
46 34 1
17 82 6
72 10 5
84 18 8
61 20 5
30 67 3
27 75 5
79 63 0
96 66 7
65 60 0
49 97 3
84 62 2
74 49 0
56 26 6
7 18 8
46 78 1
25 10 7
79 19 7
65 37 4
84 15 7
90 5 2
6 97 3
37 45 3
74 95 3
67 8 3
89 39 7
58 31 0
82 35 4
68 81 8
46 14 5
86 56 7
86 95 5
3 64 7
46 91 1
8 3 0
15 83 1
4 54 7
63 9 5
24 75 4
24 45 8
7 42 2
100 54 2
10 33 7
46 92 2
56 93 1
6 76 7
29 25 2
42 5 0
5 21 4
74 85 2
16 67 5
12 32 2
18 5 7
49 27 4
2 92 7
46 42 1
35 67 7
97 60 0
21 11 2
29 94 8
52 4 5
65 17 5
10 53 1
26 50 5
86 21 2
41 2 8
21 69 5
83 53 7
4 13 2
59 8 6
1 82 0
60 25 3
63 40 8
33 85 4
39 22 7
63 20 4
71 36 3
56 7 4
6 18 0
90 66 5
32 90 3
92 56 1
74 35 6
83 45 4
46 98 6
88 7 7
57 99 5
88 22 6
11 65 7
25 30 5
93 6 0
54 95 3
24 37 0
8 27 2
74 25 1
46 97 6
20 69 4
27 93 0
24 51 3
48 73 3
42 82 3
57 8 8
13 78 3
22 90 1
45 48 6
93 35 5
46 65 8
89 17 0
70 62 0
20 70 7
18 35 5
51 39 4
71 28 8
24 30 2
100 29 7
8 79 2
8 30 2
63 49 3
19 15 0
21 85 2
16 63 6
88 32 8
58 30 4
42 62 7
63 78 0
72 7 7
32 64 0
85 13 4
23 88 3
66 25 7
22 82 3
3 46 3
71 64 7
32 35 7
68 24 7
95 67 4
70 37 8
72 31 6
1 93 8
30 86 4
99 81 2
32 85 4
57 55 2
98 20 5
17 60 3
87 40 7
13 12 6
77 26 3
99 30 6
6 49 8
88 85 6
45 47 4
82 8 5
15 72 5
93 86 6
56 51 7
11 49 0
38 12 2
41 90 8
43 75 2
35 8 8
2 22 5
3 83 0
80 36 0
85 65 5
22 26 5
20 19 7
61 97 2
83 22 2
2 31 3
16 4 7
60 44 8
74 89 0
71 48 3
73 72 0
7 58 8
19 55 2
20 94 4
29 1 4
50 1 0
14 65 3
58 97 2
45 100 6
89 2 0
6 66 1
69 70 4
25 33 4
33 100 5
44 72 3
68 64 3
38 33 6
24 38 1
93 22 6
45 53 8
4 99 6
17 53 3
27 83 6
75 49 4
24 72 5
72 53 4
61 40 3
16 75 4
92 34 7
70 8 1
43 92 7
40 82 0
2 40 2
38 46 2
80 12 4
41 72 5
31 80 8
9 97 7
100 14 6
93 23 6
38 98 5
25 58 4
4 46 4
85 63 6
26 96 6
34 67 0
96 84 3
74 33 7
36 52 2
66 27 8
76 8 6
7 81 5
69 58 4
50 13 5
69 49 5
37 88 7
70 27 8
46 33 7
93 79 3
27 64 5
17 21 4
19 74 3
70 45 4
22 63 6
42 69 6
53 40 3
99 17 5
49 20 1
86 88 7
9 27 2
54 68 4
11 47 8
69 79 8
86 91 8
67 96 0
87 18 7
78 66 3
66 69 5
19 60 2
97 50 5
26 49 1
50 84 6
18 91 6
83 77 1
89 32 8
54 89 5
68 1 7
27 31 2
86 16 5
24 44 8
74 3 5
6 29 0
3 17 2
43 47 2
45 15 6
90 21 4
33 88 5
72 18 2
18 34 6
50 43 2
1 92 7
34 24 2
41 71 4
66 87 5
57 33 4
77 95 3
81 46 8
63 27 7
84 27 4
7 55 3
8 66 0
19 95 4
81 5 6
35 62 3
38 94 8
36 96 1
90 4 3
21 65 6
59 92 6
15 66 0
92 38 1
3 79 4
33 52 8
41 35 8
21 63 1
73 33 0
40 90 1
86 33 7
13 62 4
25 2 4
40 20 0
98 89 6
97 65 8
11 15 2
26 62 5
47 60 4
81 3 6
26 64 0
26 39 4
12 34 8
13 22 4
52 8 1
30 1 3
100 83 0
12 11 7
3 76 0
89 87 6
45 23 7
76 51 2
26 15 0
94 90 7
96 41 4
79 37 2
49 24 5
79 22 3
21 78 5
5 50 1
57 89 1
29 97 0
57 80 6
28 86 2
67 65 7
33 50 5
51 88 2
46 45 0
54 37 4
16 2 7
16 20 1
59 63 8
44 83 0
96 55 0
77 98 8
4 95 4
87 99 4
98 31 5
72 93 3
19 73 8
17 63 1
69 50 4
95 28 4
51 38 1
99 79 8
10 81 6
94 18 7
93 98 4
41 58 3
72 22 5
34 47 5
34 93 3
10 14 6
9 57 1
56 68 8
46 47 4
81 13 0
58 52 0
39 85 2
55 9 3
81 2 1
67 93 7
47 50 2
82 28 7
67 64 6
86 57 1
34 61 3
53 12 2
58 37 1
45 56 7
24 61 2
85 93 4
87 9 8
69 9 8
24 85 8
59 73 4
6 50 5
30 53 8
91 52 4
72 47 0
80 77 7
24 47 3
89 64 5
72 32 5
17 23 4
4 73 8
83 26 1
50 36 4
9 65 6
63 18 0
65 43 2
73 70 5
13 72 2
75 76 5
42 68 8
3 100 4
4 44 4
88 15 1
80 32 6
97 73 2
82 80 2
42 18 2
51 28 3
67 6 1
32 99 4
62 53 7
54 8 4
84 2 3
8 5 8
76 99 7
7 69 7
18 33 1
86 63 2
15 7 8
100 38 0
63 36 1
7 52 4
5 32 7
14 89 8
41 62 6
11 70 0
42 23 6
1 58 8
13 41 7
91 54 6
5 74 5
23 5 1
12 33 5
35 23 5
17 79 1
33 81 2
96 45 4
99 42 3
52 55 6
36 47 2
71 5 6
35 25 5
30 31 4
67 60 2
28 63 3
17 68 4
70 48 1
91 50 4
19 28 1
32 4 5
55 2 8
60 3 6
61 6 8
81 58 6
53 59 1
88 83 3
83 56 3
98 99 3
80 47 7
66 4 6
92 78 0
93 71 1
38 49 7
53 22 3
9 32 5
32 81 4
9 88 0
39 83 7
97 90 2
8 22 2
76 35 7
15 98 7
42 21 7
77 13 5
95 97 5
32 3 8
78 88 7
28 43 2
86 29 6
6 23 6
86 8 3
72 90 2
24 58 5
15 89 0
62 24 4
93 10 8
64 83 0
27 79 7
56 71 0
30 100 1
64 30 0
51 61 0
93 54 1
82 88 7
2 75 5
12 40 5
18 17 7
37 74 5
72 74 6
92 9 1
16 12 4
28 14 3
60 5 2
37 100 0
28 75 3
31 67 3
74 77 8
46 72 4
1 14 0
26 91 5
59 54 8
70 95 2
85 54 8
44 61 4
30 33 3
94 92 5
27 85 0
92 61 0
3 9 8
17 35 7
43 25 7
13 33 4
43 34 3
72 84 2
59 86 4
67 46 6
16 49 5
19 61 1
67 32 1
79 30 0
47 51 6
4 23 2
13 87 1
46 15 8
24 64 6
69 17 1
62 6 1
11 61 8
44 33 1
65 98 3
71 100 5
40 4 5
67 99 3
62 23 7
33 37 2
26 95 4
13 23 7
61 9 8
16 60 2
6 37 4
25 15 2
32 83 0
17 52 4
83 49 6
12 98 2
91 40 5
53 15 2
23 61 5
80 65 6
52 14 3
34 37 1
46 41 6
54 30 8
76 56 1
20 51 3
91 61 7
78 30 3
20 38 3
10 51 2
79 53 8
51 33 8
40 5 2
19 5 8
84 16 4
35 40 2
17 31 8
74 75 7
44 9 4
6 87 5
33 24 1
2 86 1
84 70 8
71 91 0
25 63 0
45 64 0
26 98 8
31 74 2
74 71 6
60 99 0
77 15 7
50 61 1
61 22 2
61 66 8
68 83 8
23 50 2
75 44 3
82 81 7
67 98 5
45 72 6
26 21 2
59 72 8
98 78 7
51 29 2
46 29 3
61 1 1
28 88 0
98 55 7
72 29 7
2 72 3
78 74 6
45 43 4
55 33 0
50 55 0
61 31 0
18 47 3
82 73 0
78 84 5
16 61 3
45 78 1
18 98 7
83 46 1
16 47 7
54 84 8
97 5 3
93 63 5
66 39 8
79 94 5
1 24 2
53 54 1
39 19 4
59 28 3
26 48 4
20 65 1
79 35 4
95 41 8
71 17 5
81 84 0
83 94 4
27 73 1
35 68 4
76 97 5
94 85 6
95 85 5
50 82 4
73 89 4
71 19 2
85 3 0
24 11 4
55 71 4
1 44 2
79 23 0
90 49 3
12 72 8
96 75 1
84 28 7
98 27 5
33 49 2
74 22 3
82 56 3
53 29 4
12 10 6
74 64 6
68 20 0
1 43 0
89 75 1
89 13 5
10 87 4
83 6 6
97 66 2
50 100 5
50 21 8
26 29 3
11 16 1
33 69 4
67 85 0
62 91 1
28 20 4
20 85 1
4 88 1
29 14 2
18 13 2
73 31 6
36 5 4
81 6 0
17 44 7
91 69 1
88 8 3
2 49 2
61 84 0
77 9 0
90 56 4
67 62 6
74 66 0
51 79 1
63 54 7
44 76 5
53 14 4
54 11 4
48 76 6
68 8 1
29 21 6
57 64 3
81 56 7
43 29 2
26 84 5
88 26 6
84 87 2
50 95 7
6 15 4
51 60 5
20 3 6
51 68 6
60 24 7
96 42 4
28 34 4
81 16 2
29 82 0
76 21 6
4 82 1
77 50 4
77 56 6
26 4 2
79 26 6
78 5 3
80 37 8
7 26 2
64 87 7
96 95 8
47 86 2
53 2 6
80 62 0
7 90 5
18 57 0
87 35 1
61 55 1
14 57 4
48 54 1
28 21 0
73 94 0
80 28 8
36 98 8
49 21 1
4 21 7
69 5 3
46 85 4
58 4 3
29 41 6
98 50 3
51 41 0
24 23 4
47 64 4
47 15 3
2 98 5
67 56 3
61 99 1
30 76 7
63 81 7
6 56 4
97 32 1
27 74 4
52 78 3
60 42 8
77 72 5
31 60 8
52 40 4
3 99 6
75 73 7
96 7 0
65 77 7
2 36 5
73 60 1
56 16 7
58 79 2
92 55 0
9 95 7
14 39 5
97 100 5
81 62 4
66 67 5
32 6 7
39 24 6
44 19 5
88 1 6
57 63 7
82 47 1
73 2 0
38 71 4
38 54 7
41 40 8
60 48 5
97 56 4
65 71 4
31 20 8
15 23 6
45 63 5
57 82 6
27 80 5
11 38 1
57 78 7
97 72 8
93 62 4
16 30 0
68 36 2
16 9 1
15 33 7
3 11 1
83 4 8
99 74 1
83 66 8
91 59 4
67 41 1
30 56 1
26 94 1
6 63 5
31 4 7
6 16 1
19 76 0
65 73 5
14 8 0
49 15 3
38 87 5
99 80 0
38 10 1
26 54 8
33 92 0
92 3 2
65 33 4
100 57 3
21 79 3
3 63 0
63 88 0
58 62 2
8 91 0
84 93 7
66 54 4
100
52 94 52
62 26 62
67 21 67
83 50 83
97 100 97
98 54 98
113 98 113
125 59 125
127 28 127
137 34 137
144 79 144
147 45 147
167 38 167
168 13 168
174 13 174
178 33 178
191 69 191
193 68 193
202 24 202
206 13 206
222 57 222
225 91 225
226 8 226
227 48 232
235 42 235
239 88 239
243 22 243
248 99 248
249 87 249
279 48 279
293 80 293
317 57 317
321 9 321
322 55 322
327 67 327
334 6 334
337 57 337
339 6 339
355 45 355
361 55 361
364 69 364
371 27 371
382 50 394
384 54 403
387 49 438
390 16 446
393 5 465
436 79 466
464 46 471
477 25 477
478 9 479
485 46 505
498 77 506
499 72 514
502 100 518
521 52 528
542 25 542
576 34 576
593 61 593
599 90 599
600 87 600
606 35 658
612 78 662
617 57 672
618 72 673
633 45 674
658 49 682
667 70 686
669 86 688
675 99 703
678 6 710
691 50 712
697 86 717
716 88 724
719 44 729
734 18 734
736 72 750
737 95 773
775 38 776
779 73 795
785 2 808
794 12 815
795 83 819
801 21 831
803 69 842
804 20 843
812 26 845
836 32 858
847 59 866
881 51 881
889 28 904
899 42 920
927 90 934
929 31 945
934 13 951
937 58 959
938 41 960
947 99 979
957 50 987
982 47 993
