100 1980
65 27 5
17 27 6
8 83 8
26 50 0
70 13 0
1 67 1
14 64 2
25 54 6
91 79 6
19 86 4
64 33 4
82 20 6
50 55 8
47 80 2
58 20 0
96 5 2
61 59 7
30 88 3
8 43 0
55 39 3
63 16 5
50 21 7
36 68 7
34 28 3
13 89 2
49 91 2
74 97 0
60 59 2
12 28 3
44 74 7
21 29 5
75 17 7
98 12 1
76 29 3
21 38 8
69 82 3
62 29 5
15 77 7
29 30 5
97 71 5
65 15 2
14 21 8
95 59 2
3 63 2
54 29 2
18 5 6
90 61 6
29 90 2
89 3 1
97 98 1
27 59 7
63 47 0
77 3 3
87 41 2
41 74 8
40 67 7
61 66 4
70 8 3
28 32 3
2 83 8
56 45 2
8 81 0
36 98 8
10 80 2
82 97 0
56 16 6
79 30 8
74 16 5
12 40 7
42 90 0
14 85 1
73 78 2
42 23 3
41 88 4
42 32 6
52 43 5
68 35 1
70 80 6
39 73 5
83 29 2
23 67 3
30 36 8
31 75 2
79 57 6
23 90 7
4 53 6
100 97 7
63 91 2
38 44 1
77 39 6
84 89 0
56 13 0
50 19 2
54 47 6
24 97 4
48 83 2
25 80 5
1 4 1
66 90 7
64 18 0
52 32 6
45 25 2
67 7 2
36 48 0
46 93 2
6 58 4
32 23 8
60 93 6
94 50 4
75 66 1
59 64 0
84 35 6
71 84 8
46 66 6
44 63 8
49 98 8
45 94 1
41 40 1
43 46 5
79 71 7
22 66 5
74 28 0
97 35 7
63 71 1
34 60 4
17 24 4
46 32 6
56 32 6
57 29 6
80 56 4
16 96 1
22 14 6
23 22 2
8 13 1
4 52 0
21 84 6
13 28 1
71 38 0
92 10 1
76 67 8
20 64 0
7 86 1
77 98 5
11 13 5
72 38 8
73 97 6
48 21 2
47 59 4
28 75 0
5 71 1
39 16 5
92 22 1
87 100 6
85 57 6
31 3 3
50 100 1
34 6 6
40 21 5
54 95 1
22 16 8
62 51 1
97 3 8
4 7 7
93 84 3
14 12 5
6 65 0
44 65 2
92 70 1
35 19 4
96 8 1
88 33 3
56 26 4
76 70 8
42 68 3
21 27 6
95 94 6
70 81 0
26 76 3
36 3 1
59 70 1
35 5 4
20 53 7
54 49 4
92 39 2
91 7 1
34 33 6
84 6 1
85 33 0
91 14 0
75 86 8
49 4 2
40 52 4
63 30 8
67 35 0
62 6 0
73 34 2
33 97 2
69 31 0
25 24 5
81 6 8
23 59 3
12 41 0
63 72 1
39 46 6
93 6 6
56 88 2
63 32 1
35 49 7
73 38 6
20 74 6
23 64 1
96 88 2
45 69 1
36 78 2
16 3 8
8 25 0
87 98 0
28 88 0
90 83 3
30 75 5
78 41 4
43 42 5
70 28 3
74 77 5
25 63 0
91 93 0
82 72 8
85 86 0
38 76 8
39 34 2
53 80 5
35 21 5
52 85 7
78 49 7
53 39 1
36 92 3
24 41 5
78 45 1
64 22 6
14 5 4
1 96 2
82 13 5
4 64 2
52 30 7
100 31 5
74 3 7
74 90 0
19 84 7
58 77 1
79 39 0
78 92 2
20 93 7
93 58 3
99 34 8
51 2 8
75 35 4
9 47 5
19 96 6
56 50 8
3 15 3
30 18 5
94 72 5
28 65 4
68 53 1
40 62 4
74 96 1
58 75 2
83 80 3
36 66 1
54 63 6
18 85 3
41 30 8
12 1 1
29 39 4
66 65 1
34 70 4
13 37 1
93 92 8
27 20 3
60 72 7
8 16 8
57 20 5
94 87 8
68 2 4
58 91 7
18 49 3
11 22 0
47 77 7
85 73 5
38 17 3
97 87 2
80 18 0
20 13 5
77 84 1
67 87 0
97 27 7
62 47 8
75 99 3
84 72 1
21 7 0
29 31 4
13 62 4
79 23 7
84 37 5
51 46 1
33 4 2
45 63 3
59 72 1
33 8 2
50 64 1
8 95 2
2 53 3
58 44 1
44 16 0
11 52 8
77 26 3
26 85 6
24 75 3
95 6 6
45 64 6
76 21 5
84 54 5
93 42 3
67 86 6
77 73 5
10 5 2
21 93 1
35 20 6
28 46 8
6 51 3
87 12 5
51 69 5
48 52 4
37 50 3
61 42 5
8 37 4
78 94 8
1 82 0
63 64 8
96 60 1
38 85 0
32 3 1
49 34 0
10 57 4
36 19 4
4 51 0
29 24 3
99 86 2
21 51 4
78 31 3
54 66 8
21 37 4
42 29 4
14 72 1
5 94 0
98 50 4
27 56 1
14 99 6
20 71 1
31 8 4
11 1 8
60 77 5
58 49 6
92 50 7
22 50 3
81 41 0
83 72 5
57 36 1
1 60 6
49 55 4
35 54 2
80 7 7
11 2 4
1 71 3
49 96 5
65 59 4
10 87 7
74 21 8
15 36 4
86 30 8
61 92 2
10 65 1
42 36 6
2 84 6
30 24 6
92 55 5
94 88 7
28 6 3
86 61 4
72 58 8
99 41 7
84 87 1
60 31 7
47 58 0
87 52 0
55 3 0
90 25 1
32 21 0
67 74 1
70 43 1
86 81 0
18 59 4
73 45 5
98 92 7
88 34 3
100 98 1
33 74 1
31 11 3
9 99 5
79 47 8
46 36 3
17 84 3
86 62 3
55 35 2
41 95 5
71 82 7
80 62 5
85 48 7
2 8 1
89 93 5
89 26 0
64 83 8
97 79 7
49 44 3
45 60 8
60 65 3
44 8 7
16 76 3
25 92 4
83 60 4
88 43 0
17 99 8
20 87 5
47 34 4
76 100 8
55 77 2
19 15 3
74 66 4
96 98 0
65 11 0
89 46 4
8 55 7
67 33 0
92 56 1
70 27 8
28 50 6
50 71 2
37 12 4
88 48 8
60 61 6
32 90 6
53 72 3
46 65 5
25 81 1
22 70 3
11 100 1
43 17 1
65 57 1
41 4 8
55 29 6
13 54 4
75 51 0
37 55 7
80 12 8
31 85 8
89 49 7
22 9 2
91 61 1
17 57 1
15 11 2
30 96 6
46 5 2
85 71 8
22 73 7
37 3 7
29 37 6
38 33 2
30 60 1
26 24 0
67 85 7
16 88 1
3 75 8
20 12 4
26 63 6
72 69 4
46 53 1
17 8 0
71 49 0
62 94 2
50 41 1
91 39 6
45 17 0
24 5 5
5 100 7
60 86 4
66 13 1
56 20 2
20 3 3
88 91 7
57 99 6
94 51 2
79 84 0
51 18 1
77 62 7
74 81 1
87 88 6
96 4 7
73 21 5
26 52 2
53 55 3
69 25 8
26 28 2
63 57 3
22 89 8
59 37 1
10 67 3
74 15 6
97 46 0
15 21 8
94 64 7
17 56 5
73 62 0
98 85 3
62 42 8
31 63 0
57 56 8
65 43 2
44 5 4
30 17 7
7 28 7
96 78 8
84 27 1
34 15 4
36 41 6
87 2 0
33 17 2
53 7 5
35 3 5
27 46 6
30 26 3
93 22 1
61 28 3
59 1 0
5 97 6
67 39 6
86 46 0
52 90 5
18 69 7
50 31 3
23 83 4
36 76 1
48 37 2
56 22 2
9 90 1
27 66 4
16 51 2
87 15 7
70 44 2
18 100 7
53 70 0
48 5 0
61 97 0
1 10 4
31 35 5
31 90 2
81 37 2
5 3 5
31 26 3
19 38 2
24 98 5
90 95 0
31 14 2
93 67 6
44 96 0
90 51 1
52 36 8
17 64 2
55 1 8
31 44 1
2 66 6
73 82 8
35 43 0
39 87 2
18 12 2
19 55 6
27 24 8
85 96 7
66 33 4
88 42 4
96 50 2
35 79 1
17 2 6
32 53 5
41 1 5
8 80 4
25 38 4
97 58 4
34 16 2
67 29 1
76 68 1
99 81 0
41 42 0
48 20 4
2 67 1
49 79 5
36 9 3
5 50 0
1 13 2
50 33 3
49 36 5
22 65 1
22 86 7
79 72 7
22 40 0
42 12 7
52 58 3
54 75 0
42 15 0
46 18 4
20 15 2
15 32 6
93 10 4
64 73 0
33 23 2
10 60 0
47 36 4
95 87 4
59 41 3
92 66 1
95 47 1
8 38 3
50 77 6
37 26 3
87 59 8
14 1 0
81 26 7
84 52 6
52 83 2
71 93 8
49 41 8
26 18 4
62 100 5
12 10 4
93 96 7
90 71 7
56 34 4
30 80 6
63 7 6
70 51 0
27 67 0
14 7 4
6 14 8
41 22 6
96 82 1
14 50 1
8 99 8
52 35 6
36 96 3
62 85 2
60 39 7
27 41 8
69 6 2
31 20 7
99 76 3
57 49 8
50 36 1
14 89 5
42 56 1
4 59 4
21 6 5
97 70 7
81 89 6
96 61 4
85 10 7
65 8 8
100 8 6
35 92 0
25 78 1
68 54 3
45 30 0
69 50 2
49 23 4
19 44 1
93 88 4
41 52 4
35 27 4
29 5 0
38 88 5
27 72 7
36 39 2
4 10 2
37 90 2
57 75 1
100 10 4
31 80 1
76 69 3
98 31 7
48 70 7
51 42 7
37 41 7
53 21 0
66 10 1
83 63 3
69 68 4
24 74 1
75 44 0
46 22 5
3 84 2
82 18 7
25 20 3
25 48 8
34 8 3
38 24 4
29 11 1
38 14 1
26 20 1
77 64 5
82 78 5
5 93 3
85 28 4
49 80 1
96 29 0
44 11 1
6 8 8
10 43 2
15 66 2
90 93 8
10 82 2
43 14 7
37 69 2
23 51 2
53 42 0
16 38 1
3 98 0
73 24 5
40 92 2
57 93 3
5 41 7
3 100 0
23 8 5
79 19 2
83 98 3
46 74 6
84 34 8
2 20 8
87 51 3
92 1 3
16 26 2
40 79 4
25 4 7
58 51 4
35 9 2
71 75 6
14 93 5
44 64 0
59 67 6
19 72 6
9 19 8
70 82 2
5 36 5
8 1 4
78 55 2
11 57 5
89 67 1
65 18 3
61 57 5
57 44 1
98 46 4
2 38 1
27 96 1
89 98 4
65 88 6
11 74 5
44 43 4
78 48 4
73 70 6
52 47 6
44 89 1
55 26 0
70 17 6
71 23 1
60 74 5
6 13 7
83 92 8
99 64 7
62 41 0
89 20 4
99 44 0
97 28 5
33 10 4
29 44 1
76 49 6
46 87 1
72 85 6
40 49 5
61 99 3
4 11 8
25 74 2
43 77 4
32 27 8
88 36 8
59 42 5
85 40 4
29 64 0
42 7 7
41 80 7
58 41 0
58 38 0
10 45 1
44 21 4
70 90 0
93 77 0
77 89 1
66 20 8
50 83 8
98 2 6
57 4 1
51 13 8
89 71 6
1 79 1
54 30 6
91 36 2
69 97 1
79 100 8
38 56 7
79 29 0
99 6 8
71 64 5
36 85 8
35 83 5
45 57 1
7 26 2
60 66 0
33 30 4
22 25 7
79 59 1
34 97 1
17 18 0
6 61 0
66 25 1
16 27 3
97 25 8
81 80 8
31 96 4
66 14 3
60 92 8
82 92 1
32 37 2
10 37 0
78 99 1
62 76 1
35 63 8
16 54 0
41 9 0
98 40 3
17 20 4
97 67 8
29 78 4
23 91 8
49 61 0
22 31 4
11 67 0
96 52 3
34 21 4
51 24 5
11 41 1
43 45 8
33 18 0
73 11 3
99 16 6
51 53 4
37 7 1
48 67 4
30 71 8
48 60 3
43 97 4
94 37 1
97 12 3
91 59 3
32 5 0
85 66 3
4 86 0
34 46 3
33 39 4
100 86 5
86 32 2
92 75 8
36 80 3
96 14 8
25 99 1
55 28 8
79 86 5
1 63 3
12 93 4
77 68 2
54 82 2
56 95 5
8 21 0
11 30 8
57 59 1
32 20 1
57 47 3
42 60 3
67 42 7
85 77 1
68 65 2
100 59 2
7 66 5
2 100 3
41 61 7
95 23 6
7 56 2
48 56 8
26 12 4
13 32 8
73 75 2
17 1 5
63 21 0
24 61 5
61 47 6
38 94 0
35 53 2
50 52 3
66 80 5
16 37 8
57 21 5
75 70 8
55 71 5
94 6 3
43 73 2
30 22 7
56 74 3
47 28 6
82 48 6
100 84 2
65 37 7
98 8 0
63 33 2
80 13 0
61 100 6
63 75 5
60 78 0
73 76 1
69 23 1
25 55 7
55 79 8
88 85 5
40 83 3
64 28 1
27 48 0
90 68 8
59 49 4
33 40 2
78 72 3
51 15 8
52 34 3
28 11 6
6 30 4
89 99 8
64 62 2
40 16 8
82 49 2
51 80 6
9 3 2
72 70 6
26 78 5
39 18 6
5 28 1
14 24 2
27 63 6
43 15 0
47 83 4
93 26 5
82 41 6
89 85 3
89 47 3
46 83 0
26 92 8
33 83 7
19 13 1
15 80 0
33 3 1
16 89 1
13 90 1
86 84 6
58 42 5
99 23 6
74 59 7
72 33 8
44 33 4
35 44 8
40 55 4
57 19 4
52 38 7
39 42 1
83 74 8
19 12 4
11 77 3
68 49 5
36 21 8
43 21 8
88 17 1
17 35 2
15 18 2
80 50 7
24 64 6
84 61 6
85 39 3
60 68 3
65 7 6
72 41 3
25 33 0
61 15 4
31 18 1
60 13 2
59 99 3
90 10 0
71 58 7
55 48 5
76 2 1
81 97 5
52 60 6
62 8 1
77 32 5
28 77 8
78 79 3
31 41 6
52 74 0
35 74 4
54 52 2
47 23 3
61 52 2
19 39 7
33 61 1
33 13 7
60 58 7
77 23 0
21 1 2
92 84 5
80 98 4
51 56 1
51 29 8
52 22 8
50 61 6
98 26 3
60 15 2
20 1 0
63 66 8
80 97 5
21 19 8
41 79 7
14 33 6
18 23 2
99 15 3
5 7 8
68 21 1
72 12 3
24 84 6
78 86 8
22 98 3
63 74 3
55 96 8
47 49 6
66 16 0
24 34 4
46 67 4
95 31 1
63 9 7
96 76 8
34 61 7
43 3 6
17 90 6
55 98 8
18 8 4
88 66 0
4 68 8
5 20 6
14 86 2
10 56 2
88 11 1
67 55 8
15 35 7
46 35 7
44 28 6
21 5 5
21 58 5
32 66 0
66 86 8
69 84 0
36 56 2
100 63 0
31 28 6
14 3 7
100 99 4
70 65 4
99 20 1
93 51 3
95 49 1
25 5 7
66 8 2
81 16 0
3 65 8
96 37 8
55 44 1
75 82 0
90 62 2
24 31 0
43 84 3
83 68 0
81 87 3
82 15 6
40 65 6
26 90 0
88 53 1
90 87 2
2 28 0
38 23 4
74 75 8
23 62 0
78 71 0
56 29 0
76 91 1
61 82 8
9 12 3
88 84 8
63 12 7
1 32 0
27 29 7
67 95 5
2 59 7
35 78 4
92 19 6
38 68 1
76 56 1
7 31 7
75 67 3
67 60 2
55 13 8
86 91 4
36 4 1
29 33 6
18 83 3
29 23 2
98 5 8
6 66 2
25 7 2
49 46 6
47 74 4
40 48 4
11 24 5
86 17 8
63 22 1
48 8 2
74 68 1
39 71 5
47 76 4
67 80 1
31 89 2
33 94 8
100 82 6
27 81 6
93 63 2
56 46 7
32 99 7
20 83 0
81 33 7
82 63 6
2 46 1
47 10 6
55 74 5
42 30 5
6 67 4
4 70 5
23 30 4
75 27 5
48 3 7
45 72 5
16 98 1
9 46 5
53 64 1
1 31 1
55 68 1
100 52 0
19 43 7
52 89 1
66 64 4
77 52 8
53 90 5
12 75 5
31 10 2
27 88 5
38 69 0
98 41 8
19 1 2
82 6 5
91 17 6
38 34 7
92 42 2
12 15 7
50 86 1
93 83 4
24 66 3
28 33 6
42 2 2
80 58 2
14 87 7
46 77 0
51 5 7
21 61 3
79 16 7
71 33 0
73 12 8
77 51 0
98 68 5
6 27 6
66 17 7
32 6 5
14 74 3
12 66 5
67 100 8
54 40 5
91 78 4
29 58 7
21 79 0
95 93 2
92 38 7
83 26 2
50 79 3
20 39 2
51 8 1
80 1 5
65 94 2
19 61 6
40 6 0
78 89 7
12 5 5
20 6 3
12 83 2
11 48 1
2 49 7
85 90 7
40 43 5
25 39 2
11 87 2
46 94 5
7 51 1
29 86 3
33 73 7
95 34 1
34 59 4
19 11 6
10 64 0
5 31 3
10 24 2
15 67 1
88 35 7
74 30 6
41 10 7
57 74 8
90 11 3
48 33 4
48 43 3
97 96 7
67 66 1
83 17 8
59 10 2
43 37 3
80 94 0
91 62 1
2 36 6
1 58 1
3 2 4
46 31 2
30 15 0
36 51 4
31 66 1
72 30 5
67 98 7
19 89 7
71 70 0
66 29 7
66 70 3
55 91 2
76 39 4
26 58 8
93 34 3
75 77 5
79 32 7
19 45 1
56 4 8
53 59 0
23 89 6
31 94 3
19 10 3
26 99 8
100 17 3
56 37 6
35 39 4
9 91 8
62 43 1
93 28 6
66 23 2
5 63 5
65 61 7
54 8 5
82 51 3
17 61 1
88 23 8
71 92 6
61 27 7
93 99 0
8 47 3
65 17 8
92 9 1
88 79 0
38 46 7
100 65 1
33 19 0
35 32 1
48 42 3
71 86 4
97 42 0
84 44 3
22 48 3
48 49 2
59 54 3
49 30 2
46 63 3
4 17 1
96 92 7
60 84 1
23 68 0
29 28 4
65 80 0
73 83 6
13 50 2
4 2 6
3 92 2
72 93 1
90 65 2
92 12 2
81 14 8
85 58 6
22 81 3
9 82 0
47 7 0
67 5 4
49 43 1
70 69 2
3 54 2
47 65 2
73 87 0
28 52 6
88 70 2
65 32 3
53 37 5
38 27 6
38 84 0
66 83 6
22 72 1
52 59 6
48 9 1
89 24 8
73 18 7
92 58 1
14 62 7
65 95 8
1 33 4
43 58 5
95 7 3
23 52 5
40 87 0
64 32 4
83 58 5
10 73 6
51 96 4
75 40 8
23 14 5
39 37 2
45 86 4
91 37 2
6 46 7
80 43 1
42 54 2
73 9 8
61 45 7
23 61 6
37 51 7
61 30 5
32 47 6
5 57 7
2 5 5
83 100 0
46 82 8
24 59 3
4 65 2
6 86 4
19 22 6
22 5 1
38 7 8
25 43 0
16 49 4
4 23 6
89 87 5
11 25 8
73 36 6
39 54 8
28 56 0
10 7 2
10 74 4
19 49 0
50 85 6
47 90 6
15 54 0
25 21 1
30 64 0
62 81 3
85 12 3
1 35 8
55 9 0
37 68 4
15 56 0
33 43 7
32 89 4
27 73 7
97 7 6
32 58 5
80 27 5
15 58 5
80 76 8
64 76 3
90 48 2
44 42 1
35 61 8
65 1 1
54 26 8
71 56 7
85 83 6
36 6 8
72 8 7
36 7 4
22 88 4
98 88 4
83 24 4
84 96 8
82 33 5
95 73 7
92 30 4
83 22 0
11 46 7
57 2 7
31 87 1
6 90 7
24 70 6
84 8 0
6 75 6
50 29 7
62 68 3
41 48 6
93 15 4
87 27 7
23 34 4
63 41 5
42 64 8
9 78 2
43 83 5
20 76 8
54 94 7
97 38 8
91 13 6
93 37 5
33 45 2
43 2 1
59 19 0
30 66 7
20 80 5
84 70 0
77 44 6
49 84 2
73 15 5
95 25 1
23 1 8
77 91 6
89 11 7
6 88 3
65 79 6
45 11 3
15 13 1
3 72 3
96 18 3
24 76 4
12 46 4
29 100 3
79 6 7
75 4 5
12 79 8
30 99 1
32 14 3
91 27 3
24 79 5
99 67 7
72 96 7
92 94 3
48 10 5
27 1 8
29 40 5
95 2 8
8 58 6
46 55 6
40 71 7
72 87 6
59 83 7
33 32 6
59 50 6
28 25 3
89 100 1
54 21 1
38 78 2
46 57 2
71 69 5
22 53 3
7 9 3
94 77 3
28 35 0
64 39 4
34 91 7
94 98 7
21 28 6
1 98 3
28 86 2
16 9 2
50 1 1
97 51 5
6 55 7
27 15 5
12 34 8
34 41 4
10 69 3
87 35 0
97 40 0
81 49 5
14 58 4
37 64 1
15 68 8
58 3 2
57 24 8
19 77 4
30 89 6
44 76 7
9 6 7
85 42 5
90 69 2
9 13 7
7 54 7
22 61 5
25 62 8
28 49 6
19 78 1
69 77 5
54 88 0
45 36 1
24 18 4
63 37 5
35 16 3
46 25 1
98 14 6
92 14 3
46 81 5
56 6 0
81 44 4
35 30 2
56 68 8
92 72 2
15 26 8
28 62 7
75 25 5
2 21 0
55 41 7
90 50 4
18 52 4
1 69 0
40 73 8
37 14 7
79 98 4
77 22 1
18 38 3
2 97 1
9 70 7
21 33 3
80 14 2
59 93 2
43 13 6
68 67 8
8 59 1
71 88 3
82 65 6
46 59 5
33 26 8
65 19 3
85 65 5
100 85 1
31 59 0
49 52 6
22 21 0
82 80 0
62 78 8
84 63 6
52 27 1
17 29 6
42 76 2
36 28 4
88 45 6
7 64 3
90 72 6
63 60 5
28 83 6
67 34 1
68 86 1
80 45 3
38 96 3
21 56 8
24 23 5
30 77 7
60 95 7
28 16 6
81 56 7
91 53 3
72 56 6
54 92 2
10 15 5
22 42 0
51 88 1
46 52 0
98 95 7
20 73 5
64 35 5
17 28 3
98 42 4
26 5 8
25 94 1
58 90 7
11 80 5
80 59 4
76 50 6
67 83 4
50 44 7
37 17 3
17 25 6
8 61 1
31 19 2
80 95 7
53 36 0
95 22 1
51 55 3
1 43 3
2 22 6
44 61 4
79 31 4
38 29 8
2 50 4
12 50 1
93 29 1
76 58 1
45 8 4
7 41 6
1 57 4
17 59 3
76 53 5
32 34 8
19 8 4
31 40 5
91 98 2
90 60 6
19 54 3
31 37 1
74 93 6
23 11 7
73 23 8
54 61 5
51 54 6
41 26 1
73 60 3
61 53 0
50 81 7
32 68 7
85 55 5
3 23 8
60 18 6
18 67 5
88 64 4
19 34 2
28 87 6
45 51 7
10 91 0
41 73 4
86 53 4
88 100 5
40 20 1
1 29 1
33 99 4
50 67 5
33 86 3
56 87 3
13 77 7
32 95 1
36 43 5
45 7 1
37 35 2
55 38 8
59 51 5
56 39 2
42 38 7
78 69 7
78 28 1
66 58 0
23 97 2
80 5 5
93 43 4
1 24 4
80 44 2
11 94 5
35 24 2
97 83 7
43 87 7
17 7 0
33 5 2
72 34 2
86 43 0
94 75 7
79 7 6
95 27 5
19 24 8
88 8 8
62 67 1
81 64 6
4 71 5
76 97 4
31 12 5
5 8 5
44 26 2
35 29 5
69 36 7
20 79 4
5 90 0
90 33 1
35 66 8
98 90 5
95 48 3
88 12 0
64 72 0
13 64 3
65 24 2
82 30 4
10 50 2
16 45 5
64 92 3
14 76 8
35 23 8
18 76 7
60 57 6
20 47 6
5 54 2
44 45 8
88 9 2
69 21 1
51 49 6
72 2 4
1 48 5
83 56 2
88 32 1
26 60 0
11 27 0
50 66 6
17 6 3
1 16 3
40 57 1
65 41 5
58 7 1
7 57 2
72 36 7
25 23 5
34 50 2
42 63 6
85 49 7
34 77 7
18 4 7
98 82 8
62 32 3
45 49 8
70 78 2
26 91 5
74 50 2
21 85 6
3 21 2
78 2 6
17 44 7
3 90 6
26 67 5
50 93 7
97 55 2
16 17 5
8 42 7
95 45 2
52 99 2
96 57 7
11 76 3
71 41 0
26 38 0
67 81 3
32 19 1
47 73 1
70 55 2
16 2 8
70 95 8
99 29 3
85 63 8
33 95 4
88 76 4
65 13 3
90 1 6
68 89 2
2 86 0
66 41 3
82 23 3
66 43 5
42 91 5
44 88 7
54 76 3
98 54 3
88 3 5
23 75 1
81 30 2
88 47 0
14 41 0
95 28 1
60 2 4
76 82 6
88 68 3
96 54 3
36 74 7
55 4 7
22 78 3
98 71 4
23 21 3
39 75 2
72 61 7
70 6 2
11 95 2
32 7 7
4 88 6
18 53 8
44 41 3
92 15 6
46 85 1
41 25 3
43 6 4
7 89 8
40 27 6
17 98 5
13 34 0
62 11 5
27 53 2
29 77 8
43 78 5
78 14 0
46 78 2
8 24 8
3 66 7
29 22 8
21 52 8
55 18 6
79 14 8
31 45 0
67 13 7
26 87 8
5 19 3
54 89 6
78 77 4
67 43 0
10 97 7
65 20 6
64 68 6
91 8 1
6 50 2
37 52 7
20 34 0
25 40 2
26 97 8
13 61 7
24 67 3
91 15 0
68 41 3
57 43 6
72 23 6
84 59 2
71 17 0
39 88 3
63 19 2
58 35 1
96 12 8
22 36 7
46 19 3
14 39 2
84 16 6
17 69 6
51 74 5
75 37 1
47 1 0
15 96 1
20 9 0
14 15 4
79 11 3
77 42 8
33 87 3
57 32 3
52 65 3
30 62 1
30 78 5
26 11 1
51 52 4
99 37 4
56 18 1
70 23 7
59 78 6
71 36 8
75 26 6
41 47 4
19 42 3
19 69 6
95 52 3
85 30 7
47 2 0
52 86 5
23 53 2
78 52 7
28 81 1
34 45 5
51 10 4
51 72 2
93 73 8
51 57 1
44 23 0
10 68 7
12 62 4
62 21 4
73 52 8
33 52 1
77 31 1
34 54 0
61 40 3
66 95 3
64 40 4
36 14 7
79 89 8
2 1 7
78 80 8
4 97 8
20 91 7
100 47 7
4 50 7
26 2 5
29 6 8
1 97 8
7 40 4
6 10 0
16 72 4
74 91 1
34 48 6
19 2 6
76 60 7
40 96 1
38 47 8
42 94 8
31 61 3
53 98 1
44 100 6
9 31 5
35 60 8
73 63 8
8 73 5
100
0 91 0
1 71 1
2 82 2
3 42 3
4 17 4
5 89 5
6 76 6
7 25 7
8 17 8
9 18 9
10 23 10
11 39 11
12 98 12
13 86 13
14 83 14
15 7 15
16 49 16
17 98 17
18 12 18
19 83 19
20 53 20
21 98 21
22 65 22
23 60 23
24 98 24
25 92 25
26 84 26
27 4 27
28 57 28
29 59 29
30 92 30
31 40 31
32 17 32
33 23 33
34 48 34
35 78 35
36 28 36
37 79 37
38 87 38
39 20 39
40 23 40
41 35 41
42 2 42
43 65 43
45 21 45
46 43 46
47 13 47
48 47 48
49 47 49
50 46 50
51 34 51
52 31 52
53 42 53
54 14 54
55 86 55
56 58 56
57 37 57
58 75 58
59 14 59
60 92 60
61 66 61
62 71 62
63 25 63
64 19 64
65 49 65
66 68 66
67 53 67
68 79 68
69 37 69
70 84 70
71 15 71
72 23 72
73 10 73
74 77 74
75 2 75
76 81 76
77 96 77
78 58 78
79 24 79
80 13 80
81 51 81
82 16 82
83 61 83
84 77 84
85 28 85
86 51 86
87 37 87
88 70 88
89 88 89
90 44 90
91 73 91
92 12 92
93 70 93
94 90 94
95 91 95
96 88 96
97 13 97
98 88 98
99 48 99
100 6 100
