100 2970
94 95 0
2 95 4
44 18 2
89 62 7
17 25 8
72 50 1
100 13 7
98 99 1
48 5 8
38 1 3
23 59 8
4 99 5
60 58 8
59 1 3
29 45 6
71 83 7
60 90 3
3 1 4
27 13 3
66 98 1
63 91 0
44 27 7
81 60 1
5 45 1
8 37 5
77 51 1
36 27 8
82 1 5
1 64 6
2 61 3
9 92 3
90 86 0
28 39 0
89 76 6
65 45 8
8 60 4
47 74 2
31 13 1
30 81 6
16 57 8
27 89 5
8 32 6
77 76 6
1 67 8
10 41 3
8 71 1
15 78 7
56 12 3
63 5 3
39 81 4
14 29 7
25 91 3
76 58 6
95 52 3
42 82 8
6 85 7
39 91 5
73 65 6
37 14 6
76 33 0
17 35 0
30 33 5
13 15 2
75 59 8
39 94 5
48 28 6
57 37 7
76 20 6
43 4 5
88 24 8
23 9 0
84 73 2
23 83 3
2 97 2
81 56 7
30 63 2
42 72 0
7 77 3
31 100 2
31 36 0
90 62 4
11 69 7
94 98 8
32 62 3
52 69 1
93 41 1
26 34 0
34 96 4
6 20 0
6 52 3
96 33 1
79 7 2
44 9 6
23 66 5
95 56 3
12 86 8
72 96 2
91 8 0
82 90 6
34 78 5
86 28 3
48 95 3
55 71 8
67 55 3
25 74 3
60 74 7
68 39 7
45 79 8
100 44 2
18 100 6
79 87 5
85 2 3
13 87 5
89 31 6
39 56 3
85 48 6
57 6 3
53 59 1
69 87 8
12 38 5
18 51 7
35 21 0
4 45 1
98 48 5
19 37 5
77 46 5
43 81 7
41 29 1
47 85 6
30 28 6
47 34 5
7 25 7
73 71 7
39 3 7
94 90 0
28 40 1
97 14 4
65 1 5
14 67 3
21 36 7
49 34 1
23 55 6
18 90 8
5 79 4
5 22 4
30 93 2
100 24 7
7 4 1
80 63 0
32 43 3
16 79 1
5 16 7
76 23 1
38 59 1
65 57 7
19 98 5
23 73 2
15 12 3
61 46 6
77 65 5
24 37 8
29 65 5
47 54 4
46 33 4
3 8 2
24 60 3
82 31 2
96 83 8
17 58 1
36 57 8
92 2 2
35 75 4
41 78 0
7 66 7
97 60 6
83 47 0
82 56 2
95 35 7
48 6 2
47 73 5
29 92 1
67 54 1
50 32 1
10 5 5
74 38 6
87 74 5
24 40 7
87 55 3
7 48 5
78 19 8
22 33 5
8 23 7
33 81 7
36 6 5
6 60 0
49 55 8
51 13 4
21 70 8
65 50 8
52 30 6
91 21 5
12 79 1
12 13 8
69 53 6
78 20 4
1 12 7
40 39 1
11 96 0
7 19 4
61 11 7
27 6 4
24 84 5
12 68 6
3 42 7
19 26 8
35 96 0
53 76 8
86 95 3
17 8 8
58 31 1
82 57 0
54 89 0
12 11 0
45 47 3
13 72 8
6 15 1
91 42 2
43 24 3
39 95 3
20 91 0
22 77 1
52 5 4
94 6 5
71 54 0
71 51 6
25 35 4
25 46 1
14 74 0
36 52 3
31 2 2
46 84 2
41 27 2
78 88 5
90 55 1
4 40 2
15 97 7
57 54 0
3 94 0
74 46 7
83 60 5
69 81 8
21 92 7
51 4 2
69 6 4
96 20 6
55 70 7
77 14 4
44 93 1
59 16 6
96 95 8
50 97 4
59 94 3
2 63 8
8 10 6
58 51 5
17 31 1
65 46 1
90 81 5
29 44 2
84 10 7
88 10 7
36 89 8
41 46 7
52 35 1
46 6 1
79 80 7
11 67 3
24 5 7
46 68 7
60 22 6
22 54 3
69 96 3
99 31 6
72 12 6
69 5 7
60 95 4
49 25 0
84 83 7
53 46 4
91 100 7
51 96 0
52 61 6
88 56 8
78 53 6
70 54 5
50 24 7
94 56 7
31 59 8
47 67 1
97 70 3
1 86 1
77 60 1
95 79 5
20 100 0
72 45 4
2 71 7
34 95 6
26 58 2
53 49 8
96 37 1
27 87 0
70 77 5
46 18 0
21 45 5
32 2 4
11 29 2
26 86 5
58 19 6
79 54 1
11 20 1
36 4 6
56 68 4
23 98 2
40 32 4
34 53 6
54 34 8
68 18 5
28 34 1
35 39 8
52 23 1
49 45 0
72 26 0
71 94 2
47 84 7
89 24 1
5 30 8
96 61 5
3 92 6
80 94 3
83 51 0
20 94 3
81 40 6
65 91 8
65 2 8
37 33 3
87 4 1
13 3 4
42 70 2
2 25 3
65 94 8
11 76 4
77 96 1
73 69 3
7 44 0
6 70 0
1 100 7
52 84 4
95 9 7
6 62 7
12 83 5
28 23 2
9 32 0
15 4 0
9 99 7
20 34 7
27 85 5
40 84 8
60 70 8
28 97 5
40 97 1
64 14 6
74 30 8
30 41 0
21 99 4
38 29 6
27 45 5
11 100 1
78 71 2
78 25 6
94 91 6
21 29 2
87 30 8
62 42 3
69 31 5
87 95 0
1 6 7
73 56 7
39 65 5
66 43 2
31 68 1
60 9 5
30 100 7
41 34 2
23 97 0
84 9 4
99 12 8
19 71 4
50 40 2
17 96 2
24 6 1
34 45 0
4 47 7
38 52 6
58 33 3
48 15 6
74 89 5
37 30 8
84 37 8
93 6 7
76 66 8
73 32 5
95 75 4
100 95 7
35 91 5
16 8 3
69 46 1
37 82 5
88 85 2
28 92 3
72 10 6
22 14 3
45 3 0
63 22 2
7 34 7
25 22 1
76 38 5
73 44 5
81 29 8
8 81 8
42 86 7
100 59 7
50 39 3
26 50 6
20 27 8
78 76 5
23 90 5
59 25 7
30 19 3
54 13 2
39 7 6
98 50 7
33 84 7
76 36 2
15 59 6
4 3 7
62 34 8
71 82 3
54 86 7
45 18 0
47 48 3
47 44 6
34 51 4
42 43 7
22 28 8
11 85 1
79 43 5
51 89 0
14 57 6
15 44 3
10 94 3
5 43 7
58 47 4
41 39 0
73 66 0
91 72 8
81 70 4
81 59 0
7 6 3
60 62 3
93 20 0
16 64 6
26 54 8
5 51 2
73 13 3
82 22 8
29 49 3
50 18 0
99 46 4
25 29 8
29 99 3
44 32 3
17 78 3
1 28 1
1 84 3
35 46 8
50 38 8
9 85 7
87 92 5
76 49 8
80 81 6
59 89 4
95 30 2
4 16 0
60 78 6
26 81 2
90 100 6
57 52 3
15 63 3
12 36 8
11 45 1
54 42 4
9 25 1
2 44 4
62 4 1
88 52 3
54 4 7
13 96 0
12 82 7
39 21 2
68 65 0
29 66 3
81 15 2
27 33 0
5 62 1
31 72 4
9 46 7
3 35 1
42 23 7
23 85 5
32 92 2
59 82 6
94 23 7
62 31 2
53 50 8
58 7 0
73 70 8
3 60 8
59 92 1
57 49 8
47 38 0
85 84 0
61 39 7
15 79 3
92 82 5
19 69 3
76 79 0
78 26 0
11 78 7
31 26 4
64 39 5
52 4 7
66 79 0
85 41 2
47 7 2
48 71 7
9 69 1
85 39 0
92 6 6
3 89 5
84 67 0
92 47 3
86 52 5
47 56 7
29 47 2
6 77 4
19 66 5
96 28 7
13 28 8
81 77 6
23 14 4
37 62 8
26 27 2
60 86 8
72 89 8
90 37 8
15 20 2
4 81 5
8 76 6
44 64 3
92 27 3
15 2 5
99 65 0
91 18 2
82 4 3
57 87 8
43 27 4
8 31 2
20 37 7
47 96 5
4 14 8
33 75 2
41 7 2
95 65 6
45 55 1
97 68 6
26 85 7
84 4 4
31 73 6
74 56 4
5 11 0
79 6 4
20 44 5
29 59 6
1 88 8
12 17 4
89 34 0
15 32 1
75 66 5
50 23 3
93 95 3
49 52 7
90 44 5
94 97 6
1 44 5
90 89 6
91 88 4
51 81 6
24 47 0
78 28 0
83 34 2
56 51 0
47 9 3
96 52 4
100 9 1
92 57 7
77 11 6
87 21 7
3 71 6
78 77 0
22 70 0
57 2 8
52 1 5
30 73 0
50 57 6
27 100 8
69 2 2
75 99 0
11 99 6
56 25 1
5 96 8
65 19 3
47 99 8
90 67 7
25 55 0
83 49 8
98 27 5
55 80 1
44 45 8
86 49 7
59 95 0
87 82 3
16 74 2
47 21 8
74 10 5
71 99 1
74 79 1
15 89 2
78 30 0
10 27 0
58 10 2
20 16 3
55 10 4
33 11 4
91 16 3
83 15 0
68 48 5
16 92 2
56 69 5
60 39 3
69 14 5
5 25 8
12 26 8
54 60 7
48 56 1
50 61 6
99 58 2
55 76 7
74 68 6
92 81 4
39 43 0
27 49 8
7 67 7
78 100 7
66 94 4
12 93 0
60 66 1
72 90 6
48 100 5
24 57 2
42 2 4
33 51 4
31 86 6
16 43 6
33 66 1
47 76 3
100 98 2
39 37 0
54 99 5
75 68 0
98 29 8
54 100 3
25 100 6
18 55 7
90 92 8
3 57 1
5 41 5
93 13 4
2 35 1
70 5 7
19 76 5
72 94 7
13 24 2
25 51 8
18 64 0
16 77 3
30 68 2
43 40 0
17 97 2
1 7 1
6 23 1
26 2 6
27 67 6
35 22 3
51 50 7
30 96 1
21 64 4
99 69 2
66 54 0
37 71 1
87 19 3
86 71 2
56 41 1
43 21 3
77 8 7
67 43 3
19 20 0
10 79 8
59 64 2
26 74 7
86 13 4
70 35 6
59 60 6
40 71 1
40 8 6
75 2 4
77 75 7
88 51 8
7 22 3
79 13 2
72 7 1
23 96 6
35 65 3
83 42 3
13 70 4
72 34 2
42 32 3
8 74 0
53 2 7
79 9 4
6 67 8
34 39 5
11 86 8
13 75 4
39 58 4
91 78 3
33 65 4
73 37 6
18 4 3
36 18 1
30 58 8
60 10 2
46 14 7
68 77 7
72 17 2
12 5 1
81 10 2
43 85 8
34 100 7
55 11 4
76 24 8
14 84 4
30 25 0
88 43 2
56 85 4
46 32 0
20 65 1
4 72 1
32 63 1
25 76 2
11 98 0
61 74 3
65 21 2
40 27 2
45 77 4
81 73 3
73 60 5
55 98 8
28 53 8
16 23 2
18 79 4
19 42 2
31 95 2
16 36 0
41 68 5
17 91 2
57 83 0
90 93 3
1 40 2
83 86 4
45 26 6
11 6 7
21 33 5
20 90 3
87 38 5
14 59 5
38 16 1
79 85 2
21 3 8
23 41 8
71 9 3
47 11 2
62 27 0
100 94 6
73 62 4
23 80 3
28 50 7
27 38 0
67 93 8
29 15 3
24 17 3
2 21 8
47 17 4
18 24 6
15 57 1
47 97 4
35 81 2
65 56 6
55 61 3
92 19 5
45 46 3
66 86 1
57 13 6
88 64 1
89 67 8
32 3 2
99 34 5
69 74 3
90 61 3
53 40 4
91 66 6
76 91 8
87 45 4
27 46 7
58 49 8
39 78 6
41 8 0
56 3 8
93 58 6
90 4 4
27 18 3
22 88 3
60 7 0
67 87 2
97 46 3
83 82 8
46 59 1
23 63 3
57 63 4
95 72 7
39 80 6
63 25 2
86 44 1
6 89 1
14 49 6
26 91 3
65 98 1
18 54 4
98 83 8
82 84 0
18 22 0
27 31 8
25 39 5
11 46 5
76 10 4
78 52 4
93 92 6
40 45 0
14 68 7
38 10 3
67 74 1
94 60 7
15 18 8
81 83 3
15 73 6
45 35 6
6 33 3
85 90 2
29 32 8
64 19 4
18 93 1
88 60 4
97 85 3
41 32 2
71 72 3
84 59 5
77 23 3
12 32 0
4 70 6
80 95 2
87 37 2
27 9 0
92 26 5
84 97 3
39 82 7
86 15 1
52 79 6
17 49 8
84 92 7
48 44 1
6 64 2
77 12 0
9 48 2
29 74 4
59 28 6
25 93 8
14 11 2
88 23 5
69 42 1
94 22 8
18 85 5
43 55 5
1 74 3
57 29 3
37 52 8
15 50 1
15 58 3
32 33 4
88 71 2
82 79 3
76 68 6
66 57 6
1 62 4
67 73 3
82 86 2
58 18 8
68 63 0
41 69 2
41 79 0
10 77 1
43 63 5
61 35 4
83 99 7
36 35 6
3 24 2
10 62 8
54 31 4
14 40 0
84 2 3
17 57 6
17 30 4
88 35 7
61 26 1
90 22 7
15 36 4
27 30 6
10 61 1
11 90 0
1 48 7
74 6 3
87 11 6
48 20 4
9 43 8
59 65 1
45 74 2
63 98 2
92 42 0
13 64 1
21 68 2
82 55 1
7 5 2
69 16 1
83 26 3
70 1 2
69 47 4
100 40 7
29 89 4
34 92 2
37 42 8
2 96 6
89 58 2
57 33 6
64 73 2
88 70 1
79 72 3
55 32 6
79 39 4
89 28 3
12 40 6
81 28 2
77 79 1
89 91 3
44 40 3
44 92 5
49 19 4
97 37 7
15 76 5
42 67 0
22 99 7
76 9 4
76 75 5
36 48 3
88 46 4
14 42 8
41 3 4
62 43 5
54 33 8
74 83 1
52 66 6
87 77 1
98 53 6
71 23 8
41 55 7
8 52 1
89 78 7
56 55 5
58 23 1
70 72 3
63 54 8
20 57 2
18 53 2
78 51 7
22 43 0
87 23 0
2 17 1
70 43 2
61 4 1
32 38 7
59 20 4
7 18 0
79 70 1
92 20 3
75 84 2
11 48 1
28 25 4
68 42 2
48 78 4
20 67 6
54 61 0
5 26 8
55 94 4
37 36 3
38 6 8
1 81 0
38 5 2
52 43 3
72 64 5
87 62 1
84 100 6
84 39 7
29 34 5
16 94 6
42 39 0
95 25 0
91 95 8
81 66 2
43 75 4
97 13 0
14 18 5
8 57 8
72 47 3
89 97 4
75 36 8
81 21 0
33 55 6
85 80 8
100 49 7
12 43 3
100 32 4
54 24 2
97 86 6
10 56 5
19 24 8
98 30 8
49 93 0
70 41 6
57 4 5
43 91 2
12 19 5
86 76 7
54 8 0
10 96 0
66 96 7
96 88 5
59 83 8
42 1 6
59 71 7
1 71 2
88 39 5
20 24 7
50 14 7
100 55 0
43 47 5
64 48 0
80 8 2
88 29 8
30 88 3
73 21 2
53 82 2
69 50 8
98 3 3
19 10 6
55 24 3
73 79 4
3 6 1
50 68 8
85 12 3
44 63 3
9 10 5
54 48 8
39 9 6
86 53 7
68 10 4
11 24 0
83 2 4
99 14 1
82 96 6
80 78 6
37 67 0
75 53 1
29 10 4
98 56 8
86 58 2
80 13 3
41 74 7
93 76 2
58 27 0
93 81 4
72 62 3
91 5 2
46 16 6
61 75 8
2 94 5
65 69 7
10 2 2
32 66 0
76 7 8
38 36 1
84 78 0
19 21 5
13 22 1
39 38 0
40 87 1
98 42 1
99 88 7
4 91 6
72 80 4
36 95 2
86 18 5
17 20 8
45 32 7
74 43 6
44 55 8
83 53 5
48 77 8
44 80 6
94 81 3
82 15 6
98 71 1
42 28 3
67 48 8
33 67 3
42 6 8
84 30 8
72 74 8
72 25 5
26 55 3
32 57 6
70 11 4
75 31 5
77 53 1
89 68 8
52 53 0
25 42 7
77 67 6
67 57 5
53 3 6
93 31 8
2 14 8
25 21 2
58 45 2
97 33 3
36 59 7
1 36 8
2 7 1
3 72 8
9 2 5
79 68 5
8 61 2
78 31 7
18 77 8
94 58 5
14 16 0
64 75 7
23 75 3
94 52 7
19 75 5
18 5 0
4 67 8
97 22 6
46 26 0
73 38 4
70 57 2
80 68 2
7 98 5
25 92 3
43 53 1
96 99 2
60 99 0
25 68 5
76 85 3
22 27 8
8 26 5
18 26 8
37 83 2
6 53 6
91 69 8
30 49 1
32 74 8
28 69 1
61 100 6
75 91 1
64 32 0
24 63 5
97 1 5
5 78 5
5 34 6
10 37 7
8 79 3
11 17 2
17 16 7
61 78 4
62 50 2
58 67 0
28 75 5
87 52 3
44 54 1
29 35 0
94 9 6
14 7 4
5 23 5
83 44 7
67 96 2
37 89 3
88 5 0
56 22 0
24 95 2
82 18 4
1 29 3
83 45 0
20 46 0
10 6 1
51 39 0
35 28 4
56 46 7
21 90 4
73 48 4
59 62 0
5 67 1
69 51 2
75 71 3
57 80 6
58 44 1
14 52 2
85 32 6
22 55 3
22 57 5
12 44 3
5 100 2
67 63 0
12 25 7
40 25 4
62 84 7
93 26 6
29 19 1
12 14 7
26 53 3
85 61 5
17 15 7
6 65 6
62 91 8
32 39 8
72 43 8
37 3 6
22 1 4
7 46 7
40 75 8
73 61 1
28 71 2
62 74 0
74 36 5
82 99 8
78 97 1
40 26 1
10 11 6
95 99 8
84 55 2
77 91 1
39 2 5
99 32 2
54 9 4
77 74 4
88 9 5
41 50 1
55 5 2
24 93 0
38 9 3
64 95 3
91 19 6
55 86 8
83 14 0
60 42 8
25 66 7
57 97 8
23 67 7
23 21 6
66 40 8
1 35 6
29 9 3
9 87 1
77 35 2
78 96 3
33 15 2
27 91 2
56 71 2
12 10 3
98 58 5
57 23 8
13 88 0
68 11 7
45 93 3
9 98 1
49 59 0
35 50 1
51 66 0
57 88 4
76 72 8
20 87 3
51 9 5
5 42 2
43 69 5
56 35 1
58 29 2
45 14 5
36 71 2
43 93 7
65 18 1
43 100 3
10 95 1
7 74 2
61 17 4
43 65 5
24 52 3
73 16 7
18 49 1
88 86 7
91 67 5
95 17 6
92 99 4
53 13 4
41 62 6
88 44 0
87 28 7
92 54 1
28 32 8
43 82 0
41 44 7
89 32 3
57 72 3
65 66 5
56 4 5
2 29 0
96 42 7
100 85 1
97 49 6
91 47 5
94 77 7
59 17 1
14 82 2
72 61 0
56 19 3
27 47 5
86 40 7
67 97 5
88 27 1
73 96 8
66 85 5
78 49 2
26 96 1
1 43 7
14 47 0
13 78 8
86 19 1
67 79 5
10 89 2
48 99 1
87 98 6
35 99 5
28 11 1
44 57 5
99 62 4
64 85 4
81 50 1
2 59 0
84 48 4
19 73 3
52 20 4
70 29 4
16 54 1
19 27 7
98 92 4
88 97 7
75 27 6
12 22 3
31 88 0
10 65 3
64 70 8
9 64 1
12 6 7
74 55 1
46 24 5
44 72 3
72 14 1
66 28 5
43 87 7
60 51 4
62 48 6
89 94 1
25 79 5
20 53 1
12 97 8
43 94 1
54 46 2
2 11 3
71 89 5
62 53 8
100 50 2
50 4 0
39 83 5
94 68 6
32 13 3
9 74 8
30 86 2
28 36 1
25 98 6
90 51 1
19 23 8
26 21 7
75 87 7
58 62 8
15 56 6
27 64 4
68 71 3
75 38 5
32 84 3
35 49 0
100 77 6
52 63 4
48 81 5
78 79 6
30 18 0
50 82 0
25 96 7
4 66 4
29 56 4
76 44 3
30 35 6
42 8 7
68 3 2
91 49 5
92 76 3
20 23 5
38 82 8
50 60 3
63 18 5
60 25 8
46 23 5
46 71 3
41 20 8
53 24 3
1 80 6
23 61 1
21 18 7
56 77 8
81 100 0
11 34 0
30 66 7
35 41 7
47 89 3
47 61 6
59 41 4
21 86 0
6 16 4
60 64 6
92 5 3
97 52 1
6 86 0
50 77 0
58 32 8
63 89 3
65 16 4
59 33 4
27 53 0
59 52 2
56 24 5
40 85 0
50 84 1
94 62 6
13 30 8
38 66 7
74 94 2
100 99 0
97 98 3
25 8 8
95 15 6
28 88 5
36 47 5
28 5 2
36 100 5
46 50 1
21 37 4
53 63 1
80 38 1
31 74 2
69 80 8
48 79 4
29 36 8
79 22 8
2 87 4
31 11 5
30 40 1
13 76 1
73 76 0
50 75 1
74 50 2
10 83 3
58 78 0
58 64 4
81 64 0
45 8 4
3 17 8
86 80 0
79 56 7
83 90 7
99 24 1
69 63 6
33 93 0
75 63 3
64 83 4
55 51 8
71 93 3
60 85 0
3 46 6
81 86 8
50 5 8
87 34 2
43 29 5
73 55 6
92 1 5
91 12 8
81 84 0
27 61 7
26 90 1
96 62 2
17 56 7
13 46 1
27 86 5
63 45 6
34 12 2
90 2 7
1 99 6
82 17 4
5 39 5
30 72 4
60 30 4
73 53 1
16 3 6
40 63 4
26 66 6
8 63 6
25 84 3
72 65 3
93 62 3
43 92 4
69 97 0
65 23 0
16 15 3
65 25 1
61 24 2
69 82 3
53 66 4
50 29 1
89 64 1
51 82 4
36 97 6
54 20 6
43 61 6
99 84 1
22 50 1
40 36 1
2 48 7
76 31 4
79 86 7
52 45 1
78 62 7
41 97 0
24 21 3
23 38 7
93 72 6
11 64 0
8 95 7
48 10 5
12 8 1
13 43 3
78 37 5
18 95 7
18 16 1
93 29 2
45 38 1
44 28 2
56 89 2
15 9 7
23 37 2
22 100 6
48 12 4
9 22 2
31 71 7
66 20 0
88 45 1
97 43 7
27 21 3
75 57 6
70 19 0
77 29 5
21 30 3
69 44 0
96 65 8
76 80 6
54 74 0
93 14 8
81 79 8
26 35 4
14 13 3
49 28 2
43 34 3
68 78 5
72 21 3
39 87 5
93 10 4
82 93 7
1 66 1
24 86 2
23 27 8
74 3 5
34 4 6
13 34 6
57 64 7
21 80 6
57 81 7
8 34 1
79 19 7
57 55 7
2 51 5
41 100 8
45 30 8
19 85 4
30 91 3
20 33 4
91 6 1
85 31 1
62 52 7
27 59 2
8 50 4
47 49 7
52 65 8
71 69 4
41 80 3
37 75 4
12 37 2
50 31 8
33 35 4
35 9 6
60 34 6
35 89 4
80 53 7
38 58 3
88 87 8
79 31 7
67 86 1
37 4 2
80 62 1
65 14 2
48 50 5
47 71 0
75 16 1
43 60 6
73 43 2
57 76 5
38 94 4
47 86 5
52 33 8
37 59 6
48 57 2
3 33 3
80 20 1
25 14 4
62 19 7
71 41 2
11 18 8
52 55 0
53 97 8
49 6 5
14 38 0
10 22 6
82 40 1
64 71 8
46 47 8
56 59 7
34 70 7
24 74 7
46 21 4
47 35 5
76 100 0
69 67 3
19 35 3
99 89 1
70 7 0
15 43 8
2 91 6
60 69 4
26 28 7
71 15 0
22 87 7
91 33 3
77 47 6
29 83 0
54 88 1
35 27 3
3 55 0
26 48 5
64 55 3
63 61 7
14 26 4
69 26 8
55 58 7
53 56 6
64 31 2
83 77 1
92 30 1
51 52 4
95 61 2
18 76 0
38 25 6
59 93 5
37 85 6
40 15 2
54 75 5
88 32 8
53 85 8
7 84 3
64 23 7
87 48 8
31 60 0
23 51 8
5 19 6
35 38 5
25 26 5
50 7 7
98 13 8
33 90 3
36 60 2
98 14 7
4 31 5
35 92 1
99 80 1
25 52 1
57 26 4
61 89 8
47 93 7
20 14 1
16 45 3
5 36 3
97 83 1
55 38 3
97 80 7
21 31 5
41 22 1
59 43 7
17 18 6
23 25 8
70 46 4
58 9 7
69 76 7
5 44 6
95 37 5
24 34 0
1 57 2
90 7 2
78 12 7
4 19 7
73 10 5
49 40 6
91 92 7
64 82 0
51 35 8
38 92 7
41 58 5
6 68 7
48 13 6
99 30 4
90 16 5
54 10 2
84 89 7
48 72 8
81 20 4
16 7 2
46 81 6
51 28 4
80 45 4
52 100 3
73 24 3
48 76 6
42 57 5
83 69 7
66 83 0
22 17 8
32 91 2
91 86 0
1 18 3
58 84 2
81 13 8
5 56 7
8 66 8
82 47 5
60 16 2
25 6 0
65 60 6
24 68 8
36 61 3
18 31 5
28 80 6
48 31 8
40 76 1
90 70 8
49 11 0
98 1 0
70 23 5
94 86 5
10 59 3
31 47 8
17 71 2
55 66 5
90 53 4
62 21 3
62 69 0
47 20 5
68 47 4
5 17 7
37 5 5
44 71 4
59 99 1
43 44 0
95 62 7
15 11 2
79 38 3
14 89 1
41 63 4
9 65 4
37 48 3
60 21 5
38 84 8
58 57 5
26 23 3
11 36 0
32 76 8
12 16 0
94 12 8
86 34 8
78 95 8
38 2 7
63 11 3
78 40 5
9 34 8
3 84 2
73 20 1
97 6 8
85 72 1
25 94 8
31 94 1
14 48 0
19 13 4
92 8 2
17 73 4
20 86 4
29 3 3
2 52 5
66 69 8
20 75 2
68 87 5
52 39 5
69 29 1
59 50 7
93 88 6
40 23 7
73 9 7
57 45 6
98 79 1
87 49 1
45 41 2
12 46 4
79 97 1
68 37 8
93 96 8
96 79 0
10 97 0
18 8 5
48 43 7
42 74 2
26 82 6
67 30 2
75 34 4
100 16 5
24 26 4
50 2 8
23 56 7
77 63 5
37 98 3
63 29 2
11 38 2
63 84 7
86 93 7
99 49 7
14 10 3
41 16 3
73 22 0
43 49 5
35 32 0
6 47 0
74 5 2
30 43 1
61 3 1
26 80 7
9 80 2
48 53 0
32 70 6
98 60 5
53 54 7
5 3 5
88 6 0
86 78 7
19 100 1
46 44 1
36 98 2
63 85 1
86 64 0
28 21 0
85 28 8
53 8 0
91 56 8
54 19 6
70 86 0
11 16 4
15 66 4
33 17 1
44 23 3
51 86 5
83 85 5
37 43 7
74 73 5
2 46 7
48 41 4
74 13 1
56 21 0
79 26 4
30 80 7
76 12 1
30 79 2
47 25 1
70 39 4
45 89 3
91 34 0
78 33 7
61 25 0
5 32 8
38 93 7
35 62 5
89 22 3
66 71 0
14 5 5
88 84 8
28 91 5
89 65 6
44 91 4
41 98 6
22 19 7
56 67 2
80 70 3
87 8 4
90 15 1
80 5 6
86 22 6
85 77 4
46 89 0
57 35 8
39 73 1
2 4 3
6 76 0
24 44 8
16 50 6
48 8 4
91 9 4
37 13 2
90 12 1
84 66 6
98 2 1
50 6 8
31 63 2
65 86 3
36 93 0
32 96 4
89 48 6
40 96 4
95 6 2
83 4 2
41 49 7
66 12 3
37 81 5
23 35 1
77 13 2
19 55 7
68 98 7
16 72 3
91 1 8
79 51 2
34 69 5
94 46 7
11 66 6
27 80 6
70 68 8
96 45 6
61 97 0
5 9 2
20 21 8
35 85 7
33 49 8
70 33 7
22 47 0
81 76 6
3 67 0
35 67 6
48 82 2
6 81 6
41 83 7
89 95 2
46 79 6
58 43 0
33 38 1
76 51 5
76 37 6
74 66 1
31 77 4
80 15 0
75 92 6
30 36 2
88 7 8
36 20 3
40 93 7
66 36 6
22 32 3
24 83 0
1 69 5
94 26 0
28 10 7
82 41 5
12 98 7
65 81 4
90 79 6
56 76 3
67 49 8
100 37 4
51 98 0
11 65 1
32 30 8
4 88 5
7 54 1
94 82 4
24 62 0
72 73 7
17 62 0
74 23 4
1 90 8
16 53 7
72 100 4
88 8 6
57 93 0
58 91 6
3 63 5
86 56 2
11 26 1
4 38 1
12 100 7
54 73 1
58 85 5
54 81 3
75 10 1
85 44 5
20 40 5
75 55 0
74 100 0
34 30 2
54 23 3
96 76 7
42 10 1
13 95 8
52 17 6
30 90 7
88 33 0
61 28 2
68 8 3
32 86 6
25 48 2
44 97 3
93 21 8
90 73 2
97 100 2
98 75 4
62 57 0
21 34 0
10 20 0
69 64 0
71 32 7
65 30 5
99 38 0
89 55 0
6 30 2
17 53 8
4 59 3
59 34 2
14 76 3
4 39 3
83 8 1
3 22 3
1 27 3
9 83 0
41 92 2
76 17 8
81 11 6
69 32 2
72 78 4
45 64 2
66 35 2
59 13 3
54 94 3
22 40 6
11 23 0
78 50 6
27 28 2
80 29 8
82 89 1
17 79 1
26 87 6
92 94 6
86 77 2
24 33 8
23 82 0
26 17 6
33 12 8
49 8 5
4 24 5
44 8 4
73 41 2
36 90 0
16 33 4
52 22 5
86 57 7
95 46 4
47 37 0
40 19 3
27 15 3
93 79 3
33 60 6
7 36 5
79 60 1
75 6 7
69 33 1
30 38 1
43 78 5
78 65 7
41 26 3
11 41 2
56 18 0
70 12 5
73 86 4
84 86 4
44 13 8
42 75 3
37 31 8
90 84 1
42 58 6
48 92 6
66 68 1
52 91 3
31 1 2
84 64 2
73 83 4
49 32 6
13 60 3
45 76 1
33 5 5
56 26 6
19 63 0
49 38 7
28 100 2
51 57 3
91 53 3
98 64 1
99 87 8
39 16 0
62 44 2
98 32 6
23 1 2
67 26 1
8 84 4
28 47 8
20 79 5
73 5 5
44 30 7
61 88 3
41 67 8
40 5 0
85 75 0
4 8 2
12 54 1
83 35 5
14 28 3
64 99 5
53 22 5
44 52 6
26 47 6
63 93 1
88 42 3
24 15 5
73 68 6
79 69 2
12 47 0
99 56 5
27 57 3
82 97 0
96 84 7
12 49 6
44 49 2
39 53 0
11 82 4
50 36 8
69 4 6
78 47 3
19 3 7
99 42 3
52 74 1
56 16 6
66 82 6
39 44 6
7 68 4
54 39 3
76 5 3
53 81 6
3 66 1
61 13 8
84 53 8
19 95 1
36 45 5
27 4 1
66 34 4
90 57 4
64 96 3
98 49 1
64 61 5
73 1 7
28 19 1
14 43 4
37 63 7
27 5 7
83 68 2
2 24 1
54 27 7
48 66 5
80 46 1
50 44 2
80 88 2
35 59 7
34 63 3
83 18 6
72 67 7
8 29 0
100 82 2
69 3 5
81 38 5
73 91 2
59 70 5
86 43 1
66 62 1
25 16 8
76 39 1
77 2 4
10 4 1
77 19 5
98 93 1
67 68 4
61 20 7
99 19 0
3 30 6
45 12 5
51 26 7
91 14 7
77 62 4
25 3 0
40 61 3
79 40 0
68 45 1
31 42 3
53 99 7
33 7 2
43 41 1
75 49 2
33 72 6
58 74 7
46 57 4
22 72 4
63 60 7
50 52 7
74 49 5
84 93 4
72 38 3
7 49 0
24 78 2
44 6 8
43 11 7
76 99 8
95 4 3
100 60 5
29 61 7
98 62 8
91 79 8
21 1 8
36 9 4
61 44 8
87 36 8
95 51 6
62 16 6
49 96 4
61 56 1
20 85 7
64 92 1
95 67 4
37 77 1
56 28 3
14 80 7
90 24 6
2 28 8
68 29 4
14 27 7
41 86 5
35 43 4
4 60 1
16 19 1
24 48 2
82 95 5
45 66 1
77 40 4
79 23 0
41 37 1
5 53 0
33 99 2
36 39 1
48 30 8
22 21 7
33 56 5
65 24 4
58 20 7
7 12 1
84 29 8
23 15 3
92 45 3
41 15 8
46 64 1
42 26 3
64 79 0
66 42 3
40 6 6
6 73 6
17 90 2
85 24 3
3 15 4
67 19 1
64 34 8
93 4 6
10 35 0
61 99 8
2 62 7
1 68 3
8 22 7
81 23 2
25 27 8
23 45 3
34 50 3
100 64 8
55 9 4
6 66 5
33 29 6
24 98 2
42 45 2
92 62 0
41 33 1
78 38 0
32 82 8
38 7 6
69 49 4
82 34 2
17 75 0
90 54 6
1 41 2
15 10 1
98 78 4
78 99 5
94 37 7
44 42 3
32 20 1
62 26 3
19 8 6
82 46 5
87 71 7
100 93 5
28 20 6
100 70 5
88 47 3
48 70 2
63 48 5
89 11 2
93 16 2
61 6 2
55 59 5
11 40 7
18 59 0
56 84 1
56 40 5
95 97 1
4 74 3
38 56 2
87 51 3
96 63 3
46 87 4
37 55 6
32 59 3
74 20 3
60 46 1
54 38 2
35 54 3
91 45 4
8 73 2
73 94 2
5 29 3
14 54 5
74 70 8
6 56 1
60 67 1
94 87 8
51 46 4
53 11 6
61 66 3
98 90 7
75 47 1
39 100 4
62 15 6
85 51 6
59 7 3
37 64 0
86 85 6
98 76 1
16 31 2
8 35 8
54 28 3
6 45 1
6 13 2
17 60 1
13 62 8
70 3 8
27 68 6
94 32 0
7 23 6
4 53 5
66 92 3
82 78 6
91 13 7
9 8 4
30 1 5
68 59 1
33 100 5
40 17 7
13 36 2
81 89 1
43 89 6
79 21 1
79 4 5
49 95 8
93 85 5
88 81 7
39 59 5
85 54 6
22 84 7
18 6 6
22 58 0
25 75 1
51 11 4
83 33 4
35 55 0
99 50 5
67 13 1
66 87 6
45 39 4
55 77 5
78 1 6
45 95 4
14 85 6
76 84 4
14 71 2
48 69 6
42 17 4
11 3 1
88 92 0
12 60 7
66 10 1
65 67 3
8 59 8
34 22 5
8 97 8
89 41 3
35 78 6
42 94 8
10 92 6
44 10 5
19 61 4
53 64 4
45 94 7
16 42 3
59 91 4
43 10 2
60 38 7
39 18 2
99 36 8
81 71 8
32 34 2
14 8 4
19 47 1
86 48 0
52 73 0
17 65 0
62 75 3
54 64 3
78 27 0
89 79 0
63 16 5
42 13 5
47 98 2
54 6 8
89 57 4
80 51 5
21 48 6
24 97 5
11 91 7
14 86 1
32 25 6
47 87 1
79 59 1
14 88 2
8 13 8
49 92 8
100 47 3
24 12 4
33 74 8
34 38 3
8 43 5
37 61 2
14 15 0
44 89 2
66 9 4
1 9 1
3 83 8
90 9 8
75 81 4
71 6 2
86 8 6
17 7 0
70 26 0
56 9 3
38 31 2
51 84 6
51 48 1
77 93 4
72 63 3
55 96 3
68 20 7
2 6 0
70 16 5
25 57 2
49 62 0
76 26 1
42 53 6
83 91 0
23 36 5
73 82 7
22 83 6
37 65 6
29 62 7
6 96 5
42 35 7
30 61 8
69 24 1
50 19 3
22 29 4
99 23 4
38 21 5
86 3 8
44 65 0
95 20 5
96 29 7
59 11 3
13 5 3
86 35 4
85 5 1
79 63 8
82 98 5
54 17 6
32 72 8
46 90 1
81 99 2
15 45 0
69 21 2
46 19 1
70 53 4
100 29 0
93 68 6
27 17 6
90 45 3
7 91 3
70 87 0
100 10 3
47 41 1
81 25 4
80 25 7
53 68 0
76 29 5
92 68 4
78 85 0
89 19 1
69 75 0
39 96 1
24 1 3
84 27 3
77 1 4
32 68 1
23 29 2
34 14 7
71 85 1
38 18 7
67 76 7
49 1 0
51 70 7
18 47 2
4 71 7
8 38 5
9 59 2
75 89 8
17 1 6
53 15 6
52 83 2
7 75 7
100 7 3
81 49 5
80 18 7
22 74 6
15 54 3
49 37 5
78 75 3
32 48 0
61 41 7
19 17 2
11 58 7
88 17 6
92 23 8
6 63 3
39 10 0
66 49 8
27 66 6
22 64 3
3 9 6
64 2 1
72 54 4
4 80 0
28 90 8
76 3 5
47 16 5
33 40 8
7 94 8
23 89 2
58 92 4
15 91 2
35 5 5
10 33 3
43 19 8
7 86 0
82 3 2
74 40 2
58 100 3
85 17 8
6 43 1
61 1 2
50 83 4
7 26 2
5 68 5
2 70 5
24 41 1
20 82 2
55 1 4
64 41 5
30 26 0
59 54 2
96 57 3
35 20 8
86 69 7
68 49 1
17 64 0
23 86 5
21 16 7
35 12 8
58 28 7
1 20 5
92 51 1
8 62 8
80 61 2
21 5 4
81 41 5
22 15 3
61 68 4
85 55 2
70 67 3
17 48 8
25 11 2
19 83 8
68 4 7
79 27 6
71 7 1
49 89 0
83 56 6
81 34 5
83 61 7
85 29 6
32 51 1
66 99 8
95 40 8
7 20 8
44 79 1
28 76 5
77 9 2
100 88 4
58 35 1
32 93 0
38 41 4
84 5 3
54 76 7
54 77 2
97 30 6
77 42 4
92 11 6
96 21 8
69 58 6
34 25 5
86 89 7
3 91 6
92 96 7
4 75 2
52 56 7
58 16 8
4 29 8
64 35 4
97 16 0
41 90 0
98 89 7
71 27 3
82 28 6
67 40 1
84 26 0
34 55 3
47 90 3
46 91 8
56 31 8
84 15 6
74 39 1
61 92 1
7 56 4
51 17 6
83 63 7
26 75 4
44 31 5
15 21 6
27 29 3
9 31 4
71 67 6
40 51 4
27 16 3
88 20 3
87 50 4
97 66 7
38 89 7
15 46 1
28 15 1
70 62 0
82 19 6
10 98 0
46 8 0
17 69 6
64 74 2
5 2 8
45 78 2
24 8 6
89 87 0
41 99 7
42 90 1
6 14 3
70 10 1
57 28 1
52 31 2
34 16 6
7 45 3
47 81 6
64 12 1
24 31 7
50 93 4
19 6 2
54 91 1
81 32 7
55 62 5
97 51 2
57 100 7
81 61 6
32 60 2
69 15 5
58 79 2
64 76 1
46 98 0
75 14 4
9 12 4
32 23 3
11 7 7
56 14 0
68 38 6
30 4 3
96 46 2
68 90 1
16 32 3
41 76 1
48 58 2
13 9 8
55 15 7
23 2 0
21 53 1
81 14 1
56 2 7
29 30 8
20 13 8
94 69 7
79 11 5
85 82 6
86 46 3
74 53 0
98 70 0
75 9 5
51 27 6
56 63 0
77 49 8
20 12 1
93 3 6
46 52 8
80 83 7
27 81 5
11 83 6
8 20 4
24 94 5
52 81 4
58 63 6
95 66 5
36 85 0
55 4 1
79 24 6
65 74 3
51 94 0
32 65 2
96 38 7
80 47 7
21 78 4
90 19 4
64 20 2
2 86 6
40 70 7
33 87 5
24 51 2
67 51 5
7 43 6
30 16 5
42 47 4
68 36 8
79 57 0
33 9 3
94 83 8
85 50 5
63 42 0
29 40 4
5 89 4
85 89 2
4 5 8
73 99 3
29 16 2
27 34 3
65 27 1
71 63 7
64 15 0
33 34 8
75 86 7
38 70 2
25 15 7
32 37 1
29 91 2
18 25 4
65 79 1
80 43 4
3 12 1
74 93 4
19 31 6
37 35 4
2 47 2
63 49 1
50 10 8
2 82 8
87 64 4
72 39 8
70 25 7
6 78 8
3 52 6
76 30 0
55 91 5
89 33 2
30 15 7
11 54 8
8 27 2
9 62 1
31 32 4
71 50 3
32 24 5
79 36 6
11 37 6
4 98 3
56 50 8
23 31 5
30 24 3
93 78 3
10 91 3
84 11 0
95 55 5
73 14 3
97 75 2
36 82 6
56 96 4
100
272 37 279
873 82 1162
2102 3 3172
2445 20 4320
3428 71 4369
5784 87 5784
5990 77 5990
8320 93 8320
8723 54 8723
9290 76 9290
9507 18 9507
11524 100 11524
11655 39 11655
12915 88 12915
16189 61 16189
18027 10 18027
18368 38 18368
19155 87 19155
19805 92 19805
19973 91 19973
20738 71 20738
20997 55 20997
21160 2 21160
22156 34 22156
22233 50 22233
26184 5 26184
26689 16 26689
27015 58 27015
27153 73 27153
27277 100 27277
27623 85 27623
28529 2 28529
30421 70 30421
30849 55 30849
32429 41 32429
33678 70 33678
34922 76 34922
35982 67 35982
36091 20 36091
36380 25 36380
36545 100 36545
37214 45 37214
38278 9 38278
38316 61 38316
39028 5 39028
40494 86 40494
41501 73 41501
41575 32 41575
41895 99 41895
41902 99 41902
42511 84 42511
45101 86 45101
45133 88 45133
45182 96 45735
46133 70 46426
47066 15 48310
47612 37 48871
48216 66 49409
48295 62 49675
48623 47 50044
49015 93 52017
49143 95 52081
49558 58 52368
51510 16 53020
51820 23 53088
52079 81 54180
52679 86 54229
53840 46 55081
55618 34 56285
55859 91 56885
56387 44 57831
56468 12 58463
56588 3 59914
59007 5 63032
59118 73 63077
59378 100 63190
59449 46 63225
59757 88 65077
59770 81 65803
61408 92 66367
62292 71 67745
64119 78 69040
64447 100 69423
65940 89 69843
66325 15 70381
68732 35 71485
70359 46 71653
70962 5 71931
71097 52 72200
72122 36 73185
74518 68 74518
75989 51 75989
77704 52 77704
78053 44 78053
78460 82 78460
79298 85 79298
79414 92 79414
79599 43 79599
79727 33 79727
79849 40 79849
