100 2970
35 37 3
57 17 3
90 76 3
13 91 6
35 97 0
14 78 3
86 16 8
71 64 8
40 37 2
53 86 4
1 99 1
87 8 8
96 39 8
13 92 6
31 4 5
96 5 6
20 22 4
99 28 2
64 92 0
27 46 0
87 94 8
64 8 3
8 78 2
18 9 1
24 99 8
99 44 4
20 86 2
91 64 4
55 81 1
41 63 0
63 77 8
33 4 5
8 36 0
31 83 6
98 22 7
73 68 2
37 67 6
25 88 5
42 55 4
59 36 5
57 69 6
12 56 1
32 33 8
31 41 0
62 58 2
72 66 7
28 12 1
40 18 6
32 64 8
92 20 4
26 66 6
12 78 4
23 73 0
8 40 8
8 50 2
9 19 3
25 53 7
84 92 7
3 5 8
72 40 6
5 81 5
74 100 4
29 76 2
78 83 4
65 59 2
43 75 8
35 29 2
55 82 2
39 30 0
21 89 1
43 9 8
12 95 6
52 75 7
42 36 7
84 2 1
36 33 4
38 9 5
68 26 1
54 68 1
31 21 2
54 97 4
78 19 5
12 74 6
77 12 2
33 42 6
69 18 1
50 37 6
40 74 0
100 39 5
92 22 0
33 7 8
25 48 7
47 82 3
9 24 8
36 3 2
15 58 7
56 65 2
86 22 2
4 95 3
46 76 0
97 17 1
4 48 7
15 28 1
43 32 0
20 89 7
7 77 3
28 88 7
74 37 6
16 77 4
87 44 3
90 61 3
15 54 6
87 37 1
15 19 1
71 25 2
35 15 3
66 70 8
34 51 8
28 91 5
70 28 4
29 28 8
56 25 4
86 30 1
42 67 6
24 94 8
67 26 2
36 48 2
18 26 0
93 33 4
95 66 5
45 46 6
30 16 6
83 61 3
33 85 6
49 54 6
23 47 7
25 21 3
20 3 1
96 67 4
98 39 6
17 34 3
13 50 6
9 1 0
96 64 0
16 95 2
3 9 7
34 52 3
90 68 5
26 71 7
40 21 6
99 35 8
76 42 0
95 100 4
49 45 5
67 34 8
66 60 1
75 15 7
47 70 2
96 41 0
45 52 8
4 65 0
25 84 3
99 34 4
48 70 7
8 2 3
83 96 4
52 92 4
59 11 6
44 19 1
69 58 1
34 61 2
58 81 8
81 84 5
16 59 5
92 48 4
26 99 5
76 43 3
91 82 0
64 50 3
52 11 3
84 17 0
50 91 8
7 8 4
40 61 1
26 46 1
83 44 7
13 23 5
98 43 5
76 39 0
61 41 0
64 11 6
88 23 0
15 72 6
70 35 2
100 17 0
62 32 1
94 96 7
52 47 8
30 44 5
64 73 4
3 14 4
18 28 6
66 43 3
35 59 0
60 70 5
62 77 2
37 23 4
12 9 5
19 85 6
29 89 1
44 95 2
88 42 4
68 31 3
39 50 3
1 82 5
39 9 4
35 32 5
44 69 8
49 72 5
88 12 4
74 3 6
44 18 1
5 59 3
55 45 2
37 80 5
86 57 7
72 16 1
29 8 0
20 82 4
82 17 8
3 67 4
30 55 2
92 60 1
2 99 3
1 11 0
6 63 6
80 65 1
63 10 5
7 17 8
56 28 6
71 98 8
15 49 8
73 61 1
33 17 6
31 36 6
20 98 1
92 88 8
7 56 5
44 11 0
100 27 1
19 21 8
40 89 8
81 45 8
69 62 7
72 10 5
61 95 0
75 21 7
91 14 1
10 82 5
81 1 8
71 16 7
100 4 6
30 66 4
97 9 0
9 74 4
83 99 0
21 26 8
9 72 6
23 87 0
50 22 3
37 86 5
74 75 3
21 38 5
67 18 3
77 33 7
84 63 1
21 39 3
16 99 4
79 40 4
90 86 6
21 11 6
60 42 2
73 29 7
46 49 3
70 12 7
45 59 1
3 96 6
19 12 4
29 13 2
9 65 1
8 9 2
45 43 4
73 96 8
57 7 3
62 26 3
1 5 4
99 38 7
14 37 5
83 40 5
21 88 4
1 61 0
92 26 4
39 29 8
17 19 1
44 79 2
54 60 3
59 10 4
54 65 0
49 13 0
91 35 5
80 74 6
64 37 2
21 97 6
60 78 1
10 100 5
91 24 1
43 54 0
49 6 2
52 96 2
83 12 8
52 62 6
85 26 8
59 83 6
94 52 7
16 13 3
44 90 5
35 74 4
83 88 0
80 56 8
14 34 5
34 19 1
26 87 0
97 63 2
18 96 7
56 37 3
8 25 6
21 33 2
54 78 7
41 88 7
34 84 7
18 58 4
51 76 7
67 60 8
68 17 4
6 79 7
74 20 1
66 21 4
75 90 7
86 45 1
80 27 0
46 28 1
37 66 1
86 69 3
36 10 6
30 13 6
55 67 2
96 51 0
84 12 3
25 91 4
62 51 6
3 13 7
29 90 1
22 89 3
63 43 3
14 23 3
88 89 7
53 87 3
52 21 2
46 90 2
88 60 3
10 17 4
40 52 7
91 43 2
11 79 5
7 36 1
83 65 5
41 17 2
27 10 0
50 83 0
6 34 8
57 73 7
74 38 2
59 9 7
77 65 4
23 90 7
53 74 3
73 2 3
26 6 2
86 50 3
50 80 8
39 41 0
33 26 2
30 29 8
76 68 6
43 51 7
94 81 4
96 93 3
80 23 3
20 54 1
95 51 4
93 6 1
58 7 0
70 91 5
41 73 6
26 84 8
3 81 4
23 20 8
26 58 3
71 39 5
14 20 8
50 69 4
70 11 6
92 81 7
14 66 0
62 34 8
50 96 0
60 30 4
54 85 7
70 67 5
96 98 6
16 68 6
30 85 4
35 4 0
90 28 7
16 17 8
17 86 2
67 15 7
51 10 0
62 84 4
74 83 0
86 93 8
6 43 4
60 85 7
100 53 7
51 35 5
57 64 0
80 17 0
63 96 0
59 52 2
37 51 8
21 48 3
71 14 8
21 63 7
53 29 7
99 58 4
95 26 0
29 5 3
55 41 8
32 85 4
93 58 1
20 70 3
4 23 8
66 5 4
17 15 3
4 43 0
12 87 3
62 98 2
59 31 7
91 88 6
26 19 5
62 78 6
81 18 3
59 51 8
28 62 6
32 7 3
64 98 4
33 45 3
29 21 5
86 25 2
44 92 8
86 99 7
50 51 8
65 70 0
43 31 5
20 94 3
13 10 8
41 9 7
9 6 6
34 47 0
1 23 1
75 8 4
11 12 3
70 29 1
24 25 0
46 91 7
88 44 1
81 37 0
24 56 5
40 90 5
73 98 0
30 38 8
94 3 2
40 84 0
45 11 4
89 42 5
77 38 3
71 19 4
25 55 7
93 34 0
45 7 2
85 41 1
98 59 0
27 96 6
50 6 5
18 25 2
46 37 3
54 41 4
58 75 2
98 88 8
64 61 2
2 41 2
84 14 4
22 90 4
34 73 5
95 57 6
99 98 6
61 55 3
67 76 7
62 72 7
57 55 2
99 29 3
83 66 2
40 47 0
77 74 0
9 76 1
39 97 3
11 41 7
16 11 3
46 66 6
29 18 8
96 84 5
38 67 2
74 67 2
48 14 6
98 13 1
19 23 3
56 54 2
70 44 3
88 54 6
52 50 5
26 7 7
80 13 1
51 73 2
16 1 5
33 18 2
93 45 4
82 93 7
12 57 5
68 14 4
33 20 8
16 52 7
22 44 3
46 60 8
79 100 0
2 50 6
40 45 1
32 83 2
95 87 3
21 1 8
54 38 6
96 92 5
90 98 0
55 48 2
69 2 3
29 40 8
92 94 2
54 100 0
49 70 3
61 45 0
6 47 5
33 11 5
95 93 6
7 62 1
97 30 3
11 32 2
93 97 1
47 18 7
17 64 3
59 70 3
27 73 7
94 79 3
32 2 5
67 79 5
16 60 5
61 2 3
81 53 3
45 24 5
18 51 0
93 2 3
55 24 2
72 47 4
18 71 7
38 98 5
32 92 4
90 41 0
42 20 2
26 42 1
100 18 6
81 66 1
37 82 3
53 37 2
89 6 5
92 37 1
95 39 1
47 11 7
95 41 0
37 90 7
45 20 4
37 1 5
10 88 4
56 36 0
8 83 1
76 31 7
5 86 0
65 43 8
76 97 0
8 68 3
54 35 4
90 53 3
12 86 5
48 64 2
55 13 2
33 54 7
19 89 6
54 7 6
39 63 5
4 7 3
83 9 3
93 71 1
93 10 3
58 84 7
47 41 1
25 50 7
81 17 5
11 40 8
5 27 1
78 10 6
36 30 0
56 89 8
44 96 4
30 5 3
71 66 2
18 55 0
96 78 0
72 79 6
27 91 7
19 31 8
4 10 1
50 95 4
88 37 0
66 64 8
83 1 8
64 68 0
31 90 4
2 95 7
14 1 0
9 92 7
92 69 7
77 37 6
73 54 8
60 9 3
29 2 2
34 72 2
98 65 2
14 94 4
100 30 4
78 87 8
8 14 3
3 91 1
93 74 8
72 61 2
66 89 5
3 61 1
17 47 7
2 64 3
63 88 1
76 45 2
63 12 4
61 33 8
31 78 5
98 49 5
56 41 0
94 22 6
80 72 5
76 91 1
77 58 1
63 23 6
34 35 6
28 37 8
19 55 0
65 44 6
90 62 7
49 30 0
39 23 4
41 40 8
30 73 3
61 74 8
18 53 8
25 92 6
7 48 6
58 40 4
78 85 8
6 98 5
1 68 3
100 71 2
65 39 0
92 41 3
67 72 1
36 37 1
68 38 6
87 71 2
18 65 7
36 99 2
11 7 7
89 8 3
68 32 4
37 20 4
21 46 3
10 11 4
77 34 4
57 4 5
61 91 4
85 62 1
99 49 8
99 43 0
93 17 6
84 39 6
31 100 8
50 98 3
26 77 3
31 58 8
94 48 7
45 25 5
80 62 3
17 92 8
86 47 5
11 63 8
47 100 8
83 80 5
79 50 5
12 17 5
87 51 1
58 41 6
87 82 2
79 86 7
7 80 1
41 57 6
31 97 5
25 79 7
53 88 2
8 56 5
74 25 0
52 42 3
82 65 1
62 56 1
98 34 5
71 47 5
42 92 8
30 27 6
36 81 2
46 86 2
74 54 8
41 100 8
16 15 8
71 45 0
15 47 2
31 25 7
22 1 4
90 36 2
46 30 7
18 35 8
95 28 2
29 86 1
81 41 4
43 23 7
87 72 7
99 42 0
56 44 2
47 80 3
60 1 4
67 64 6
86 58 4
51 74 2
53 8 3
23 46 0
47 94 1
86 84 6
49 67 3
30 80 2
13 57 7
65 78 1
6 92 6
66 19 1
67 30 3
56 53 4
66 17 6
26 82 2
83 81 3
79 28 8
86 31 1
13 36 4
90 85 1
36 100 7
30 81 7
56 45 6
41 91 1
55 59 3
22 17 2
76 93 4
67 99 8
62 74 1
87 65 4
12 81 2
96 68 7
81 38 5
93 21 4
36 35 5
64 62 0
89 45 0
26 37 1
28 25 5
60 43 4
35 64 7
24 52 2
9 85 8
78 26 6
70 16 4
58 96 3
90 63 2
1 78 5
7 98 6
94 23 1
88 31 3
2 83 6
27 36 7
17 32 6
12 31 5
81 49 0
13 100 4
30 12 6
26 90 6
55 4 1
15 26 2
23 7 3
71 78 0
29 93 0
61 36 5
34 42 7
91 93 3
34 45 3
57 25 1
27 78 4
42 11 7
52 44 0
8 4 3
94 39 2
29 16 6
29 78 4
100 68 5
19 92 1
45 29 6
47 66 4
51 49 6
30 61 3
3 17 5
86 68 0
47 98 6
58 56 4
38 75 7
55 50 5
28 2 8
12 6 6
47 31 7
22 19 8
83 4 4
38 71 6
62 53 5
78 25 1
21 34 1
45 95 5
4 29 3
79 62 8
27 3 3
49 75 4
47 62 6
65 31 1
79 56 3
6 7 2
25 14 1
61 82 6
8 100 6
58 80 6
34 26 5
12 50 2
18 84 7
77 47 0
56 99 8
18 90 7
37 75 7
8 51 7
39 17 4
12 58 4
80 92 0
51 54 2
54 37 5
21 79 8
49 87 6
4 13 8
71 73 1
2 66 1
4 30 0
60 57 6
75 30 0
10 14 8
10 86 0
27 4 6
48 82 0
17 1 7
79 8 4
91 63 4
51 99 6
24 1 6
66 34 0
93 73 1
94 99 2
21 91 1
77 82 2
76 98 7
5 92 2
3 63 5
5 88 8
44 36 4
41 19 5
1 51 7
31 49 2
38 59 0
4 80 3
75 56 6
62 81 3
6 46 1
28 50 2
66 76 0
67 86 4
83 21 5
55 88 8
51 22 6
24 3 0
91 31 0
62 96 5
15 23 2
91 36 6
92 95 5
79 30 0
76 15 0
31 2 4
56 47 6
94 62 4
84 30 4
99 20 0
36 86 7
77 21 4
71 57 7
91 51 1
68 21 0
63 2 7
39 16 2
45 26 3
42 65 0
17 99 6
75 35 2
93 49 1
85 72 7
18 85 7
8 35 1
54 42 6
4 70 8
21 8 4
72 94 1
31 60 1
9 13 6
14 47 5
84 54 8
91 39 1
18 7 2
56 9 4
61 39 1
10 96 1
64 7 6
17 20 6
17 83 1
42 16 6
62 48 2
55 68 6
42 39 5
39 79 3
25 81 5
29 75 8
67 21 8
61 76 6
63 56 2
44 97 5
43 64 8
95 55 3
34 83 2
36 21 8
75 51 7
22 80 2
11 22 6
60 2 1
54 31 0
69 64 6
31 94 7
53 6 5
8 92 6
16 23 8
17 8 5
7 35 6
36 9 0
85 81 3
80 5 2
10 43 0
81 91 2
24 10 8
57 31 6
100 80 7
100 11 0
57 10 3
52 39 5
66 36 0
88 77 2
35 11 8
45 91 7
19 63 7
85 39 7
80 57 4
43 2 5
94 15 5
21 32 6
2 5 3
1 4 0
86 94 5
43 89 6
73 72 8
52 67 5
77 42 1
79 64 4
90 45 4
12 69 4
74 97 5
90 83 3
77 43 3
52 65 7
26 73 0
74 73 5
61 35 4
57 77 4
4 52 3
71 20 7
12 76 4
96 37 3
69 14 6
30 41 6
31 35 1
12 5 7
55 86 8
14 97 1
32 39 6
80 70 2
46 93 1
29 47 6
91 72 3
88 3 3
80 96 7
6 69 0
57 90 1
46 29 8
19 42 0
72 98 0
26 63 5
79 58 0
28 11 1
79 17 1
42 31 8
96 4 1
39 7 6
71 77 6
46 94 4
48 77 3
91 92 6
92 62 0
74 4 4
94 63 7
60 59 5
84 38 7
59 26 4
40 68 0
37 76 5
73 28 1
28 86 6
84 90 8
3 35 1
76 79 8
82 45 4
22 38 5
12 53 2
27 49 4
79 49 2
65 58 5
21 60 2
11 55 7
60 34 0
15 59 4
26 44 3
38 37 2
78 80 6
31 95 0
84 97 5
79 61 1
43 1 6
36 96 5
27 57 0
54 18 3
20 73 6
21 30 6
52 70 5
70 37 3
79 32 2
46 75 1
88 51 3
6 88 2
69 24 8
60 86 1
35 69 2
92 57 7
88 17 7
18 66 1
100 20 1
20 24 7
75 83 0
24 60 5
52 100 6
96 2 3
32 61 3
9 84 2
3 37 1
35 96 1
94 90 7
32 27 1
53 41 4
89 27 0
53 32 6
87 2 0
40 56 3
1 86 2
15 46 8
51 86 0
20 76 5
97 65 7
54 67 2
94 6 0
35 53 1
24 26 1
48 56 2
66 74 7
25 70 4
16 57 8
59 88 4
33 65 8
46 80 4
87 11 6
73 31 4
76 52 1
5 48 4
35 26 3
42 79 5
75 5 0
89 10 7
4 25 0
85 82 3
57 84 5
43 85 5
52 28 7
30 62 8
78 72 7
26 61 2
55 51 3
87 57 2
89 24 2
47 13 2
35 81 1
78 3 7
79 9 4
66 11 1
58 49 4
63 67 7
56 20 0
16 75 5
86 88 5
59 80 5
44 32 8
63 83 4
21 12 0
39 56 1
99 48 3
36 64 6
68 44 0
50 3 1
33 37 0
72 44 0
22 66 7
100 77 0
71 74 2
65 17 6
91 79 2
32 15 1
39 36 6
22 75 0
61 93 5
21 80 0
47 75 8
43 13 6
39 78 7
3 46 0
25 3 3
59 28 6
11 92 3
34 22 2
84 10 8
69 67 5
57 93 1
83 67 1
90 15 7
71 63 8
50 76 4
60 12 2
6 11 7
88 57 4
65 75 1
34 29 2
80 85 2
75 18 8
80 64 6
4 44 5
5 82 1
94 36 5
71 6 6
32 41 7
31 33 1
27 16 5
17 46 6
12 67 7
92 82 0
73 90 2
95 29 3
55 33 8
95 60 8
14 28 8
41 28 2
28 97 5
95 78 1
98 75 3
37 71 6
16 48 0
92 83 3
29 1 2
36 74 8
57 48 0
16 53 0
61 86 7
3 80 0
24 8 4
60 49 0
68 97 8
26 57 7
81 6 4
40 85 5
35 90 5
14 4 6
72 95 3
54 3 4
26 74 5
11 13 5
4 85 3
54 17 5
41 22 2
59 13 5
58 87 5
69 5 2
5 58 2
68 91 4
4 17 5
2 24 5
67 95 6
64 44 6
65 14 2
85 47 8
52 55 2
75 76 5
30 28 2
76 38 2
81 51 4
53 54 4
91 48 4
24 88 4
79 75 2
81 80 2
93 8 7
68 95 4
63 54 1
59 27 4
13 48 0
20 97 6
29 72 4
85 59 7
39 33 8
17 58 4
82 30 7
76 30 1
28 65 2
40 48 2
86 43 1
85 84 2
18 60 0
26 48 5
63 42 1
20 18 2
37 60 7
85 66 2
67 61 6
11 24 0
64 93 4
69 55 2
16 76 0
81 33 7
29 96 7
66 51 3
37 58 1
50 20 2
41 24 3
75 73 4
17 63 7
86 83 1
94 80 4
61 7 0
91 87 0
88 22 6
5 15 0
1 73 5
20 64 8
94 65 1
56 14 2
40 76 6
84 71 3
79 23 6
22 16 5
68 12 5
5 94 4
98 25 5
56 6 8
41 45 6
87 20 4
67 8 8
14 38 7
53 2 8
2 48 5
95 7 1
83 6 4
87 32 2
72 30 0
18 99 3
70 69 5
31 45 4
81 21 4
77 85 2
28 4 0
58 32 8
95 85 7
80 1 7
78 43 7
85 76 7
66 75 2
47 5 0
64 10 7
63 78 5
99 84 1
95 35 7
49 7 5
93 47 4
99 79 1
68 56 2
5 41 8
60 63 5
1 95 8
20 27 0
98 44 8
57 50 5
39 54 6
66 54 7
47 4 4
57 47 6
29 52 0
18 41 5
13 74 0
96 7 8
65 13 8
64 4 6
40 13 4
24 74 4
29 33 0
100 75 7
86 64 7
97 95 1
61 49 1
92 35 6
67 81 1
44 57 7
22 30 6
69 85 0
21 20 5
14 99 3
62 75 4
91 77 8
85 97 3
5 17 3
21 96 7
41 64 2
95 22 2
52 5 3
45 60 1
5 46 3
8 30 1
59 91 1
79 7 0
47 90 2
82 31 0
9 62 2
64 82 7
23 78 7
69 93 5
14 92 4
32 57 5
56 11 7
17 59 2
24 100 3
54 70 6
81 75 2
33 6 8
81 56 0
40 27 8
65 37 2
83 68 3
87 80 3
58 24 5
38 29 4
10 99 6
82 24 8
56 49 6
86 72 7
69 7 0
26 94 4
3 43 6
9 90 2
94 55 6
76 82 2
100 76 2
25 52 7
34 7 4
93 35 3
25 97 0
42 75 8
38 20 2
60 38 4
21 59 0
97 43 6
69 82 7
61 20 7
46 10 1
47 1 7
83 36 3
97 7 4
32 9 3
50 81 6
66 55 3
66 25 6
60 68 0
38 36 8
49 26 3
53 39 4
13 20 4
2 16 2
5 51 3
58 8 5
52 82 4
38 10 8
20 65 4
3 68 2
39 51 3
26 2 3
28 42 8
81 99 4
24 79 6
32 78 8
25 6 6
10 45 0
99 71 8
51 82 3
83 46 5
85 20 6
97 15 2
96 71 5
75 80 4
32 4 7
77 49 5
8 77 7
53 70 3
74 89 7
91 17 5
90 5 2
32 45 2
36 98 1
4 67 8
56 83 8
65 71 4
91 80 5
21 84 7
98 45 2
98 78 7
24 51 1
69 34 8
69 71 4
11 72 2
79 89 8
12 54 2
68 36 8
65 84 8
38 58 5
34 85 7
1 70 8
2 89 4
78 33 0
75 41 3
69 56 4
64 39 3
74 91 0
12 82 4
94 76 2
28 61 5
71 52 3
91 23 0
88 65 5
67 93 8
52 1 8
20 49 2
58 21 0
55 62 1
13 45 6
46 95 7
17 87 4
75 85 2
28 5 8
46 100 1
59 58 0
30 68 6
55 49 0
23 71 4
37 59 8
98 57 2
66 100 0
72 76 5
98 28 8
73 37 4
60 7 8
8 20 3
27 98 7
33 51 3
16 90 2
48 100 3
95 30 2
19 33 7
30 83 5
5 18 5
74 7 3
44 58 2
76 27 5
64 9 8
2 56 8
51 63 1
6 67 3
19 58 4
37 57 4
95 33 1
60 32 6
92 65 6
90 74 5
87 73 3
99 54 2
55 27 2
68 87 4
49 100 4
46 47 0
44 3 5
91 6 7
2 90 3
29 22 0
6 77 1
10 70 3
56 95 2
41 98 7
18 62 2
71 89 4
22 99 0
35 58 4
27 21 3
57 39 7
22 13 5
89 69 2
24 12 3
44 82 7
93 66 2
18 49 7
90 49 5
88 75 7
41 94 6
7 24 4
84 52 8
43 72 1
74 32 8
92 21 3
11 25 7
28 68 3
47 95 6
79 51 2
81 44 0
55 16 0
53 67 8
97 83 5
23 44 6
69 72 6
19 76 1
13 96 3
7 43 3
2 88 6
57 42 2
100 89 6
13 87 1
83 24 5
61 70 8
9 25 8
96 60 1
93 18 0
8 6 1
4 86 1
13 66 0
100 98 7
25 30 8
100 85 6
14 90 3
47 64 0
60 27 1
92 1 1
99 78 1
38 4 1
67 98 7
80 61 7
92 2 6
79 4 6
18 88 5
69 25 5
48 79 6
18 43 1
2 36 3
69 91 8
21 99 8
33 27 1
44 5 4
74 57 3
70 43 6
29 97 2
39 3 4
15 53 4
98 14 7
70 57 7
76 17 3
69 78 5
71 55 8
41 42 6
70 83 2
62 3 5
4 42 4
73 53 4
99 65 4
79 60 8
39 72 4
78 52 6
19 72 8
79 71 1
76 6 5
62 13 8
27 79 8
93 7 6
91 58 5
94 13 8
34 88 6
67 25 4
42 74 1
56 34 1
72 12 0
21 14 4
39 4 7
93 80 3
20 60 5
35 79 5
97 10 3
56 55 7
87 98 1
28 40 5
10 83 8
49 66 0
5 22 0
20 16 7
86 63 2
78 16 3
67 68 6
96 42 4
78 61 6
97 87 2
45 88 0
46 55 8
13 93 2
13 26 5
5 63 6
40 24 4
85 14 0
71 29 3
65 60 0
30 3 0
12 55 8
61 60 8
86 48 4
9 51 4
55 87 3
67 2 2
29 19 8
16 38 3
52 77 0
76 57 1
74 68 6
92 34 0
49 53 8
13 53 4
87 50 1
5 23 7
76 56 5
8 22 6
84 8 2
95 65 5
5 42 0
18 89 0
25 77 2
100 3 8
6 39 6
10 7 0
85 99 8
51 67 5
81 77 8
25 95 5
65 72 8
4 15 7
46 79 7
33 43 0
16 51 2
4 66 2
11 90 0
28 43 4
55 97 4
32 90 6
8 34 8
32 77 3
79 82 4
29 15 6
21 87 3
48 52 6
34 57 2
17 37 7
28 9 3
40 31 5
1 90 7
87 47 1
69 96 5
4 53 5
28 23 0
26 81 6
44 63 5
72 26 3
99 53 2
29 94 0
39 26 5
83 62 4
76 14 1
99 91 8
21 82 1
55 80 8
92 77 2
56 60 4
52 60 5
70 24 8
42 18 7
94 34 4
14 81 8
100 5 7
14 46 3
67 11 3
57 56 8
77 94 6
77 41 5
38 64 6
23 61 7
34 43 5
80 28 2
83 82 8
10 19 3
38 1 5
22 39 7
58 61 6
64 77 7
67 48 8
75 32 2
47 69 3
59 79 6
52 95 5
59 78 5
52 81 8
39 89 4
90 88 5
87 88 7
49 71 4
69 8 5
55 23 2
83 48 6
57 67 0
50 63 0
63 37 0
81 10 3
95 21 0
79 31 7
8 88 1
49 64 2
99 25 1
14 32 1
40 43 1
76 33 4
5 77 5
58 20 5
39 67 4
69 95 7
64 56 1
96 46 2
2 35 2
50 33 4
52 98 6
12 7 0
98 82 3
100 23 1
9 93 6
69 22 2
98 69 7
53 94 5
22 60 3
57 15 1
98 19 7
68 71 1
45 2 6
71 76 5
28 7 0
29 66 6
14 43 5
61 19 1
39 99 1
88 85 3
95 90 1
53 50 0
42 70 1
22 46 2
52 32 8
20 96 8
10 53 4
37 19 2
54 6 5
5 85 2
95 82 4
22 31 3
85 45 8
66 31 1
99 8 8
29 80 3
49 19 2
65 29 6
68 42 1
53 63 7
52 63 4
11 54 3
4 59 8
89 4 6
89 31 0
57 2 1
14 17 3
54 29 6
14 74 1
70 97 7
65 61 7
37 41 5
89 12 7
80 20 2
58 1 2
39 74 0
32 12 5
49 29 4
91 97 8
71 53 5
84 45 5
98 46 0
10 16 5
3 93 7
80 42 0
98 5 3
88 67 5
39 75 1
94 61 0
100 37 7
53 93 1
3 79 5
55 60 7
98 30 4
9 37 3
33 73 6
74 11 6
52 38 0
28 39 8
58 6 7
88 15 5
94 98 6
95 38 2
42 83 5
35 14 5
39 60 4
11 49 6
20 69 3
48 17 8
80 40 0
54 5 3
21 24 8
52 15 4
59 57 3
20 55 8
52 20 3
4 26 7
34 96 4
71 36 2
53 9 2
40 50 3
62 76 6
34 82 5
69 49 6
56 86 2
31 18 1
46 12 0
36 12 0
20 32 3
73 22 2
65 11 5
72 75 0
84 6 6
50 36 2
79 96 0
52 68 0
37 15 2
91 20 7
12 1 4
58 46 0
89 36 3
93 98 8
77 3 5
82 7 5
49 48 6
3 66 2
91 52 0
42 49 4
26 17 0
23 12 7
14 9 5
46 19 5
84 94 2
90 64 3
38 48 4
78 18 6
37 18 5
21 61 0
9 45 2
56 70 7
74 50 4
99 4 3
6 61 2
89 99 1
98 11 6
81 23 1
21 7 8
59 12 3
36 82 3
14 5 2
27 53 3
16 8 4
91 34 3
86 77 4
34 41 2
10 31 5
28 67 7
55 77 3
83 29 7
36 19 6
28 51 1
96 61 1
46 74 3
64 29 4
32 97 2
25 27 6
5 64 0
29 10 8
100 84 2
39 31 0
77 70 8
54 40 1
60 75 2
79 68 2
17 13 1
78 94 0
62 11 5
88 38 8
77 69 6
48 97 8
30 35 6
56 88 2
64 23 1
94 70 5
42 85 3
25 38 0
57 18 3
86 6 4
37 42 7
35 68 2
67 62 1
99 60 5
15 42 5
49 57 5
70 75 8
24 23 2
3 95 1
95 88 1
35 42 3
95 40 6
65 46 7
30 14 8
76 84 8
24 92 5
87 70 0
48 51 7
16 74 3
52 88 5
98 60 5
56 33 0
76 87 2
50 21 3
74 15 2
70 40 8
85 37 4
26 20 2
18 12 4
100 35 1
42 46 2
37 30 5
65 32 4
43 67 7
53 36 1
61 8 0
4 21 3
4 49 6
60 71 1
28 81 2
30 63 2
79 14 8
67 85 4
69 63 5
54 52 7
74 85 4
30 43 2
51 45 5
46 85 2
68 93 6
73 21 5
16 83 0
78 5 3
30 88 0
81 90 8
94 73 6
91 85 4
18 63 8
17 71 0
65 74 0
33 66 6
1 18 6
82 58 7
22 64 0
26 100 3
5 16 0
54 90 2
28 89 7
48 76 1
29 3 4
1 84 8
2 18 0
62 8 4
79 29 5
50 35 7
26 64 2
32 72 6
77 19 6
3 75 7
73 39 8
75 54 1
18 72 3
74 17 7
43 22 0
63 8 5
35 65 3
59 81 3
8 23 3
61 100 3
19 5 8
61 54 2
2 22 6
8 39 5
12 79 6
6 82 6
27 74 7
61 13 2
78 38 0
70 36 2
18 32 6
54 50 4
83 25 5
97 98 3
47 8 2
47 10 2
10 98 1
79 55 3
8 81 0
3 73 8
94 12 0
79 10 5
76 69 6
4 41 6
91 40 6
57 30 6
96 19 0
72 82 8
66 90 4
55 31 0
95 18 8
83 22 4
100 42 0
25 54 6
44 46 0
79 34 0
100 87 3
59 77 8
26 16 2
27 13 2
47 96 3
48 23 1
25 12 1
89 93 6
3 71 1
16 49 2
100 78 4
73 14 1
42 23 4
22 23 0
40 71 2
23 85 2
25 36 6
98 54 4
74 6 3
39 20 0
81 69 8
10 32 7
12 93 5
41 13 7
57 46 3
8 91 8
1 77 0
2 19 1
16 67 8
11 26 2
25 96 4
82 9 2
38 35 7
19 13 8
75 33 3
48 33 0
13 86 3
11 36 5
19 8 2
3 28 0
27 56 6
54 1 5
51 41 8
100 57 0
32 93 8
73 69 4
15 77 1
84 53 0
13 82 2
11 97 3
7 46 3
28 24 6
98 74 8
70 79 2
26 54 8
93 79 6
40 98 0
32 51 4
15 63 8
35 60 1
32 29 5
8 70 6
12 100 1
7 5 8
2 58 3
49 95 6
5 84 2
8 15 1
72 54 6
73 5 8
53 45 8
77 90 3
31 87 0
69 79 2
64 19 3
88 19 7
50 82 6
63 31 3
78 90 4
44 51 2
53 64 2
22 33 2
61 38 4
6 19 5
43 46 2
78 92 0
1 8 6
88 76 3
22 27 5
99 75 7
94 85 6
92 16 7
61 10 3
77 56 4
60 58 3
41 7 4
22 15 0
44 9 7
35 12 5
12 66 1
35 55 3
35 77 8
25 23 2
6 5 0
53 76 0
74 82 5
74 94 3
27 63 5
8 90 3
79 38 0
28 66 6
79 22 2
100 72 1
77 66 0
12 97 2
92 50 7
97 13 3
17 18 3
83 5 5
7 20 1
48 53 1
6 41 8
19 67 6
61 27 4
6 14 0
62 39 7
14 39 5
91 26 4
51 64 3
100 38 0
63 32 7
23 29 0
96 59 3
63 66 8
88 74 6
12 92 3
59 90 1
59 86 6
31 69 3
43 42 0
41 82 1
60 36 7
67 78 3
88 16 0
26 56 6
11 17 3
86 8 7
23 56 7
29 69 6
69 26 6
54 4 1
46 8 2
42 90 2
87 7 7
14 60 7
2 25 6
43 74 8
39 5 7
100 1 6
73 97 1
10 54 0
64 6 8
27 95 6
59 74 4
87 62 2
16 44 2
10 23 7
62 65 2
81 73 2
39 13 2
81 22 4
62 12 3
11 76 2
84 64 3
59 73 3
30 90 0
19 25 4
39 44 1
11 83 6
9 35 2
19 79 4
57 53 1
98 21 3
55 40 2
23 86 4
47 55 0
29 11 8
62 23 0
96 87 0
31 71 4
91 86 7
32 13 1
39 2 3
81 82 0
70 89 6
88 26 7
49 47 3
41 66 4
3 59 0
43 41 6
48 60 2
95 53 7
10 95 7
21 86 3
40 34 3
40 25 6
79 66 2
58 95 1
33 46 2
27 83 8
14 95 0
81 16 5
79 41 4
17 77 1
100 55 7
43 71 5
24 44 1
28 34 8
93 75 1
91 94 3
42 97 6
88 94 7
50 88 5
89 72 2
25 61 0
31 27 1
61 18 0
30 93 6
47 99 7
83 39 7
62 99 0
49 39 1
11 93 1
20 19 3
89 51 7
82 53 7
86 80 2
69 42 3
94 44 2
91 16 3
84 61 6
85 79 5
18 70 7
99 55 5
73 76 0
35 82 6
65 3 4
64 18 4
99 93 5
35 66 8
83 26 5
33 13 2
30 58 1
37 16 7
95 75 3
48 66 0
65 23 0
14 59 6
54 86 0
46 24 8
35 23 2
84 55 5
25 22 6
7 94 8
24 22 1
15 51 5
45 19 3
7 38 5
66 8 3
89 59 1
81 32 4
68 61 4
33 91 6
60 100 5
10 41 8
75 13 6
27 29 8
62 82 4
58 85 4
65 76 4
17 43 8
95 34 3
57 81 4
3 56 1
49 38 5
25 76 8
35 39 3
50 30 1
13 35 3
74 28 4
38 34 3
33 80 2
63 40 1
36 63 6
9 99 6
53 28 8
78 88 5
39 59 5
20 75 5
44 100 8
25 41 2
28 60 8
70 81 5
65 67 4
4 56 4
80 26 6
18 59 6
96 24 0
28 31 1
63 24 3
46 36 5
27 39 1
89 75 7
77 75 4
94 1 7
22 52 7
6 55 6
88 61 1
42 32 1
84 82 0
45 79 1
50 42 8
56 66 3
97 23 0
15 78 2
20 29 0
52 31 6
38 15 2
55 53 3
92 33 5
84 95 3
59 99 7
74 8 3
7 91 0
98 4 8
95 32 5
7 100 2
27 47 7
36 69 4
68 9 3
61 56 2
87 77 0
51 7 2
37 10 7
48 27 8
2 72 1
48 87 2
70 14 5
78 24 7
34 50 2
61 24 4
76 99 1
71 61 4
62 33 2
12 75 4
71 46 8
5 40 6
58 33 6
20 28 5
51 11 4
72 55 7
79 74 1
26 65 6
71 11 6
11 82 3
20 46 7
89 64 2
14 80 8
10 66 4
3 53 8
27 92 6
59 20 0
55 8 1
26 50 4
56 71 4
68 66 2
82 73 3
72 60 7
55 32 6
25 39 2
93 5 1
37 24 5
46 73 2
81 71 4
61 77 5
71 33 7
71 67 0
79 88 0
44 28 5
17 28 4
68 69 4
43 19 4
96 86 1
25 44 5
97 92 2
36 55 1
54 92 5
61 47 7
56 18 2
48 45 7
70 51 8
86 70 7
13 15 4
3 92 7
73 89 1
16 40 2
89 48 8
83 52 0
6 18 1
36 17 6
75 91 1
54 28 6
21 54 7
85 50 2
99 66 1
33 24 2
7 83 8
62 22 6
21 23 5
8 38 5
27 94 7
26 89 8
88 93 5
12 49 4
100 94 2
1 2 2
49 65 6
12 99 2
2 3 3
27 81 4
43 59 4
82 19 0
61 52 0
55 63 6
55 2 4
22 26 8
29 61 7
51 68 2
81 4 0
35 67 6
33 28 2
73 43 1
15 80 3
21 51 7
96 26 8
84 98 8
25 46 5
26 51 1
31 15 8
97 67 4
32 100 5
42 21 7
89 54 6
21 3 5
2 97 0
13 24 6
19 54 2
98 29 2
45 67 3
23 84 6
49 76 6
76 77 2
35 56 4
97 79 5
32 3 5
58 50 1
26 1 6
85 98 3
96 54 1
5 56 2
16 24 0
67 66 1
42 62 5
64 52 8
52 73 3
78 6 0
24 67 1
53 65 4
47 92 8
34 74 6
41 50 2
46 61 5
97 45 7
55 90 1
19 28 7
15 100 8
88 49 1
78 22 7
41 20 1
23 53 8
44 60 5
57 68 7
79 15 4
31 17 0
45 83 4
29 24 2
96 38 6
33 15 2
55 38 3
46 77 7
9 96 3
7 50 4
77 79 2
6 2 5
2 40 2
76 23 1
97 19 3
75 92 5
21 53 8
67 40 3
95 91 3
76 63 7
66 80 7
45 4 7
82 2 5
23 52 8
93 70 1
83 69 6
61 89 3
35 98 4
21 64 8
53 59 4
98 23 3
67 14 5
50 66 5
66 88 2
16 6 2
12 38 2
1 91 3
18 68 0
20 6 6
54 45 4
100 33 2
11 95 5
25 43 1
5 4 4
25 59 8
67 80 5
59 68 0
30 33 2
58 47 8
8 28 4
7 53 1
62 15 3
63 64 5
85 48 7
38 69 7
74 21 6
93 31 6
27 58 0
66 57 5
26 75 3
95 96 2
70 26 5
11 43 0
8 26 3
57 94 8
41 60 0
53 96 3
27 35 6
96 77 3
46 84 2
81 24 7
97 24 0
89 14 7
47 81 8
68 70 2
74 19 6
89 55 8
96 8 4
89 33 0
48 75 4
95 8 6
33 98 1
24 98 2
45 21 2
98 37 7
35 16 0
5 65 2
51 94 1
34 58 5
27 75 1
34 5 0
40 60 0
72 51 7
14 58 7
88 84 2
69 43 7
77 39 8
43 27 8
81 48 1
75 67 1
12 44 2
12 2 6
10 67 5
58 10 2
78 66 8
30 48 2
79 2 6
6 37 3
44 89 8
87 59 1
11 20 6
32 69 6
99 77 6
71 91 7
54 71 4
77 68 4
64 74 5
64 1 6
32 1 8
4 36 2
17 90 5
51 98 2
20 53 4
76 21 8
71 95 3
71 62 0
80 51 8
62 93 5
64 100 2
53 22 3
22 61 6
44 49 1
43 24 4
65 50 6
78 48 1
76 1 0
74 31 3
16 43 3
88 96 6
28 32 5
3 16 3
77 80 8
29 85 2
21 28 8
49 5 2
61 85 0
15 34 6
7 22 6
83 28 8
66 98 1
69 1 0
96 55 8
49 63 6
24 95 8
84 89 5
62 54 4
47 32 0
71 13 2
93 40 7
2 37 2
47 2 6
14 82 3
79 83 0
21 55 0
99 87 2
34 36 0
99 13 8
21 47 2
85 10 3
41 72 4
55 98 4
70 32 6
19 60 6
42 8 7
39 66 0
13 12 6
65 45 2
51 65 5
89 5 4
11 50 0
89 50 7
99 52 8
17 30 7
83 51 6
22 32 5
95 59 8
30 9 2
77 36 0
16 18 1
68 47 8
22 97 6
84 7 8
59 23 7
66 23 8
23 74 5
93 41 0
47 89 7
51 30 2
69 37 0
3 42 0
23 58 5
45 35 4
87 42 1
91 38 3
11 96 2
83 57 7
36 6 7
68 33 6
70 100 3
5 9 7
9 100 6
28 27 1
13 51 3
42 45 6
10 75 1
42 24 6
48 46 1
65 96 8
79 5 7
46 81 1
65 68 7
62 73 3
88 58 2
85 6 5
95 98 4
1 97 2
81 54 2
29 91 0
4 87 5
70 82 2
3 45 5
94 38 1
39 34 2
71 97 7
80 39 4
92 67 2
51 53 8
52 13 3
73 8 2
10 90 5
14 63 6
55 5 7
7 68 2
96 23 8
92 63 8
23 11 0
15 25 7
87 46 5
100 14 1
2 10 3
28 94 0
84 69 3
6 32 3
8 5 8
50 100 8
9 54 8
85 87 6
49 8 3
40 99 6
56 19 1
92 28 6
55 26 5
31 1 6
40 14 5
82 25 0
1 35 3
4 78 4
70 55 6
46 40 8
56 32 1
67 91 5
34 31 8
29 84 6
31 72 4
95 17 8
72 37 3
73 6 5
59 29 3
31 6 5
22 10 1
86 87 8
94 11 4
66 73 5
31 14 6
22 49 8
82 75 0
69 15 8
78 89 7
9 31 5
1 62 6
47 50 2
88 1 1
69 23 8
53 19 6
67 87 6
81 68 8
99 63 5
22 87 8
34 76 3
47 38 4
41 71 3
62 70 3
85 49 5
82 49 4
15 10 4
22 47 7
100
407 59 626
1023 49 1301
1720 4 2120
4142 86 4142
4597 96 4597
4983 83 4983
6438 16 6438
6691 84 6691
7132 74 7132
7420 47 7420
7642 41 7642
8270 30 8270
9089 10 9089
9303 45 9303
9413 7 9413
10511 65 10511
10551 55 10551
11712 46 11712
12270 8 12270
12430 43 12430
13105 82 13105
13243 68 13243
13299 4 13434
13392 95 13974
13706 72 14079
13723 65 14087
13773 87 14378
14889 92 14889
15227 56 15227
16029 48 16029
16336 33 16336
16474 27 16474
17818 39 17818
18066 87 18066
18152 75 18152
18568 33 18568
19038 53 19038
19055 71 19055
19619 57 19619
19903 76 19903
20322 12 20322
20506 55 20506
21810 15 21810
21844 29 21844
21861 82 21861
23408 16 23408
23590 95 23590
23721 40 23721
23853 64 23853
23983 22 23983
24904 41 24904
25025 85 25025
25182 27 25182
25228 16 25228
26085 100 26085
26172 45 26172
26287 28 26287
27011 3 27011
27854 34 27854
27996 53 27996
28472 31 28472
28486 43 28486
28747 75 28747
29138 97 29138
29250 100 29250
29540 38 29540
29721 91 29721
30241 100 30241
30423 86 30423
30480 93 30480
30691 44 30691
30753 86 30753
30814 55 30814
31015 77 31015
31231 58 31231
31247 40 31247
31352 57 31352
31452 23 31452
33436 5 33436
33600 49 33600
34175 45 34175
34233 65 34233
34515 9 34515
34553 6 34553
34808 78 34808
35198 6 35198
35863 3 36676
36117 14 37217
36683 16 37285
37228 17 37323
37644 91 37644
37693 54 37716
38010 33 38027
38256 25 38581
38358 12 38850
38538 13 38917
38636 51 39019
38978 71 39645
39584 18 39942
39744 66 39963
