100 2970
32 26 3
20 3 2
36 56 8
85 57 6
82 56 6
29 1 4
64 15 8
95 42 8
96 27 0
97 80 5
81 59 0
38 98 6
57 16 5
88 63 2
75 98 4
67 73 8
40 12 7
28 59 5
64 79 0
18 26 4
63 18 2
84 38 2
31 100 4
28 49 4
4 59 7
80 85 5
22 45 6
31 2 4
79 91 5
18 45 8
31 8 8
21 66 4
19 94 4
2 37 5
70 97 2
94 87 7
43 18 8
9 87 4
82 79 7
6 47 1
35 68 7
95 11 4
96 28 3
74 91 7
30 12 8
88 68 0
9 38 8
94 29 1
4 89 8
15 77 1
78 25 6
28 11 4
81 23 2
81 41 6
20 73 3
44 83 1
34 78 0
76 72 6
96 40 5
34 83 5
93 70 3
71 3 5
27 93 0
16 14 5
23 92 7
13 78 0
79 24 1
74 76 2
52 43 4
61 46 7
79 34 6
68 37 2
24 68 5
16 34 8
4 69 7
33 4 8
87 83 8
96 75 3
60 49 6
68 75 2
40 82 3
78 94 3
56 42 7
53 91 1
73 28 3
49 45 6
38 46 7
25 21 8
2 58 8
88 67 4
51 88 0
84 28 6
99 59 6
17 96 6
62 71 4
3 100 1
86 16 1
41 88 2
50 21 2
92 62 2
21 22 2
100 91 8
55 27 0
60 61 7
62 72 6
62 66 7
52 79 6
65 54 4
20 26 5
28 23 4
78 89 3
12 53 0
69 42 8
53 55 5
4 14 0
82 81 8
35 90 4
57 71 6
66 35 6
89 98 2
48 63 1
96 53 0
17 41 6
53 39 0
66 40 5
33 68 8
18 20 5
64 27 3
78 97 2
81 35 6
8 64 8
49 62 2
74 21 6
37 19 2
81 18 1
97 44 0
15 57 1
100 53 6
78 40 6
84 67 0
50 40 2
58 66 6
13 33 1
63 61 4
47 20 8
44 79 4
56 96 5
29 52 6
8 36 8
50 97 8
56 8 3
54 27 2
8 96 5
36 33 2
31 15 6
15 69 3
73 75 5
16 99 1
30 17 6
53 51 8
76 64 7
47 49 7
44 65 8
92 25 5
1 66 5
54 71 2
26 99 0
95 62 5
32 39 3
78 83 4
39 44 7
41 1 2
78 1 7
71 78 5
80 48 0
82 60 3
87 89 4
41 100 7
5 83 2
85 52 8
89 71 2
9 3 1
57 39 5
12 97 2
100 6 8
59 51 1
62 20 2
29 58 1
91 36 4
1 26 6
15 19 8
70 25 7
86 81 4
37 80 3
19 71 7
12 26 8
14 97 0
24 11 6
8 26 7
68 71 4
71 60 2
45 64 1
67 80 7
65 34 5
4 88 7
71 7 8
92 73 4
35 62 0
3 26 5
66 12 6
3 8 7
53 41 8
57 10 6
98 39 6
91 7 4
12 18 0
29 90 7
16 15 1
6 11 5
3 63 5
16 10 1
79 93 6
23 54 7
69 51 0
58 44 6
61 8 3
43 100 1
34 66 0
72 78 5
69 89 8
7 64 6
47 91 1
87 92 4
86 17 6
52 7 8
2 96 0
80 66 8
62 19 5
15 68 3
77 5 7
16 33 7
47 12 4
39 31 4
93 24 4
37 79 7
75 61 7
86 90 1
19 17 8
65 87 6
9 93 3
26 38 2
80 90 1
84 89 3
71 1 0
9 47 6
11 81 5
8 88 5
43 95 7
11 17 6
45 17 6
99 72 1
11 3 1
75 1 7
42 78 2
99 95 7
82 69 8
16 68 5
45 100 6
44 75 5
23 1 7
79 39 7
31 67 2
30 65 5
49 55 7
67 83 0
13 68 1
29 30 5
48 82 7
100 99 2
33 21 2
27 46 0
11 20 7
30 68 2
68 87 2
87 11 0
34 75 1
70 19 0
53 8 2
97 30 7
8 75 6
26 57 8
51 16 7
66 33 6
88 64 4
65 43 3
96 20 8
44 10 2
15 45 0
52 14 6
9 100 6
97 6 6
30 7 3
28 9 1
13 61 8
92 49 1
11 79 0
26 24 5
37 30 3
43 73 0
98 56 8
89 22 5
73 32 0
17 8 5
44 16 5
10 60 7
97 10 2
65 2 0
6 8 7
6 3 3
23 80 0
34 87 6
19 76 3
42 28 3
64 30 2
57 74 1
55 61 0
45 26 4
73 72 2
64 81 1
77 96 1
72 51 5
77 90 7
30 31 8
50 4 3
85 21 1
37 15 5
87 46 3
48 91 4
56 89 4
40 8 3
93 16 2
23 71 4
85 31 3
8 60 5
69 5 0
20 63 0
3 76 6
47 99 6
76 30 0
56 47 8
36 34 6
17 22 3
26 13 6
19 34 0
97 8 5
29 70 4
22 18 1
90 32 3
99 97 1
100 28 2
29 79 6
13 25 7
38 32 0
52 57 8
62 21 5
1 82 5
29 46 4
8 50 0
5 62 7
22 9 2
77 31 2
13 56 0
41 91 8
39 42 5
27 86 0
29 22 4
84 29 0
100 62 2
9 51 3
9 15 2
61 5 5
56 26 4
77 66 6
43 7 1
94 11 3
16 48 7
60 11 0
14 88 8
50 90 6
98 48 4
96 9 7
53 65 3
1 34 1
65 48 2
33 76 4
20 57 0
11 48 5
89 66 5
65 57 2
55 97 4
22 71 2
20 86 0
49 32 7
74 39 7
60 40 3
13 29 5
2 61 0
39 25 7
70 28 7
52 83 4
15 36 1
23 63 7
43 2 7
50 9 2
24 99 2
56 88 1
49 66 7
13 37 4
55 2 0
88 36 8
15 40 8
94 21 6
65 95 4
64 78 0
34 3 1
70 85 6
86 2 3
19 7 4
6 26 1
42 55 2
66 5 5
29 24 6
4 95 0
94 98 7
65 93 1
28 22 3
6 34 6
28 95 4
56 79 1
98 18 4
92 27 4
35 75 2
43 81 7
86 5 5
92 57 2
72 84 5
71 90 5
15 6 4
15 91 8
55 79 4
36 4 8
74 64 2
94 35 8
7 40 2
32 83 7
61 32 6
22 5 2
54 80 4
16 56 3
9 29 0
80 89 8
86 12 1
83 59 3
58 75 4
32 67 4
88 69 2
17 34 8
29 6 5
67 20 7
69 78 0
67 48 3
77 100 8
26 69 3
62 98 4
47 30 1
22 80 5
32 60 6
99 35 3
86 25 4
53 31 5
80 94 7
64 77 1
32 68 3
76 59 6
29 99 6
63 9 7
49 20 7
34 21 6
18 42 7
85 55 6
51 95 1
22 88 0
55 72 3
84 77 4
62 32 0
38 79 8
47 28 2
46 60 5
34 84 6
67 76 1
30 38 4
75 12 8
94 20 1
57 62 1
3 27 8
96 89 0
39 77 0
81 21 2
24 43 8
90 38 7
4 54 8
35 63 5
20 16 3
20 12 7
98 87 7
22 86 8
3 17 2
31 52 6
17 97 1
3 96 3
57 30 1
69 99 3
38 11 2
41 14 4
34 51 6
53 79 3
37 1 6
28 99 6
34 88 7
40 38 0
85 26 5
38 80 7
89 25 7
52 69 7
73 27 8
63 11 2
44 40 2
29 95 5
1 86 6
14 63 7
93 2 2
6 28 4
13 8 3
47 69 3
33 47 6
44 37 1
41 31 2
13 4 4
8 91 5
80 41 8
30 52 7
83 48 0
16 60 4
46 95 4
11 14 3
51 93 7
41 4 5
67 21 3
68 97 3
65 14 8
28 81 0
68 72 1
2 87 5
55 63 0
88 95 0
27 7 7
100 67 4
73 40 0
28 57 6
20 7 5
5 58 3
21 12 0
42 14 5
40 74 4
97 92 5
76 63 3
6 42 3
54 89 8
32 25 7
91 80 7
8 35 7
74 51 1
67 8 2
67 64 4
71 9 7
10 93 6
95 81 3
60 17 8
6 91 2
48 45 4
43 63 1
18 4 2
58 87 4
70 75 3
81 8 5
32 64 5
33 28 3
50 71 3
22 50 6
45 86 2
37 60 7
18 44 1
52 16 6
28 39 0
30 77 0
64 17 3
21 97 3
84 73 3
50 20 3
64 52 7
86 82 1
26 30 4
62 27 2
69 64 1
60 25 5
10 8 1
67 11 0
19 78 8
48 5 0
33 96 7
73 94 2
61 28 8
50 17 6
34 32 6
48 94 8
27 43 7
100 7 6
12 55 0
70 48 5
54 66 4
75 43 7
33 11 6
76 98 2
69 11 1
71 20 3
17 74 2
67 92 2
13 20 0
6 56 4
79 28 2
37 93 5
85 92 0
25 38 8
52 86 8
41 34 3
61 80 0
1 31 4
92 77 6
74 20 2
48 19 1
77 54 0
82 21 7
85 44 8
12 43 1
46 31 8
91 13 2
4 66 4
88 6 7
73 18 1
21 20 4
81 10 3
70 68 5
49 64 3
72 7 6
68 81 0
95 16 1
55 37 2
71 15 7
92 99 0
29 56 7
47 80 7
3 29 8
17 1 1
12 27 6
15 10 1
5 73 3
68 41 6
24 54 5
18 87 6
74 2 3
76 56 3
21 76 8
44 99 1
25 48 7
79 22 3
90 13 7
27 69 5
19 4 5
90 51 5
90 60 2
83 24 4
11 56 5
29 43 6
96 92 1
6 51 6
57 46 2
100 36 7
99 33 0
95 12 8
97 56 7
30 91 6
2 1 0
92 47 6
42 30 1
6 84 2
2 23 0
70 33 8
68 52 2
32 42 7
13 79 1
8 32 3
77 14 3
85 97 4
34 29 3
10 38 5
97 54 7
2 82 1
81 46 4
97 42 7
59 55 8
1 36 7
65 85 0
94 90 5
34 24 1
59 65 6
9 48 5
32 94 1
20 95 8
36 26 6
45 90 3
58 41 8
2 91 1
86 73 6
32 59 0
69 14 3
58 49 1
16 4 5
50 66 3
100 56 5
66 31 4
49 65 3
44 52 0
39 45 0
25 28 3
89 41 5
39 33 4
3 2 5
90 24 3
95 76 6
74 37 6
5 46 4
40 34 4
98 53 1
90 23 2
12 50 6
44 36 0
66 17 4
76 65 2
11 62 7
17 56 4
52 98 1
8 18 7
74 24 0
100 26 5
87 55 0
17 58 0
76 82 5
90 30 8
31 34 1
47 65 6
5 88 7
9 73 8
54 48 4
92 98 6
15 75 3
53 24 5
16 41 1
49 24 5
5 80 0
27 4 3
3 73 8
87 26 1
100 11 4
60 88 5
31 17 7
27 75 6
91 97 1
76 57 3
71 37 4
17 67 8
13 15 5
91 88 7
13 63 3
2 69 4
99 65 0
22 84 0
60 2 4
64 21 5
94 17 6
37 16 4
48 15 3
16 13 6
89 90 2
45 95 1
72 25 6
9 8 4
15 4 1
29 81 0
64 14 7
79 12 0
45 37 7
44 81 7
26 74 8
74 12 1
100 59 8
26 11 1
83 41 8
47 54 6
8 20 8
54 58 8
65 90 8
74 85 6
69 17 3
35 43 4
63 75 0
55 19 0
29 91 7
59 95 5
98 31 1
54 37 0
60 83 2
9 86 1
22 24 7
79 54 1
55 31 3
63 17 6
45 32 3
47 43 4
35 30 2
45 43 0
66 25 4
18 13 8
87 25 8
2 15 4
45 34 5
4 11 5
14 76 4
7 87 4
29 72 0
34 82 7
58 19 3
6 53 4
63 30 2
99 66 3
77 79 8
63 7 6
2 51 5
37 65 5
35 80 0
80 92 4
22 37 2
15 79 2
54 18 3
57 88 5
82 31 3
61 14 0
77 80 3
76 91 3
94 42 3
4 39 2
2 80 2
88 33 8
46 42 2
93 88 0
6 72 7
71 94 6
14 19 1
97 5 1
26 65 2
96 51 1
79 26 0
83 42 6
99 40 7
13 84 2
59 52 1
72 1 8
26 81 4
3 72 4
35 23 5
1 93 4
57 47 0
16 29 8
32 11 0
56 73 7
88 39 7
15 18 4
51 63 6
84 65 4
48 43 8
78 92 6
12 4 7
91 81 0
17 9 7
19 46 1
19 82 7
39 35 5
82 85 4
61 36 8
78 56 6
44 90 1
81 39 7
30 16 7
52 5 8
25 50 4
62 24 8
99 54 7
46 53 3
10 17 5
75 90 8
18 78 8
22 87 4
66 18 6
51 57 8
83 58 1
90 43 5
73 91 8
36 87 6
36 16 1
3 47 1
5 55 4
34 37 4
98 84 5
32 20 4
2 70 4
41 15 1
37 75 2
95 53 2
39 99 5
98 1 3
96 100 3
21 18 5
34 4 3
63 40 3
64 20 6
39 13 2
42 47 1
79 32 5
43 44 2
46 94 5
99 31 5
84 43 5
83 22 0
24 9 7
98 8 6
84 81 4
74 28 8
57 19 2
37 14 0
34 80 4
36 46 3
53 37 0
2 77 8
92 82 4
25 31 1
18 92 3
75 32 7
73 45 0
31 71 1
14 90 6
7 3 6
28 54 7
34 69 0
90 62 8
1 21 6
77 23 8
57 5 0
100 88 0
18 93 4
3 16 1
95 85 5
23 11 0
45 80 4
46 11 6
4 7 6
90 72 0
52 88 6
67 89 6
38 81 6
56 34 3
65 7 3
40 43 2
56 39 0
71 75 2
100 49 7
71 87 6
46 55 5
6 78 0
14 24 4
45 13 8
52 10 3
44 87 1
63 71 7
37 69 0
59 62 3
83 46 4
10 91 7
6 38 8
77 91 4
70 46 1
18 33 7
4 84 6
57 83 0
37 87 7
19 65 6
66 55 8
39 15 3
62 96 2
36 51 0
29 85 4
36 12 8
58 90 2
55 56 1
76 71 1
41 25 3
20 78 8
88 46 6
89 93 1
57 49 4
18 69 7
34 25 0
96 13 7
12 10 0
66 100 4
60 5 3
51 1 1
2 16 6
21 48 0
92 63 6
67 25 6
3 67 1
89 99 7
7 33 8
98 45 8
31 81 2
20 27 6
76 97 1
31 29 5
10 9 7
66 2 5
58 59 7
14 34 4
96 65 7
16 17 4
23 30 2
1 94 8
34 93 8
37 23 6
27 52 1
29 47 3
9 42 4
49 71 5
74 15 5
5 41 4
77 8 3
99 42 1
46 1 8
93 31 4
18 76 4
10 2 4
60 52 6
89 51 6
38 55 8
91 9 5
98 77 6
93 76 2
49 51 1
85 14 4
3 5 6
11 39 7
13 74 3
30 5 2
88 44 1
47 50 0
86 97 0
17 100 1
27 31 4
47 27 5
10 56 8
51 17 0
53 28 7
22 81 5
80 100 6
79 78 5
75 46 2
84 42 1
65 10 5
21 87 3
29 35 3
17 57 7
80 52 1
16 24 3
67 39 5
3 1 4
14 30 6
36 80 8
10 68 4
74 32 3
21 19 3
20 46 7
36 13 6
84 93 8
38 34 7
32 93 4
11 91 0
10 55 0
25 62 2
89 55 3
73 64 2
74 84 8
97 59 4
39 72 7
53 56 8
88 30 6
50 80 1
66 46 3
3 35 4
24 41 2
88 29 2
2 56 0
89 97 5
27 63 8
15 92 1
56 18 2
32 91 2
69 29 7
11 41 7
6 10 1
78 88 3
34 97 1
30 66 8
12 19 7
26 39 2
66 96 3
33 54 3
98 37 4
91 38 3
40 75 8
64 4 8
79 21 5
92 71 4
22 39 0
89 59 1
67 7 7
62 29 0
56 93 4
95 57 5
74 19 1
67 47 6
78 43 1
86 34 3
72 64 0
64 70 2
21 2 8
67 1 3
91 43 6
61 92 8
44 33 4
60 35 7
77 35 3
69 1 6
44 20 4
47 97 7
99 83 8
25 71 1
47 16 2
100 30 2
57 12 1
53 10 7
18 46 6
72 33 3
17 7 6
60 7 1
69 30 6
59 80 5
8 92 4
99 86 8
26 70 6
97 35 3
38 39 7
30 3 8
93 49 3
64 3 4
84 48 6
95 100 0
23 29 7
1 52 8
56 19 3
79 63 6
57 84 1
52 54 8
86 50 1
74 46 8
93 87 7
37 85 3
64 83 7
28 85 1
6 65 7
64 31 7
40 42 4
78 26 3
49 81 5
94 41 1
43 72 4
43 20 2
58 1 0
79 8 5
48 89 6
83 39 0
62 65 0
84 30 5
78 74 5
9 1 4
92 60 5
83 97 0
78 12 8
92 5 0
33 97 1
79 5 0
64 90 8
55 50 5
70 35 2
56 24 4
25 84 7
33 57 8
63 80 5
52 8 4
8 95 5
85 77 4
39 62 1
7 59 5
16 49 7
45 4 2
38 5 3
27 29 6
62 64 2
66 72 2
42 57 4
70 9 8
17 18 0
34 60 3
58 72 1
99 8 1
98 13 2
93 57 4
16 35 1
38 92 6
21 41 1
90 61 6
100 12 7
79 90 4
80 88 8
13 12 1
52 12 8
40 90 5
29 75 1
19 90 2
46 35 4
32 55 4
33 55 6
21 57 2
18 58 2
7 96 0
59 11 8
66 53 2
68 86 7
93 23 2
68 93 6
69 21 2
71 98 4
48 23 7
70 81 7
79 99 0
59 47 8
17 79 6
20 6 2
84 39 8
46 97 1
69 36 0
35 85 8
37 61 2
24 33 2
49 14 4
77 67 1
47 87 3
81 15 1
28 64 4
53 93 4
44 15 0
65 98 1
29 66 7
36 39 1
35 11 3
1 84 8
53 67 7
14 87 3
11 86 0
59 91 8
38 7 8
15 49 8
91 87 4
24 60 7
97 16 2
7 92 8
67 27 1
98 95 0
43 88 1
24 51 3
41 39 5
22 93 4
100 72 4
93 5 1
64 12 3
36 30 4
31 49 8
97 69 6
55 29 8
78 54 4
9 57 6
24 96 4
84 76 4
71 46 3
44 74 6
74 52 8
72 75 2
2 44 5
40 76 5
77 50 5
32 56 1
27 81 8
38 64 3
7 86 3
67 79 4
43 97 5
16 12 2
8 93 6
89 49 5
99 36 7
69 35 6
9 35 7
7 81 2
36 96 0
58 89 0
10 22 5
61 12 1
5 11 1
58 20 6
97 75 5
59 96 2
17 13 2
22 49 5
35 71 3
86 63 0
50 39 4
8 33 8
63 47 5
28 34 6
63 5 0
23 49 7
82 38 2
70 57 5
16 43 1
97 20 8
81 69 1
14 95 0
84 10 1
40 10 7
10 31 3
40 26 7
87 61 7
13 70 3
86 43 5
12 31 2
19 79 1
87 49 8
93 91 1
50 96 5
17 15 1
89 100 6
2 9 0
16 78 6
3 75 6
61 70 1
57 91 1
21 37 7
6 89 1
53 86 2
54 72 2
67 49 4
34 73 2
46 10 1
51 70 0
80 19 4
39 12 6
83 9 1
60 78 8
2 36 3
1 50 2
70 95 6
86 70 3
48 44 4
35 54 5
91 65 2
81 56 1
27 21 7
73 52 1
83 10 3
55 64 1
70 91 7
89 39 6
74 35 2
74 77 0
59 6 8
15 7 8
49 19 5
81 47 2
98 44 6
58 50 6
40 14 6
59 37 5
5 36 6
62 80 3
47 10 4
66 83 4
25 97 0
35 40 2
66 10 1
19 64 8
97 26 4
94 97 6
60 50 6
26 71 6
20 48 7
66 65 0
43 59 6
97 60 6
67 82 7
27 74 7
36 94 6
81 63 4
13 54 2
7 23 8
18 16 4
47 36 4
12 29 3
91 23 7
99 63 1
13 66 7
14 84 3
23 64 8
92 84 1
64 89 1
51 97 8
11 29 5
86 62 0
49 38 5
76 49 5
15 85 1
22 73 1
11 70 2
39 16 3
40 41 5
48 4 8
30 4 2
67 63 7
6 93 0
34 95 2
2 27 1
40 20 4
53 33 1
63 96 7
87 42 6
47 74 8
66 75 4
8 58 3
18 59 1
26 53 8
12 77 1
75 52 2
79 51 0
4 43 7
78 46 0
88 7 6
24 76 2
19 11 0
69 76 3
54 68 4
10 100 0
16 28 5
11 99 8
59 42 6
23 79 4
59 60 1
28 45 0
19 61 2
6 73 2
38 94 6
92 89 4
7 45 7
26 4 7
8 44 4
3 53 8
76 11 5
89 73 5
82 87 7
82 47 0
95 5 6
77 61 1
94 89 0
14 92 2
76 80 3
55 75 6
44 24 2
60 79 6
30 13 3
61 30 3
74 88 1
54 41 7
15 59 3
14 89 2
87 67 7
68 83 5
54 50 4
16 75 8
93 64 5
52 92 6
82 41 1
4 42 7
40 65 2
3 92 3
88 77 5
80 51 4
67 34 8
48 100 3
45 67 5
42 96 4
92 16 3
13 57 6
27 25 8
54 26 7
27 18 2
83 12 2
73 93 0
68 63 2
80 18 5
91 4 1
71 17 3
53 18 6
20 88 3
76 8 1
91 27 1
5 70 8
37 10 1
52 4 0
40 68 7
18 47 1
37 40 7
74 73 7
22 59 3
42 76 3
91 85 5
21 98 7
63 73 4
24 47 4
16 59 1
36 37 0
57 23 2
41 33 4
1 20 2
57 43 0
66 28 6
37 50 1
44 69 1
29 39 2
61 78 1
44 62 1
87 17 8
8 38 6
41 18 2
80 60 6
46 58 3
27 23 6
69 87 5
55 70 8
2 48 2
30 82 4
73 44 4
100 60 0
82 39 1
84 86 3
49 61 2
65 12 4
53 34 2
11 52 7
47 25 8
72 16 8
59 71 0
71 86 0
33 89 3
73 31 0
11 84 6
13 24 3
58 93 1
60 1 1
1 8 3
45 27 8
13 34 6
24 25 2
18 3 4
94 91 8
30 81 1
98 22 3
90 68 7
17 89 0
82 54 1
68 43 1
56 31 1
2 78 5
85 78 1
88 66 3
43 21 6
57 67 2
46 24 4
24 95 0
58 27 7
48 72 8
24 88 5
79 72 5
83 35 7
70 27 3
45 65 4
38 72 7
36 57 4
34 43 8
54 42 2
28 38 1
73 19 6
86 66 8
84 83 8
54 51 8
49 27 6
67 13 0
38 96 6
67 69 0
50 78 7
93 19 5
66 69 8
86 77 3
18 70 4
45 78 2
12 37 5
97 3 2
54 46 6
14 86 2
37 86 4
6 99 6
97 77 7
32 54 6
25 63 8
50 10 4
39 66 3
17 88 3
70 41 8
59 54 6
90 57 8
13 32 2
19 60 3
13 53 7
67 96 2
37 5 5
70 71 8
38 66 1
5 24 7
39 59 8
27 30 3
12 69 0
83 23 0
69 59 7
61 86 2
21 14 1
53 57 5
97 9 0
96 57 0
24 17 8
83 93 1
5 42 8
12 80 4
6 61 6
71 93 7
40 55 0
1 14 0
28 37 8
61 7 3
76 96 1
19 63 6
20 19 8
5 40 7
56 4 2
42 16 7
94 88 6
23 19 4
37 99 1
86 44 4
35 5 4
48 32 6
12 63 8
59 82 1
97 84 2
6 83 6
68 38 5
86 31 2
31 61 5
88 82 2
66 85 7
81 36 1
8 65 6
32 4 7
32 72 5
43 32 4
40 49 2
76 77 8
9 55 6
85 54 4
67 72 0
35 91 3
91 68 4
55 36 2
54 90 8
7 82 0
63 53 6
29 60 2
69 8 8
52 62 6
2 14 1
57 56 4
48 55 8
17 76 0
15 99 2
55 43 8
83 49 6
12 92 2
10 54 5
78 76 7
28 40 0
55 35 5
62 28 8
58 95 7
26 67 6
91 39 8
99 85 8
89 21 5
7 31 3
33 20 4
64 86 4
73 8 6
43 71 2
26 64 7
11 51 0
51 31 8
59 70 5
35 45 4
35 50 5
57 22 7
18 71 1
37 90 5
72 21 8
6 46 4
94 64 0
10 5 7
73 99 4
66 60 0
22 62 7
69 9 0
79 84 2
76 38 0
66 16 4
47 95 8
39 70 6
6 13 4
23 40 4
55 17 4
99 75 3
2 32 0
77 60 7
54 75 0
31 19 2
48 26 8
33 81 8
50 67 5
96 84 1
30 45 8
84 71 7
39 48 8
65 89 6
71 24 7
21 56 8
34 100 4
80 49 0
84 44 6
88 18 4
77 25 5
28 92 8
1 90 8
57 66 0
20 77 5
36 29 8
22 100 5
80 29 2
25 52 0
43 22 0
73 33 7
31 92 4
23 94 4
29 92 5
81 57 8
44 19 5
20 70 6
69 50 0
98 86 6
85 48 3
34 77 7
95 75 0
82 35 0
39 17 3
69 53 4
17 98 0
78 17 2
45 76 0
95 52 1
1 65 0
54 34 3
77 26 7
60 99 0
78 8 4
17 37 4
92 53 5
53 29 7
57 6 7
35 33 8
62 88 6
49 6 2
22 40 8
47 46 5
51 76 8
10 61 8
27 72 2
46 48 8
76 83 8
51 27 3
50 88 5
19 24 6
63 91 3
73 54 5
38 93 4
20 23 1
16 9 4
27 15 3
55 21 0
23 69 5
84 62 6
12 14 2
30 92 6
49 91 8
45 53 4
96 93 4
81 40 2
17 59 1
86 21 3
62 93 8
69 85 4
17 54 3
43 6 3
99 91 3
44 51 4
82 14 2
48 99 2
91 96 4
83 36 6
49 73 0
2 63 0
84 80 8
7 51 0
50 7 1
58 36 7
9 11 8
14 29 1
83 50 3
63 90 3
91 16 8
45 31 3
47 23 0
59 1 4
11 25 5
5 16 2
6 5 1
84 88 3
59 40 3
36 65 6
68 25 6
28 67 0
24 87 3
60 43 5
46 59 0
45 36 2
69 7 4
34 49 3
35 37 2
1 6 1
75 82 3
97 13 5
61 98 1
27 61 5
1 68 6
33 43 7
98 68 7
99 90 6
23 31 1
72 42 4
82 97 5
8 59 5
62 18 8
73 78 2
75 39 8
33 77 6
32 7 3
16 94 7
34 35 0
22 8 4
42 66 8
82 58 2
94 50 7
96 55 8
99 94 7
66 94 3
92 42 1
57 75 6
17 36 7
91 31 0
49 84 6
92 59 5
38 14 0
15 50 2
38 100 4
12 22 2
31 90 6
75 87 1
18 89 3
29 40 8
76 34 6
13 75 7
24 85 6
79 18 1
91 67 3
65 4 2
9 99 0
90 88 4
45 82 6
96 21 6
2 6 7
24 2 3
87 10 4
1 62 6
12 93 2
28 24 3
96 16 6
27 50 3
45 89 1
4 81 3
62 68 6
76 92 6
14 18 2
98 100 3
96 22 0
22 58 5
46 50 6
47 44 8
10 70 8
65 29 5
36 64 8
2 25 0
69 46 8
16 89 5
81 9 4
98 35 4
25 96 4
1 80 6
28 15 0
50 26 0
74 65 1
37 63 8
76 4 7
72 46 4
81 45 0
59 78 5
3 98 2
25 29 4
36 77 5
32 6 8
40 71 3
38 97 3
94 83 1
7 8 8
27 13 3
63 82 2
42 67 0
55 80 0
94 4 5
4 55 3
68 78 6
43 77 5
59 45 5
4 82 5
79 10 2
85 96 2
38 43 3
89 42 1
91 17 4
36 59 2
58 97 3
12 82 0
60 56 3
31 18 2
46 98 4
38 1 7
42 50 0
28 75 7
61 40 7
99 49 0
51 61 7
19 9 2
79 97 2
29 76 5
30 50 7
50 49 4
59 29 8
33 98 2
88 37 5
76 79 3
61 83 2
6 71 0
14 62 8
41 72 7
45 79 2
92 36 2
6 70 1
47 58 8
5 68 2
13 1 1
43 31 6
26 5 7
15 21 7
9 53 5
74 100 2
67 5 2
54 1 4
64 37 2
100 19 8
78 95 6
15 26 5
33 60 8
46 56 5
62 76 8
97 67 0
9 30 8
27 6 1
47 21 2
80 39 3
44 94 6
72 53 2
83 40 3
61 20 5
15 89 6
44 31 2
50 89 7
12 42 4
56 49 7
14 7 8
44 1 6
89 30 0
89 63 7
45 92 1
19 85 1
25 37 6
55 57 4
41 6 0
37 32 0
52 72 7
56 12 1
10 92 1
91 92 8
14 70 0
87 50 0
88 58 0
46 43 0
3 43 0
6 44 8
94 43 3
96 81 7
87 77 0
61 81 3
62 99 3
59 30 7
93 14 1
78 66 5
57 99 6
48 78 5
26 66 8
86 79 0
54 19 6
2 84 1
90 18 4
15 11 1
2 13 8
95 69 8
52 6 5
42 23 7
32 27 3
98 25 0
93 86 3
53 89 0
96 12 3
64 10 3
77 11 8
9 74 8
70 50 8
20 79 5
42 51 5
99 51 4
4 23 3
26 63 2
63 64 0
12 62 2
32 99 2
58 43 1
100 55 3
51 23 7
86 65 3
62 60 3
73 47 5
4 93 1
82 78 6
50 41 4
41 3 3
4 85 2
14 44 1
9 39 0
29 44 6
26 91 6
96 31 5
50 11 6
28 7 5
97 45 4
31 87 3
94 82 7
2 72 0
8 21 4
28 77 2
47 75 2
31 83 7
20 17 2
46 17 0
22 47 8
82 100 4
28 35 2
41 93 0
98 51 7
74 87 4
87 73 0
76 61 4
5 13 4
32 22 3
8 87 0
15 20 4
60 63 2
48 8 6
81 88 1
66 87 8
50 82 6
38 50 7
84 52 4
12 60 5
42 7 1
84 24 0
12 99 4
96 5 2
75 26 8
34 96 7
20 53 6
17 12 8
35 24 4
14 25 5
92 65 0
2 22 6
79 88 4
96 4 6
51 83 0
6 64 1
61 53 5
17 52 1
39 37 5
27 9 6
49 30 2
74 8 4
6 75 8
28 2 2
76 85 1
40 18 4
2 98 8
72 13 1
66 64 0
58 15 4
65 18 0
67 14 0
87 33 2
94 58 5
70 7 5
28 26 2
9 46 5
59 35 6
32 92 5
26 88 8
29 7 5
66 52 7
1 24 1
31 48 2
50 63 4
100 42 1
94 9 0
8 68 1
4 73 5
28 78 1
28 60 0
85 27 3
9 4 7
71 39 2
90 98 2
47 14 2
36 71 0
92 81 0
8 46 3
59 25 6
33 86 5
11 22 7
53 25 8
77 42 6
28 90 7
6 76 4
19 16 2
64 57 2
59 67 4
39 90 6
51 26 2
6 35 2
29 18 6
15 93 1
92 43 1
73 25 6
46 92 0
33 100 2
79 94 3
3 36 6
38 60 7
41 59 7
13 11 0
77 32 1
79 74 7
42 88 4
37 67 6
37 56 4
70 92 3
75 78 5
60 94 3
22 38 4
99 71 1
75 79 4
98 28 7
89 86 2
64 96 5
89 35 7
2 4 1
13 82 7
24 92 7
44 4 3
20 72 0
100 75 3
97 1 4
88 96 5
40 32 2
78 10 2
37 62 4
75 77 4
84 51 8
26 44 1
64 80 4
13 64 6
15 65 0
55 14 5
55 84 3
42 36 4
82 74 0
14 74 3
70 84 5
85 50 2
12 88 0
14 73 1
11 44 3
35 32 4
11 53 3
23 41 4
35 1 5
68 45 8
79 49 6
47 88 3
43 23 1
61 73 6
78 22 1
25 23 0
85 22 3
78 44 6
96 30 2
27 53 2
32 19 8
77 45 5
76 68 7
42 11 4
74 56 2
66 20 5
63 98 5
28 58 7
48 57 6
84 85 8
9 36 3
9 59 2
79 65 0
56 41 7
83 19 8
23 78 0
38 29 7
23 60 1
85 98 3
14 3 1
17 44 6
95 23 8
45 62 8
9 13 6
13 49 3
12 54 5
68 60 0
66 48 7
21 31 5
24 15 1
69 20 2
56 71 5
64 92 2
97 66 0
40 6 3
11 65 7
97 74 7
89 34 2
96 83 7
62 78 5
83 4 6
69 49 1
51 29 5
68 28 0
100 39 8
10 42 4
65 68 6
71 95 4
77 44 3
82 96 4
1 12 2
54 31 6
50 16 4
53 1 7
25 40 7
96 70 1
51 43 3
100 14 6
94 15 8
5 64 8
97 64 3
53 85 6
70 67 0
19 18 0
86 3 4
13 71 8
82 28 5
16 85 2
20 2 8
18 11 8
71 88 7
57 8 0
59 57 2
86 8 0
98 42 4
91 46 6
98 7 5
70 4 5
91 72 6
83 90 7
93 72 7
58 48 7
36 50 5
37 78 8
87 52 8
25 30 8
50 18 3
7 66 4
20 29 5
82 32 8
91 78 5
8 24 8
98 23 8
67 6 8
64 87 5
92 83 3
2 73 7
90 15 3
58 7 1
33 74 8
9 52 2
15 56 0
100 78 8
49 53 4
65 83 1
48 13 6
27 26 1
1 15 8
66 19 3
88 9 8
100 86 3
27 10 8
92 39 4
27 37 6
64 95 2
28 63 7
60 64 0
25 51 4
98 12 0
34 71 1
93 60 7
52 18 3
77 83 3
31 76 6
56 38 4
46 49 2
100 65 8
34 68 0
45 23 4
19 27 5
18 64 0
21 35 3
9 6 3
98 55 4
33 78 6
11 64 6
20 80 8
32 29 1
80 53 5
57 27 5
24 50 2
81 52 8
68 22 3
93 42 1
66 36 4
28 3 3
99 27 5
22 46 7
66 14 3
61 33 2
3 61 8
17 5 7
78 98 0
68 6 7
55 26 4
72 94 7
10 29 6
69 22 2
36 53 3
43 61 0
52 41 1
11 47 2
72 83 0
91 56 6
20 28 1
19 26 5
18 1 1
95 35 4
67 56 3
10 26 1
68 59 4
83 27 7
34 42 7
98 26 5
1 48 7
97 98 3
31 32 8
67 86 1
60 67 0
75 36 1
22 94 6
41 19 7
71 29 5
99 78 7
68 95 5
46 30 4
9 54 6
74 6 2
71 69 3
55 65 0
38 23 7
75 65 7
5 99 4
85 34 3
69 68 8
41 44 8
9 82 2
28 32 0
44 49 6
4 75 8
80 70 1
4 49 7
15 53 8
14 28 6
44 80 5
35 22 8
78 93 7
58 76 8
34 44 4
38 59 7
48 56 3
48 49 3
52 24 4
76 48 1
54 14 7
50 2 2
1 57 3
42 75 2
51 67 5
15 60 6
48 36 0
32 63 3
74 48 0
47 78 5
45 10 6
84 46 1
94 74 4
7 9 0
22 65 5
49 18 1
5 53 6
90 53 4
72 69 7
21 80 4
99 76 6
4 77 0
73 16 5
19 35 8
2 41 1
54 44 7
25 18 5
20 39 1
9 67 4
69 55 8
41 71 5
99 19 2
51 10 2
58 77 2
51 92 7
92 50 7
85 46 8
66 6 2
87 72 3
92 79 4
10 35 4
6 69 6
9 85 2
58 21 1
92 1 8
32 53 3
48 93 5
95 49 3
5 72 6
80 87 8
24 27 6
73 65 1
57 87 0
7 62 7
35 13 1
33 17 1
55 52 1
16 6 8
96 71 8
61 11 2
68 42 0
17 2 7
23 68 1
68 3 8
41 37 1
36 60 2
22 20 1
75 49 5
37 100 1
65 25 7
10 82 0
86 87 7
89 10 0
34 48 6
35 88 2
39 14 2
55 7 2
51 65 1
64 1 8
31 9 7
94 100 7
79 89 1
68 21 2
27 40 0
7 35 3
94 76 0
80 65 3
26 31 6
50 3 2
35 61 8
47 66 1
73 66 4
10 96 8
89 24 8
20 85 0
51 4 0
91 24 0
87 5 7
66 70 8
1 87 3
57 4 8
59 98 6
69 74 3
66 45 1
24 58 2
5 2 7
96 29 4
16 81 8
11 78 3
54 39 5
58 55 5
21 100 4
68 18 6
53 75 6
62 48 6
23 58 3
57 35 6
27 44 5
4 10 3
75 89 6
58 100 5
78 57 7
54 11 0
99 30 2
50 28 5
26 84 6
25 85 4
22 31 0
8 12 5
45 44 8
41 30 8
41 63 0
77 47 3
3 52 8
42 29 8
3 87 5
87 20 6
93 54 4
4 62 7
24 57 6
29 78 6
4 29 0
81 74 7
55 82 1
73 69 6
99 1 7
67 93 6
92 37 7
21 95 4
25 82 2
82 18 1
50 64 3
75 81 1
79 62 8
42 19 4
95 19 6
71 64 2
51 73 3
3 93 0
26 72 6
91 62 4
62 6 2
5 28 7
100 5 7
39 5 4
38 95 0
80 40 5
90 17 2
70 69 0
15 23 6
98 73 8
42 52 8
64 25 2
63 100 0
7 73 5
34 91 8
66 98 8
16 32 0
84 54 3
70 100 6
7 34 8
77 81 7
7 39 6
13 47 6
12 87 3
66 37 0
3 51 3
35 2 8
94 92 2
19 5 0
100 90 7
37 43 6
5 74 2
56 66 1
81 71 3
34 10 7
87 96 5
86 59 4
84 32 3
36 74 1
19 43 0
31 78 7
53 38 7
66 92 0
16 83 4
82 71 3
7 44 1
23 55 3
99 3 5
84 69 3
40 98 7
7 16 4
81 60 7
92 20 5
40 86 2
66 11 7
9 18 6
10 90 8
13 83 4
86 83 0
32 58 5
75 51 8
24 23 2
27 33 0
85 10 8
40 39 4
51 38 4
58 70 0
56 5 5
86 42 5
25 88 7
55 3 3
84 9 3
40 19 2
89 5 7
50 43 7
94 81 1
58 25 8
35 27 1
62 15 0
7 22 2
45 14 4
4 3 5
84 78 5
85 81 3
33 82 2
31 57 6
61 39 5
74 3 2
24 66 0
96 73 0
13 46 6
72 98 1
5 8 1
88 72 7
90 4 0
45 56 4
21 54 6
95 17 1
7 56 3
98 11 6
9 92 3
73 15 5
40 46 3
55 68 7
15 55 7
48 95 5
45 33 0
52 33 3
97 48 0
38 35 8
74 71 1
11 58 3
86 54 8
51 5 5
99 21 5
10 98 0
4 6 2
59 3 3
90 33 8
3 44 2
31 47 8
86 51 4
98 74 6
96 98 6
38 31 1
91 20 1
94 55 8
43 11 0
54 61 8
42 48 6
15 82 0
76 26 2
16 11 5
79 71 5
39 65 1
33 10 5
81 48 8
14 57 5
1 7 0
57 79 8
89 9 4
78 70 6
13 92 5
24 45 4
51 35 7
12 70 2
80 46 2
67 95 4
35 48 6
80 57 5
84 61 4
86 80 7
37 89 1
48 38 5
53 84 3
49 8 7
95 74 7
98 47 2
93 50 4
52 53 6
83 70 1
31 50 4
99 87 6
54 67 0
38 13 3
39 49 5
5 98 0
79 95 4
90 70 0
54 15 1
23 8 1
24 31 8
45 20 2
27 34 8
47 70 2
36 43 2
84 15 2
21 49 7
17 53 1
1 70 8
57 11 3
98 15 8
4 98 6
16 53 4
40 69 8
36 24 3
66 79 3
46 15 7
31 40 5
46 73 8
79 46 0
76 52 4
46 25 7
3 94 4
13 23 2
71 38 4
1 91 3
67 16 8
64 46 7
61 18 3
10 73 4
91 33 6
75 14 5
90 21 8
52 67 2
21 45 3
63 39 1
100 79 6
25 69 7
46 37 7
10 18 6
30 43 5
18 24 3
27 97 3
9 60 7
97 36 2
85 75 4
77 7 5
53 30 2
8 55 3
81 34 7
57 45 3
47 90 0
86 13 0
30 67 8
56 50 1
98 36 3
42 79 4
83 81 5
75 67 5
80 98 1
32 23 2
17 38 8
8 34 6
17 26 5
93 25 8
85 71 2
52 93 7
85 83 7
46 51 6
90 49 2
65 63 8
35 56 8
23 3 7
41 87 8
3 39 4
24 69 5
48 37 5
60 57 6
99 77 2
96 37 4
32 78 5
68 89 1
25 5 2
92 74 7
73 12 6
45 29 0
60 31 4
49 54 3
30 86 3
85 38 5
85 30 2
56 90 4
14 46 6
27 80 7
100
5 22 136
297 12 297
298 46 298
324 19 390
361 24 532
440 38 1014
452 58 1182
469 46 1392
918 97 1572
954 41 1639
957 56 1683
1111 30 1734
1133 59 1763
1176 4 1855
1341 22 1861
1505 45 1963
1569 19 2055
1678 89 2104
1816 49 2268
1909 4 2276
2005 48 2345
2175 100 2390
2327 43 2465
2467 41 2593
2469 56 2741
2691 12 2844
2798 91 2946
2901 38 3037
2926 63 3069
3081 69 3119
3174 77 3266
3468 33 3468
3545 20 3545
3768 98 3768
3779 99 3779
3839 82 3839
3939 38 3939
3968 8 3968
4008 81 4008
4105 84 4105
4117 96 4117
4134 92 4198
4440 56 4440
4559 80 4559
4701 6 4701
4719 30 4719
4727 75 4727
4731 47 4731
4817 98 4817
5080 36 5080
5086 67 5086
5163 44 5163
5210 63 5210
5213 50 5216
5230 55 5471
5253 29 5516
5337 9 5693
5441 2 5927
5601 50 5942
5611 88 6023
5708 68 6205
5712 36 6213
5938 52 6294
6034 97 6347
6106 49 6398
6184 15 6517
6263 74 6645
6318 6 6666
6351 66 6825
6429 84 6861
6441 95 7055
6687 74 7370
6689 63 7456
6710 58 7637
7011 5 7754
7034 60 7792
7597 14 7852
7625 14 7880
7750 89 7927
7950 4 7984
7974 34 8088
8027 56 8192
8219 95 8219
8449 93 8449
8728 50 8728
8832 6 8832
8837 25 8837
8936 53 8936
9019 51 9019
9046 37 9046
9140 67 9140
9241 8 9241
9269 14 9269
9291 65 9291
9446 21 9446
9514 84 9514
9614 55 9614
9817 35 9817
9879 84 9886
9930 10 9930
