100 2970
31 94 4
74 40 4
26 70 6
79 25 4
52 73 2
97 87 0
92 45 1
81 63 2
46 82 8
24 61 1
23 44 3
73 75 7
88 99 5
26 99 8
85 41 0
7 43 4
65 96 3
32 24 1
35 63 6
93 18 5
9 13 5
88 23 4
45 75 7
33 92 1
45 77 4
76 21 5
71 73 8
7 95 4
3 28 0
19 21 2
1 37 4
96 58 7
59 61 8
58 34 8
87 89 8
94 14 1
42 50 0
95 65 2
71 12 3
68 72 8
84 71 7
12 67 7
100 57 1
72 14 1
63 14 8
14 71 6
67 71 7
24 57 3
41 82 2
86 71 0
52 68 5
20 4 4
98 7 5
98 54 1
47 84 1
88 38 7
88 90 0
21 96 7
11 67 1
96 93 4
88 32 2
12 79 5
37 32 0
40 90 2
100 74 2
28 53 4
11 37 4
61 99 4
7 14 4
73 46 5
66 83 2
90 2 6
10 40 4
61 18 2
77 35 8
29 2 4
9 19 5
66 78 6
20 68 8
77 97 1
3 12 1
36 74 3
16 72 5
12 18 0
45 47 8
78 70 8
9 51 4
18 78 8
38 6 4
78 79 3
2 14 8
67 5 1
16 30 5
65 31 5
69 40 3
17 56 0
58 88 3
12 58 1
82 28 1
63 62 5
73 85 1
76 45 0
6 42 8
4 12 0
22 23 3
4 70 4
96 67 1
91 22 5
93 21 1
58 99 2
63 5 5
60 53 1
55 36 3
87 26 4
38 83 2
46 47 6
24 3 3
13 31 4
100 87 8
8 95 0
34 42 8
77 29 3
61 90 2
34 85 4
25 44 3
54 38 0
7 16 3
57 56 4
76 10 6
29 57 1
54 68 0
38 89 8
17 91 0
56 10 2
43 52 8
53 96 4
64 65 5
15 11 7
68 37 8
71 70 7
19 79 0
79 88 8
85 21 3
29 24 7
64 6 0
50 38 7
81 48 5
19 85 0
49 42 3
5 69 0
4 43 8
60 79 8
59 81 2
29 28 3
82 34 4
26 55 8
98 51 8
53 18 3
24 77 1
89 92 4
54 96 1
36 45 3
3 97 1
6 85 7
34 22 3
47 44 2
25 1 5
39 40 6
61 60 3
48 1 0
63 7 1
73 68 4
96 3 6
18 58 2
86 96 1
97 19 4
49 89 3
26 3 4
7 49 2
56 77 5
16 31 4
70 49 7
80 84 4
17 21 3
28 7 5
42 56 5
8 75 4
57 45 7
57 52 7
99 69 4
62 64 3
32 70 4
82 72 7
33 19 1
59 30 7
36 16 8
76 54 2
54 39 7
96 32 4
73 17 7
80 8 1
48 67 6
43 81 7
11 46 0
12 36 1
93 78 8
36 94 1
63 85 8
25 86 0
78 5 8
9 30 3
100 62 0
100 3 0
49 81 6
3 15 1
30 18 6
73 92 1
44 31 0
86 59 3
88 3 6
60 54 1
63 75 0
56 45 0
43 40 2
33 15 7
10 24 8
82 48 0
91 25 2
26 19 4
73 76 6
57 35 8
77 81 1
50 60 1
77 100 8
87 98 4
77 90 5
48 16 5
90 9 0
54 80 6
6 47 4
16 33 0
31 90 1
77 11 7
100 69 1
52 66 7
1 27 5
24 8 1
64 81 1
96 38 0
77 85 0
55 15 5
70 50 7
93 50 8
70 35 6
50 12 2
91 5 5
7 47 2
39 82 7
4 81 5
66 8 1
26 18 8
49 21 3
39 37 0
33 70 5
56 61 6
83 57 0
44 83 3
20 58 6
86 65 1
48 45 5
91 44 3
83 18 5
32 98 6
53 6 6
92 11 2
89 53 8
51 90 5
72 37 0
25 27 2
57 34 0
42 53 8
89 70 7
66 70 0
14 52 1
55 34 6
41 58 2
96 100 2
97 90 3
36 26 2
30 36 8
26 56 1
53 24 0
27 6 4
33 4 0
43 38 3
76 61 8
57 39 5
57 9 2
89 90 6
22 78 1
52 22 2
20 83 4
78 69 5
94 15 7
72 43 0
3 43 4
46 38 0
96 36 4
98 68 2
75 36 1
91 79 5
72 61 4
10 21 8
57 84 7
63 52 1
63 38 6
7 64 3
5 38 1
69 1 7
34 97 4
29 72 6
73 18 7
96 64 0
75 16 8
79 52 2
32 13 6
70 38 2
97 94 8
42 31 3
81 97 2
38 22 5
34 48 4
52 100 7
91 100 3
11 51 3
99 85 5
67 84 8
91 80 5
61 29 0
48 27 8
82 63 7
2 52 5
74 95 0
30 76 4
72 33 6
84 68 0
10 49 3
82 67 4
71 92 1
51 30 3
13 30 4
40 12 3
38 92 3
37 44 1
37 77 8
70 75 4
10 73 2
98 27 0
11 6 7
1 36 6
90 87 6
2 45 1
19 48 8
9 66 8
16 39 1
62 66 0
34 27 5
84 56 2
57 33 8
30 4 8
52 69 6
68 23 1
10 61 7
61 53 1
54 100 7
5 7 1
51 19 1
40 23 3
96 13 5
36 64 3
30 17 5
68 53 6
35 66 8
81 71 7
11 79 1
46 83 5
7 45 2
51 59 3
70 92 7
34 76 0
30 50 5
87 44 3
25 4 7
90 99 7
28 46 4
12 26 0
94 89 7
32 21 2
38 77 5
43 50 7
89 83 4
49 18 1
86 68 8
83 27 5
40 65 2
34 100 6
14 33 2
4 42 5
35 53 1
54 13 0
56 69 0
15 85 0
99 93 7
93 8 6
88 7 2
83 93 1
28 54 5
79 56 8
2 33 7
52 4 3
93 77 1
53 9 3
36 22 8
45 18 4
31 39 8
10 14 0
26 94 2
12 43 4
75 35 7
51 18 0
64 10 1
67 90 3
99 2 5
31 55 0
48 98 1
46 22 3
94 72 7
49 78 7
50 57 7
80 28 8
17 11 6
52 44 1
97 84 6
96 88 3
23 55 2
93 45 7
85 14 3
1 35 6
8 65 0
9 71 0
98 95 6
45 55 7
22 79 8
17 82 8
76 15 4
80 29 2
37 28 3
39 90 2
85 33 8
59 72 7
95 1 0
17 12 1
17 76 1
73 13 0
89 32 5
87 23 3
60 65 7
1 5 5
64 75 7
11 16 7
97 79 5
9 16 7
49 90 0
40 38 6
58 55 4
59 25 2
7 38 7
53 70 2
38 11 1
18 25 0
99 62 6
24 93 0
10 90 1
72 4 8
24 12 7
95 67 7
27 17 1
84 55 0
69 12 4
4 82 6
58 67 8
20 59 0
44 42 7
71 69 6
48 18 3
60 70 7
64 71 2
57 73 7
76 51 8
40 89 2
97 5 2
56 63 2
29 86 0
43 17 6
78 2 0
89 64 7
48 17 2
1 55 1
54 17 7
6 73 2
14 36 3
10 52 7
65 98 3
91 2 2
4 63 5
60 98 3
13 47 8
12 34 3
99 28 8
57 10 4
59 12 4
42 1 5
82 35 0
54 99 6
99 14 7
14 3 5
23 9 2
20 43 6
33 66 3
3 56 7
60 34 6
34 28 3
81 54 7
15 80 5
65 92 0
76 93 0
6 5 6
80 23 8
51 89 8
54 92 3
37 97 1
62 32 7
13 75 0
31 14 5
67 19 5
44 55 8
48 85 5
89 33 1
95 55 8
37 8 2
86 8 4
29 21 0
78 83 1
36 99 6
32 9 7
87 45 2
71 19 7
80 22 1
24 73 1
51 93 8
92 29 2
97 23 3
17 50 8
31 52 2
22 1 8
87 95 1
31 72 3
54 59 1
14 34 0
18 85 0
52 64 3
76 91 0
24 39 6
51 34 8
15 59 2
36 32 4
21 16 6
39 99 0
66 18 1
84 1 1
46 17 4
18 72 0
98 77 7
56 44 4
13 1 4
12 15 1
96 28 3
57 86 5
17 38 0
82 30 1
62 61 3
59 76 6
57 47 6
43 8 5
28 47 4
78 32 0
97 36 5
15 84 6
31 18 2
89 66 3
26 52 3
99 87 3
26 17 0
35 79 8
56 72 1
77 10 8
35 20 7
79 85 2
26 62 4
21 62 8
18 65 2
70 21 0
4 14 7
81 32 2
89 15 4
42 46 8
51 37 2
37 90 0
75 94 4
39 83 7
20 26 6
19 100 3
62 18 6
23 58 1
15 72 7
69 37 2
6 75 0
46 2 4
27 85 1
5 51 4
66 88 2
32 38 0
56 62 6
93 97 2
82 16 4
29 27 7
60 56 2
62 13 8
35 61 4
75 23 8
14 45 5
40 21 2
46 69 6
8 60 4
27 37 7
53 81 8
82 94 0
62 74 6
23 37 3
18 87 6
39 25 2
90 41 3
19 76 8
84 89 3
93 60 5
16 67 3
37 40 4
32 33 5
34 2 6
100 89 4
87 37 4
83 90 0
79 17 3
55 91 5
97 88 1
1 43 8
31 89 3
7 79 7
85 58 4
23 67 3
18 88 2
26 83 6
30 48 5
96 82 3
6 23 7
8 94 1
77 15 5
90 29 5
32 29 4
24 51 6
14 56 7
40 11 2
36 49 4
39 97 2
39 34 7
86 81 0
29 100 6
90 72 2
55 8 4
79 32 5
32 45 6
15 23 0
41 46 6
59 69 8
100 31 5
56 58 1
80 93 4
55 32 7
96 57 5
69 73 2
95 18 6
38 35 1
91 36 1
75 1 5
59 68 5
62 8 0
21 43 4
31 83 1
6 17 1
30 67 0
73 53 7
72 48 5
97 35 7
36 29 4
74 92 8
98 84 6
54 37 0
35 27 1
73 97 8
79 43 1
100 28 7
16 45 8
84 92 3
83 85 5
3 77 6
31 87 4
27 32 0
2 53 7
73 64 4
73 16 5
66 12 3
68 50 2
52 92 8
33 45 2
86 14 8
97 89 6
2 76 8
31 98 8
26 7 4
4 87 6
97 18 7
66 42 4
62 48 7
82 33 3
51 69 2
3 37 3
46 76 1
95 27 1
46 96 3
75 82 6
47 50 0
77 54 0
83 70 3
83 2 1
80 82 5
20 9 1
17 5 0
22 59 6
84 32 4
98 25 6
22 98 0
41 25 2
50 24 2
19 81 3
56 2 8
27 15 7
93 73 2
20 28 3
72 34 8
64 66 3
60 36 3
94 57 8
44 93 2
60 44 2
12 38 3
51 56 1
2 100 8
97 10 7
11 50 3
26 60 5
91 59 4
30 53 1
85 56 0
93 43 1
54 53 2
16 79 2
94 69 1
88 9 0
43 47 8
1 94 5
55 60 1
99 32 8
37 30 3
38 3 1
59 41 5
3 68 0
94 67 2
17 57 0
48 39 3
86 56 8
3 60 4
19 25 5
7 13 6
5 4 4
27 92 8
25 80 5
11 66 8
50 21 8
93 98 1
69 60 8
82 13 0
97 29 0
50 81 3
65 85 1
73 60 8
46 93 6
38 58 4
80 19 0
92 56 8
28 90 3
5 64 7
95 35 8
77 89 5
13 15 0
44 57 3
40 92 0
1 59 7
25 74 4
42 19 6
34 53 8
87 16 2
79 75 4
48 64 5
68 38 3
43 89 6
37 38 2
93 13 0
7 85 8
24 5 0
63 50 3
39 66 0
13 88 4
66 17 3
47 4 2
77 91 2
15 17 1
95 29 3
52 95 5
70 34 3
82 68 2
6 8 5
53 82 1
22 94 3
67 99 5
100 58 6
10 54 6
71 15 5
61 13 0
78 60 1
55 68 0
86 99 6
2 35 5
92 34 6
11 49 7
94 55 4
23 61 2
25 34 6
5 45 3
44 65 0
45 73 8
15 82 6
34 16 8
86 41 1
40 81 3
66 56 3
15 74 2
39 65 4
87 17 2
7 42 6
17 39 4
59 13 6
91 97 5
48 36 5
5 42 7
51 49 4
12 65 7
3 99 3
66 93 0
3 91 3
47 33 8
46 13 6
91 78 0
87 61 2
3 82 3
51 80 4
7 20 8
18 13 6
82 66 5
19 66 5
60 92 0
80 44 8
78 25 3
85 5 6
43 41 6
78 40 8
81 47 6
3 2 7
59 67 3
89 60 4
96 79 1
5 47 8
68 65 0
76 32 8
14 76 8
3 58 0
58 95 4
15 69 8
67 55 8
81 30 6
14 98 6
38 36 1
61 36 7
84 100 7
71 76 1
19 49 3
38 28 8
35 19 3
81 60 3
10 42 5
46 36 4
16 44 6
55 11 5
58 59 2
5 73 2
69 18 3
1 6 5
86 75 5
26 15 3
78 67 7
62 51 1
5 44 2
55 81 0
81 5 7
39 76 8
10 19 3
68 8 1
62 29 1
89 17 6
51 52 3
38 47 3
8 30 6
72 24 7
20 37 7
44 64 3
14 27 0
97 56 0
31 63 4
24 71 8
87 56 4
22 69 0
98 83 7
70 29 3
56 36 3
46 24 1
42 45 6
99 73 2
72 46 3
32 41 0
59 74 0
97 59 5
90 50 5
84 54 5
98 85 6
11 27 6
15 31 5
72 28 6
97 42 0
42 67 2
84 75 4
85 78 6
82 14 6
71 94 0
97 50 4
58 73 7
16 2 1
96 14 3
51 97 2
21 34 1
30 66 7
41 72 3
90 53 7
8 19 4
98 97 7
100 49 6
90 47 0
19 56 8
89 76 4
19 3 2
60 28 4
33 88 3
99 68 6
75 41 2
43 80 8
13 33 5
96 12 8
45 30 5
97 21 7
98 70 1
57 43 6
25 75 5
90 4 4
70 48 6
10 89 6
32 12 5
37 58 7
17 18 5
28 98 3
96 7 1
22 30 2
47 3 3
96 61 5
80 30 3
2 13 6
15 5 5
60 9 6
52 54 5
32 83 7
11 73 3
34 20 1
54 63 2
10 81 3
87 50 2
9 55 6
26 93 1
68 67 6
89 54 5
12 45 5
17 20 7
91 41 5
82 47 7
79 68 7
29 84 4
91 75 7
20 46 5
70 88 6
78 13 6
10 98 6
31 61 6
91 18 2
2 57 8
21 83 8
76 25 3
74 56 6
92 39 7
36 17 6
14 44 5
87 83 5
71 13 8
63 28 8
43 24 4
36 10 5
2 89 8
39 56 8
9 24 4
16 77 4
6 74 3
82 5 8
35 43 2
41 19 2
78 75 2
88 83 6
84 94 2
73 42 2
22 76 0
62 23 8
31 27 1
71 52 7
77 86 7
70 7 1
46 15 6
49 58 8
77 96 6
9 12 1
20 64 3
38 74 1
81 29 1
88 47 1
32 51 5
51 43 5
34 35 7
9 97 0
16 42 1
77 65 0
19 57 7
35 96 7
64 98 2
24 99 8
84 36 5
45 11 6
31 68 1
90 76 0
85 89 6
9 48 3
30 64 2
6 19 0
24 21 1
39 12 7
100 53 1
69 70 7
27 90 5
69 13 1
44 73 4
10 6 5
89 34 0
22 73 1
67 34 1
60 14 7
71 85 5
46 78 2
58 97 8
75 20 0
75 99 6
64 87 5
84 60 5
34 98 4
88 29 1
30 96 7
72 49 2
47 93 7
75 53 1
64 67 7
96 19 0
41 67 7
94 93 7
100 50 4
48 31 7
18 41 7
75 34 8
65 97 6
47 51 1
86 45 3
92 10 0
41 48 6
7 84 6
64 29 2
97 75 4
95 92 2
58 16 4
38 60 4
2 25 3
23 24 5
61 44 1
75 67 4
21 61 2
24 75 7
33 77 3
98 13 6
34 83 1
95 38 3
74 87 6
67 39 7
63 24 1
54 51 3
95 46 1
21 82 6
1 65 5
51 14 1
83 60 3
77 6 1
34 4 2
65 52 8
18 28 1
74 96 0
38 8 8
21 57 2
72 92 1
77 66 2
96 71 0
39 64 2
7 27 0
66 90 6
98 26 0
5 54 4
30 86 8
48 83 6
12 60 5
8 14 3
3 63 5
28 68 6
19 32 0
3 50 2
52 86 2
99 18 6
56 47 7
68 22 3
71 46 5
84 64 4
89 24 3
42 2 0
35 32 6
84 21 4
99 74 4
5 50 5
69 88 8
57 85 2
6 24 0
53 10 2
33 39 6
43 63 0
60 41 5
95 94 1
17 78 7
41 27 5
26 8 5
16 83 7
64 49 0
17 69 2
82 92 6
92 48 7
17 58 8
51 15 5
96 15 5
58 53 8
55 3 3
44 51 1
38 79 4
80 75 0
77 20 0
56 93 0
8 89 3
61 43 4
75 7 7
83 29 7
94 34 0
4 96 5
66 84 6
4 16 5
63 34 7
95 10 0
29 68 6
43 99 1
47 8 1
17 34 0
56 1 0
34 96 6
37 73 6
99 84 0
45 24 2
12 92 8
86 23 5
9 99 5
88 53 0
37 7 3
47 58 5
91 98 7
41 14 0
40 83 0
58 68 1
13 37 3
87 5 8
85 84 4
92 51 4
62 4 8
41 36 4
21 66 8
4 22 2
26 76 5
35 28 2
66 47 0
20 94 0
74 24 8
31 96 7
60 37 7
56 73 2
70 9 2
13 45 4
45 96 3
52 20 2
38 65 8
36 20 2
67 50 6
77 12 7
55 52 0
50 53 1
94 63 5
37 95 1
29 12 2
29 17 8
48 15 1
59 35 4
5 34 0
10 30 6
14 13 3
100 45 4
41 66 7
20 30 8
2 12 4
37 83 3
55 38 2
61 28 7
50 27 3
24 94 8
78 4 6
45 83 5
10 37 8
44 4 8
48 75 7
49 95 0
82 22 6
28 97 3
81 88 8
2 47 0
58 42 4
38 82 2
64 43 3
79 90 2
48 12 8
59 37 3
19 54 7
20 6 3
28 16 1
12 6 8
93 86 6
51 16 1
98 63 6
92 64 7
71 32 5
6 69 2
9 89 0
91 39 6
42 40 4
93 28 3
77 13 3
11 39 1
83 62 5
74 76 6
79 50 0
70 23 6
10 8 1
90 75 6
62 44 1
63 21 6
30 90 1
77 2 7
11 69 4
65 7 5
12 5 2
69 8 0
79 31 7
78 34 7
51 70 8
88 67 0
53 37 7
96 60 0
54 41 0
49 87 7
16 63 2
85 25 6
91 63 8
65 76 1
100 88 8
75 22 2
35 22 3
8 22 6
49 24 5
75 43 1
47 26 4
61 15 3
40 58 8
69 63 8
24 13 2
24 78 6
46 88 5
32 75 8
15 70 3
32 15 6
49 26 7
44 78 0
47 48 1
21 54 2
32 14 2
29 7 0
61 50 6
61 57 6
8 97 7
69 53 8
76 83 4
9 15 8
87 38 4
28 57 6
92 57 2
49 50 5
88 10 1
50 89 0
78 97 6
85 50 3
73 30 5
51 1 4
31 24 4
91 89 6
3 65 2
1 39 2
39 32 3
14 54 0
2 98 2
11 93 0
57 40 1
99 53 6
63 71 5
85 76 1
100 10 1
28 31 1
45 22 7
42 63 1
99 55 5
79 15 1
45 50 0
24 48 6
50 52 5
60 58 1
12 42 6
73 54 4
92 99 6
44 74 8
20 32 1
72 27 3
48 10 4
26 67 0
11 63 8
28 66 6
21 46 2
38 94 0
3 71 6
91 83 8
65 78 6
60 40 2
5 71 4
100 35 7
42 48 5
93 48 0
42 79 0
80 95 1
93 42 0
27 26 1
96 83 4
41 37 8
5 66 5
94 29 8
50 2 4
22 92 5
37 64 1
35 72 2
61 95 6
55 48 5
41 87 0
26 9 5
61 17 1
100 97 8
11 12 0
40 84 8
97 92 8
63 9 8
97 15 2
98 4 7
27 23 0
39 72 4
1 44 6
11 20 0
11 36 5
36 40 2
12 46 1
10 7 8
49 61 2
43 14 5
90 55 0
12 89 4
12 7 2
35 45 3
93 29 4
87 80 7
23 72 1
96 76 2
27 91 8
22 47 5
90 74 8
8 11 1
62 42 6
33 86 0
50 55 4
8 4 1
49 43 2
36 24 7
94 59 8
91 58 2
28 62 4
56 46 1
88 26 7
44 10 7
75 5 6
66 50 4
90 1 7
53 19 8
54 64 2
59 62 2
66 2 5
66 79 5
57 63 1
40 55 3
44 15 6
11 78 3
10 99 1
81 89 4
64 78 0
26 29 5
42 59 2
74 4 1
67 36 6
35 30 2
36 93 0
49 40 8
65 19 2
59 53 6
85 96 3
21 33 3
22 3 6
41 44 0
26 51 8
21 8 1
100 1 5
70 41 3
99 19 5
45 1 6
92 98 1
13 55 1
49 52 2
15 6 7
31 6 5
98 16 0
50 25 5
26 97 1
77 34 8
91 15 3
58 76 8
2 69 8
47 80 0
39 18 3
95 9 2
67 62 8
29 14 3
82 50 5
2 4 7
5 93 3
2 11 8
24 64 8
100 33 6
91 62 1
28 70 3
25 53 1
46 99 6
92 55 6
57 60 4
61 41 5
28 44 1
32 18 4
70 86 1
99 5 1
64 42 8
59 65 7
64 4 3
92 13 2
65 6 0
49 69 3
98 75 8
70 36 6
14 19 2
7 17 0
46 35 4
65 25 2
91 71 1
96 22 1
26 61 3
21 45 5
21 3 4
54 86 4
95 25 8
33 75 0
7 18 5
64 8 2
95 54 4
34 66 2
16 70 6
31 9 5
79 95 6
28 48 3
20 72 2
1 18 5
60 15 4
40 97 4
58 22 2
55 100 4
17 96 3
52 98 8
81 44 8
35 42 1
4 10 4
63 89 0
40 95 4
3 66 1
64 60 4
21 56 1
1 4 6
63 8 5
74 52 8
22 56 6
50 46 3
85 16 6
13 12 5
59 99 0
45 90 5
72 60 3
91 87 2
85 82 8
87 15 1
7 53 2
84 34 6
70 1 5
79 72 3
6 92 6
2 88 1
24 80 3
6 83 1
41 9 3
88 54 5
74 51 4
56 43 6
93 31 8
93 68 3
10 96 1
31 36 4
86 80 7
6 93 2
100 13 2
59 48 0
14 39 1
22 20 2
29 1 7
91 53 5
78 8 1
89 73 5
82 89 4
61 88 2
65 58 8
41 40 0
34 6 7
84 3 3
7 89 2
16 71 4
89 67 6
46 44 5
63 92 5
73 49 1
46 40 7
18 60 6
5 95 8
33 34 4
25 90 7
28 58 7
13 90 2
35 13 3
30 71 7
56 95 8
41 51 3
56 76 5
43 36 5
95 84 6
97 4 0
59 57 4
16 62 4
20 29 8
7 33 0
46 98 3
50 41 2
67 10 8
100 17 8
16 78 8
76 78 3
76 27 4
95 93 4
4 83 0
99 82 3
81 24 5
57 16 5
49 20 2
94 49 4
20 73 0
42 84 1
96 1 6
72 5 4
31 78 6
40 34 7
11 10 5
72 97 0
46 75 5
79 9 1
61 22 1
49 96 5
35 98 8
17 31 8
52 38 7
27 96 0
26 25 7
10 12 3
65 91 3
97 47 0
83 56 3
37 21 2
76 20 5
90 6 3
20 86 7
71 18 8
62 86 2
2 49 8
17 70 6
93 34 5
37 74 3
23 93 1
11 61 2
35 14 4
61 73 1
70 8 5
70 62 3
82 8 8
51 81 4
42 23 7
1 34 8
5 31 8
24 91 5
41 88 5
15 67 1
47 68 0
15 22 3
68 90 5
64 99 8
94 33 6
78 72 7
5 90 4
90 38 8
51 27 3
100 43 3
59 47 2
38 10 1
9 14 8
87 42 0
14 87 3
65 99 3
86 36 4
24 28 7
21 5 1
23 41 6
38 23 4
83 43 1
17 75 6
1 28 8
24 42 8
16 50 6
36 19 1
70 68 5
54 16 6
92 18 7
33 84 4
70 55 5
100 48 6
43 11 1
73 12 4
35 23 1
12 95 5
21 91 2
20 54 6
21 52 7
7 23 5
36 21 3
10 43 2
48 33 4
56 4 5
88 63 2
97 66 8
45 71 5
58 39 8
53 79 5
7 24 5
33 12 3
69 62 7
22 54 2
78 48 1
25 38 6
88 85 6
3 33 0
58 21 7
60 21 6
81 70 4
72 57 2
3 18 5
98 58 4
45 20 3
54 67 1
87 58 1
22 64 3
25 48 8
98 43 8
91 42 8
62 92 8
90 24 6
32 72 6
21 44 5
70 85 1
5 36 8
67 63 2
55 53 4
68 92 2
11 5 8
98 29 5
24 59 4
48 53 4
24 30 8
35 76 3
100 40 6
23 71 2
56 64 7
67 69 8
42 60 0
93 85 4
94 32 5
21 41 3
74 26 2
6 33 5
31 70 6
52 37 7
63 95 3
38 75 4
79 58 6
42 57 6
76 98 7
87 73 4
57 1 6
8 42 7
43 32 6
87 68 6
78 41 7
59 96 0
28 78 8
5 86 5
85 75 1
77 92 1
99 25 1
41 92 5
100 23 1
15 57 7
9 87 4
43 87 5
57 4 7
23 34 3
17 37 6
37 29 8
79 99 3
61 85 4
42 96 0
37 12 5
40 9 2
70 2 5
51 85 1
32 53 3
88 98 1
95 78 3
16 17 5
44 19 0
41 74 2
15 30 8
27 40 5
11 30 7
95 4 0
79 65 5
49 84 1
95 34 6
98 19 2
63 2 7
53 26 3
25 94 3
21 42 2
71 61 2
35 44 7
79 84 1
45 26 1
71 22 3
17 60 3
32 1 7
71 10 4
23 50 1
71 1 8
99 29 8
60 13 2
26 71 8
87 75 6
16 25 4
86 67 8
34 99 0
68 48 8
88 82 8
87 69 7
58 51 6
48 66 7
4 50 3
78 6 1
6 39 3
46 63 0
96 81 6
74 35 4
11 57 5
23 64 2
10 50 5
91 95 4
36 73 2
91 51 1
28 49 3
93 55 3
78 57 7
93 49 3
42 71 5
17 3 8
52 89 4
76 68 6
31 81 1
90 91 7
63 26 7
46 100 6
7 22 6
46 39 6
58 13 7
26 65 6
90 16 7
83 75 7
13 72 6
23 8 5
81 25 0
93 100 6
63 45 4
14 26 3
53 38 8
74 31 4
1 72 4
25 49 1
58 80 7
45 54 8
41 96 7
92 42 0
67 81 6
81 41 7
31 25 3
48 35 4
9 18 2
31 21 6
53 39 3
69 16 7
22 19 4
13 44 4
72 47 1
20 82 3
68 51 7
13 53 6
3 48 5
48 90 6
50 34 1
65 84 0
24 14 5
83 58 3
55 27 2
14 48 2
100 12 0
47 31 8
30 58 1
47 78 2
89 46 8
65 20 5
44 48 4
4 77 4
83 17 5
28 12 4
18 84 6
36 13 0
54 78 5
96 94 5
93 4 3
27 75 2
69 27 6
76 60 3
20 18 4
33 27 1
98 47 8
89 39 6
5 79 7
82 51 2
37 75 2
100 15 1
85 44 4
91 74 7
40 51 2
96 29 5
62 97 4
40 31 4
33 31 5
5 98 3
48 74 8
12 76 8
61 51 1
39 68 1
73 83 8
81 39 3
63 93 8
15 28 8
62 80 7
9 85 4
37 57 0
66 53 2
86 19 2
3 72 0
35 47 5
49 9 3
21 53 1
93 14 2
45 74 3
17 42 1
70 12 7
25 22 5
92 90 4
75 54 1
64 11 2
79 48 4
85 46 6
52 46 6
94 68 4
18 42 0
31 11 0
82 31 2
7 91 5
38 72 8
9 11 0
5 74 6
81 65 7
69 9 4
41 2 5
46 87 4
23 1 5
64 72 8
86 34 3
76 13 7
87 40 2
69 50 5
22 14 8
55 74 2
10 13 6
20 19 0
64 2 8
62 7 7
80 26 5
75 14 0
81 7 1
82 69 0
11 14 1
57 62 8
56 30 2
58 92 3
97 17 0
77 52 4
46 19 4
98 30 8
60 27 6
53 22 6
47 85 2
11 84 6
79 61 5
44 7 8
80 60 3
61 66 4
44 22 4
78 9 2
52 48 6
4 73 3
3 7 0
46 53 4
37 71 3
70 65 7
56 89 3
44 49 1
77 72 6
21 26 5
88 40 4
40 85 7
90 34 7
76 79 8
94 99 4
61 16 7
9 21 1
20 38 8
62 72 0
100 61 7
83 81 6
4 46 6
72 66 4
2 48 1
77 23 8
37 78 4
16 23 7
74 71 2
8 35 7
59 3 7
16 41 3
64 63 4
99 51 0
2 6 4
4 75 0
69 44 6
55 61 1
16 97 4
20 44 2
94 79 3
58 74 0
32 40 7
63 55 3
17 1 2
100 78 8
38 44 7
97 6 8
61 8 6
84 48 7
42 30 8
3 61 3
92 16 0
71 56 4
97 80 1
8 91 1
63 73 8
10 69 4
39 45 3
69 45 7
48 65 4
54 7 0
8 77 6
65 55 8
91 37 0
44 82 6
78 88 1
36 72 4
18 11 2
13 23 2
18 46 0
86 85 7
52 34 0
47 9 5
65 62 0
90 8 7
72 84 0
71 58 8
30 85 4
16 60 7
93 81 5
39 73 5
90 98 3
92 2 6
61 38 7
96 33 4
21 65 8
43 9 1
24 70 5
49 92 8
95 26 0
68 21 8
22 95 1
84 31 6
98 71 3
94 41 7
48 96 6
98 73 3
37 96 7
22 50 6
96 20 3
62 34 0
48 57 3
35 49 2
28 21 8
4 60 1
52 8 8
80 53 0
1 63 8
12 51 2
28 89 0
30 100 6
92 78 0
12 14 6
94 66 6
33 69 0
74 3 3
81 8 3
6 26 0
72 40 6
66 68 8
83 14 0
12 64 3
41 22 7
65 15 4
2 22 3
67 18 8
76 70 1
13 83 7
8 32 4
39 70 1
40 77 4
84 4 0
91 67 7
85 74 2
20 79 6
88 76 1
58 57 3
86 95 0
34 13 7
60 33 6
81 92 1
88 15 0
1 14 0
56 80 4
42 68 7
93 15 8
9 62 6
72 75 3
63 44 2
92 43 0
35 69 0
99 47 1
30 74 2
37 24 8
9 58 8
36 15 4
3 41 7
97 63 0
49 97 8
79 98 3
31 85 5
50 74 1
47 24 8
74 27 0
47 30 6
2 87 6
16 68 5
71 78 5
65 29 0
43 91 3
38 13 5
53 57 8
87 66 6
56 25 0
28 42 5
90 73 5
19 92 0
88 59 1
70 63 8
77 50 1
58 63 5
25 14 6
13 68 6
69 32 4
62 68 7
99 72 3
62 60 1
94 4 7
89 22 7
66 37 3
77 58 0
20 60 1
10 45 6
62 71 1
45 84 3
21 1 8
34 36 8
4 54 4
8 57 1
29 43 5
98 41 5
31 66 5
32 90 6
40 6 7
32 28 7
30 83 7
73 29 0
27 63 5
85 13 2
79 40 8
90 22 3
88 50 5
76 92 8
62 17 2
54 90 6
42 88 2
11 58 5
72 12 3
63 41 4
84 6 2
61 98 0
97 48 4
41 42 3
88 52 4
14 88 6
33 68 1
63 78 0
92 46 2
23 76 4
5 14 1
27 2 4
53 15 8
15 99 2
6 94 4
50 91 7
11 60 4
24 76 8
83 15 3
70 95 2
86 48 2
90 14 8
9 64 0
85 29 1
100 5 3
55 98 5
51 10 8
96 18 7
46 33 3
72 67 4
69 29 2
38 16 4
40 30 8
16 56 2
12 54 0
30 88 1
5 18 5
44 11 6
5 37 0
6 45 2
100 76 5
97 68 6
78 14 3
32 74 1
46 84 6
52 78 4
2 7 6
89 59 3
73 19 8
22 39 0
73 26 8
19 69 8
100 27 4
90 69 3
68 2 6
7 59 1
2 21 8
4 40 6
49 22 1
52 82 7
81 100 1
92 96 7
75 76 8
35 80 0
23 81 4
47 62 0
67 44 2
27 56 8
88 51 6
92 53 8
39 74 3
15 10 7
25 23 7
81 76 6
18 38 2
34 24 0
5 13 0
21 78 2
28 83 8
48 77 4
77 19 3
91 12 4
77 68 0
74 65 8
98 9 8
82 18 1
25 64 3
26 10 7
9 73 1
81 87 6
13 4 3
38 98 3
38 42 5
17 98 5
69 42 2
72 58 8
46 1 0
74 2 1
62 78 0
56 23 3
48 49 4
48 32 2
59 36 4
90 60 5
74 54 2
62 98 7
12 16 8
43 69 4
12 27 5
23 63 1
40 86 8
5 35 1
28 25 6
88 17 3
40 67 0
61 58 6
37 36 7
16 91 2
23 12 3
35 26 6
45 68 1
77 46 8
80 79 7
38 30 8
50 37 0
50 6 8
25 36 3
74 9 6
13 74 4
55 49 8
81 20 1
72 17 6
35 68 8
41 35 0
55 7 8
88 95 5
69 38 5
22 9 6
57 65 6
5 65 7
73 88 5
40 26 8
87 19 8
37 88 7
70 94 8
51 57 0
39 69 0
39 29 8
66 80 2
98 15 2
39 85 5
100 36 2
35 78 5
81 36 5
27 44 6
64 70 2
88 68 0
74 94 4
39 44 1
34 9 1
90 36 0
83 65 5
27 71 6
49 88 2
34 49 7
98 86 3
12 22 0
7 46 4
68 96 7
100 24 4
10 83 8
86 26 0
91 34 0
74 89 1
35 84 0
43 68 6
90 42 3
57 23 8
70 72 5
57 32 2
30 61 2
54 40 5
74 34 4
6 46 0
96 73 1
61 75 4
62 76 2
89 3 1
93 65 3
93 53 3
41 93 2
11 47 6
84 16 8
95 43 2
5 52 3
70 27 3
41 55 5
100 85 5
52 16 1
95 76 8
56 81 2
45 9 7
32 22 5
44 24 6
15 35 1
70 52 0
72 26 2
14 91 2
44 89 5
19 29 2
15 40 3
24 20 2
9 76 8
14 53 1
76 36 7
38 49 0
2 24 0
42 85 5
66 15 8
86 2 8
14 65 8
52 84 6
80 52 8
7 99 4
30 52 8
92 94 3
7 58 8
55 80 7
55 51 8
13 19 2
91 57 0
27 21 2
22 33 6
64 1 8
44 8 5
100 86 1
92 83 8
70 82 6
3 51 1
48 8 6
77 87 8
8 3 7
4 76 3
17 35 1
62 88 0
74 66 6
77 51 4
1 53 8
56 94 8
58 70 0
30 72 4
12 31 6
92 28 5
33 18 2
80 72 3
8 29 6
100 99 6
23 95 2
73 41 3
63 65 0
18 63 5
28 71 6
11 26 0
86 6 8
61 84 1
73 59 6
60 85 8
42 51 8
29 38 0
87 35 4
59 32 0
2 62 8
53 31 1
25 52 4
70 43 4
14 49 2
74 83 7
31 88 1
64 82 3
21 74 4
2 19 8
87 63 3
82 71 7
56 11 2
15 37 4
58 4 3
23 26 0
10 22 0
84 96 2
65 43 8
10 3 3
18 77 1
80 92 0
80 5 4
61 82 0
55 24 2
33 35 0
91 28 2
79 62 1
65 47 3
100 20 6
82 90 2
58 82 6
22 26 6
9 59 1
19 60 3
3 30 3
88 92 5
41 34 7
55 87 3
1 99 3
13 6 6
58 81 2
45 46 4
21 75 8
57 18 7
89 25 0
33 95 1
55 62 0
7 31 0
86 78 2
9 8 8
28 75 4
19 55 7
89 57 4
97 60 1
17 81 0
72 100 2
25 30 6
59 19 2
26 39 5
18 55 1
98 96 0
30 99 3
7 50 2
66 71 7
23 3 2
94 90 3
47 16 0
89 86 3
65 53 2
47 64 2
54 3 2
16 76 8
96 43 1
64 61 1
55 14 0
50 75 7
47 25 4
37 62 3
3 98 2
44 88 6
68 27 1
64 27 4
65 17 6
23 79 5
7 32 0
93 84 5
48 51 6
62 14 6
68 95 7
14 66 7
93 39 6
3 13 5
84 10 0
56 40 3
43 48 0
74 47 6
28 9 5
25 93 4
91 92 5
20 47 8
74 81 4
15 73 3
75 62 0
94 11 6
80 40 2
47 12 5
4 55 7
17 51 5
40 17 6
69 80 7
16 74 5
68 30 2
2 26 6
55 20 8
27 24 3
4 85 1
32 54 2
2 60 4
6 76 8
21 86 1
37 61 6
86 92 4
60 24 7
70 93 8
87 48 6
32 16 6
16 95 6
34 43 4
3 11 6
11 99 5
5 96 3
96 11 4
44 54 4
58 10 2
30 75 8
79 44 4
1 78 1
20 99 5
37 14 4
5 77 6
9 3 4
42 13 4
21 81 2
86 17 5
11 65 4
80 9 6
54 94 5
74 97 0
66 81 3
36 82 3
42 86 1
63 83 2
38 27 4
97 54 4
96 80 4
86 97 0
82 54 6
82 81 4
12 52 7
100 79 2
62 85 8
72 25 6
73 65 4
23 39 1
93 27 0
20 91 0
90 21 6
11 32 4
80 61 5
42 11 7
81 46 7
67 52 5
62 46 1
69 21 8
47 67 3
70 91 1
25 45 1
95 17 3
18 81 3
62 12 2
78 53 5
62 87 6
78 39 5
31 67 5
39 10 4
1 80 6
55 25 8
8 5 8
28 81 8
66 6 2
97 22 7
44 98 4
33 23 8
84 17 5
54 91 5
66 20 8
40 47 5
75 9 4
40 91 4
36 44 6
16 37 6
31 34 8
28 50 4
29 46 0
74 53 1
37 49 8
22 24 2
32 3 6
24 35 4
74 78 3
7 60 0
66 10 1
63 33 2
22 21 4
79 18 4
84 8 0
24 1 0
2 59 1
6 43 5
85 54 8
94 45 0
11 81 1
44 33 6
27 84 6
66 73 1
71 68 2
79 86 2
68 11 2
20 87 5
92 4 8
74 12 7
10 28 1
54 83 0
55 66 4
79 27 1
95 57 4
40 3 7
78 55 1
32 91 0
9 100 8
45 37 7
78 10 3
58 14 4
24 68 8
93 92 0
27 54 1
68 91 0
77 67 8
40 19 4
16 1 7
89 69 5
49 67 4
41 4 3
50 29 5
9 72 1
47 63 5
20 95 5
80 99 1
92 21 4
3 6 0
90 84 3
52 75 1
41 33 3
78 56 0
44 2 7
14 64 0
66 86 5
61 67 4
32 17 8
71 57 4
45 67 4
1 47 4
33 93 3
1 33 5
40 24 6
39 94 7
46 97 3
11 88 3
25 82 6
2 9 2
3 62 0
94 80 4
63 99 0
63 77 2
46 80 2
64 17 7
5 23 6
1 91 3
21 4 5
25 13 4
69 31 1
96 50 6
47 94 8
81 61 1
71 41 1
10 86 7
44 6 5
3 27 0
32 47 6
21 64 2
65 61 8
39 100 6
28 36 7
7 80 1
76 80 3
86 50 5
14 38 2
100 38 8
33 26 3
86 18 5
67 6 6
58 46 6
44 86 6
61 42 5
95 96 7
61 70 8
35 94 0
4 65 7
93 52 6
66 85 3
6 28 0
17 33 2
59 80 5
54 50 2
6 55 7
7 97 2
57 49 0
62 1 7
29 16 0
50 76 0
19 84 8
39 42 4
64 58 0
63 40 3
91 84 3
1 19 3
66 76 7
40 2 3
51 78 7
84 74 2
16 96 3
45 59 5
45 79 5
91 88 1
33 25 2
46 79 2
89 6 8
87 47 5
91 81 7
85 32 1
26 50 6
83 22 5
28 22 0
25 42 8
32 63 2
79 55 7
68 15 7
26 4 3
100 70 1
41 11 6
36 54 3
95 59 0
72 19 1
12 81 2
21 23 8
63 25 6
76 8 6
19 88 2
75 29 4
29 76 3
41 17 8
80 34 2
88 65 2
9 35 3
62 77 0
14 79 8
99 44 0
96 39 5
29 22 3
10 65 2
47 60 6
49 60 1
11 71 7
33 36 3
20 92 0
53 4 5
41 12 4
90 52 4
53 87 0
45 3 4
37 18 2
56 37 0
12 63 8
61 34 7
91 35 6
100
10 26 10
16 32 16
22 7 22
24 86 24
28 100 28
31 75 31
34 4 34
35 54 43
39 80 62
44 30 65
57 62 69
63 9 79
87 34 87
88 70 90
105 95 105
131 78 131
134 28 134
137 40 140
147 49 158
148 63 160
152 25 162
166 6 179
185 79 188
186 85 189
188 48 200
191 22 204
202 88 205
236 73 236
237 76 237
256 24 256
269 19 269
273 57 273
283 73 283
289 91 298
298 80 307
302 36 321
306 23 347
308 9 371
318 81 397
324 49 398
327 99 404
331 26 430
338 44 436
374 83 442
385 35 443
386 27 444
401 55 446
420 94 472
422 25 478
430 15 490
436 18 497
458 44 509
477 71 511
489 50 518
499 72 551
502 6 556
503 85 568
518 58 573
526 84 579
538 42 580
542 58 589
551 20 622
557 35 636
592 2 647
624 30 649
629 49 652
642 98 658
643 21 677
658 47 679
671 54 687
702 41 702
703 13 703
706 24 719
727 30 731
745 39 745
747 39 755
761 50 771
780 57 780
785 53 787
786 47 792
791 3 810
794 97 826
825 34 828
833 14 834
847 64 860
850 97 895
873 100 900
876 36 909
877 45 915
906 18 940
907 87 944
920 52 946
922 25 949
940 57 961
945 32 977
954 70 978
965 31 981
986 5 986
990 59 990
1000 72 1000
