100 2970
92 69 5
29 41 4
55 70 6
70 71 1
54 65 4
22 93 7
73 35 2
98 51 2
9 36 1
35 48 0
1 44 0
67 56 1
13 37 1
89 49 7
38 56 2
76 11 0
8 6 0
49 67 8
72 17 1
37 42 8
39 9 7
42 51 6
78 29 3
85 48 6
39 34 6
31 30 6
44 51 6
65 29 0
52 2 1
30 66 6
50 18 6
13 90 3
96 6 0
70 19 1
96 60 6
62 13 8
49 43 6
97 41 1
40 73 7
53 27 1
91 6 5
13 84 2
84 75 4
44 35 5
56 74 3
82 67 5
58 73 3
11 70 6
34 57 8
22 75 0
11 52 0
89 3 8
42 35 4
21 92 5
5 35 3
99 97 1
30 100 5
93 3 0
67 32 0
63 46 7
26 37 6
11 25 3
8 2 2
8 46 7
41 24 2
2 39 1
19 30 1
96 32 3
3 67 7
33 53 3
32 41 3
59 60 1
10 72 6
39 20 2
3 70 5
4 84 3
23 74 7
70 34 6
38 76 7
64 76 2
7 57 3
36 16 3
100 11 3
11 34 8
76 50 7
85 54 2
73 89 7
87 29 6
39 80 3
81 19 8
49 11 1
100 37 0
53 24 0
95 29 2
81 94 0
4 32 3
68 70 0
92 45 1
88 83 4
14 1 8
53 41 1
61 6 4
60 98 7
28 17 8
3 66 4
36 32 7
23 61 3
83 65 2
80 7 4
81 46 2
86 70 0
78 4 3
81 53 7
49 58 6
40 81 7
83 85 2
72 92 6
72 22 5
90 99 8
88 32 7
56 2 3
64 58 0
68 28 5
90 45 7
52 64 1
75 53 4
21 70 2
67 18 6
87 57 5
63 20 5
41 57 6
3 26 5
41 90 8
60 99 3
92 52 4
37 62 6
62 31 3
30 23 7
40 49 3
25 55 2
2 18 5
5 85 6
35 51 6
80 44 6
62 93 5
53 7 6
24 37 6
45 7 1
36 38 6
48 61 7
14 30 6
4 50 2
43 22 5
26 45 5
77 30 5
4 23 5
75 79 6
95 79 1
95 27 4
96 44 5
62 69 7
20 10 3
59 66 2
93 52 4
54 42 8
82 3 3
32 83 3
41 69 0
38 83 4
76 15 4
69 91 6
66 63 5
51 97 7
67 74 3
33 38 7
8 100 4
93 66 0
43 65 7
82 79 4
83 33 1
16 83 8
40 56 1
20 50 6
36 97 2
98 85 6
14 75 2
20 79 5
90 19 0
20 67 8
49 7 8
33 17 2
7 87 4
54 40 8
6 99 1
98 66 6
9 80 2
81 70 6
52 28 8
59 73 8
77 88 5
12 6 1
20 7 8
70 69 8
64 85 0
74 89 0
93 75 3
44 61 6
60 42 6
28 74 8
95 23 3
73 96 2
33 59 6
78 44 3
42 95 2
22 2 5
59 14 2
42 10 3
18 33 3
70 76 0
22 64 5
99 79 1
67 55 0
2 7 2
19 54 7
50 63 5
82 30 0
18 62 0
8 73 3
62 76 4
59 44 8
55 20 2
66 74 3
1 6 2
73 84 8
49 24 3
92 93 6
28 60 2
79 32 2
92 88 4
74 93 8
13 80 1
7 73 4
63 29 4
11 24 2
21 57 1
47 66 8
63 86 4
15 25 1
14 54 4
76 82 2
92 61 0
44 2 8
47 95 2
30 35 5
61 39 7
59 41 2
1 21 4
49 5 6
39 84 0
46 19 0
90 78 6
95 4 1
12 69 2
45 30 2
28 25 0
63 27 6
90 93 7
37 75 0
95 63 2
61 16 7
27 89 3
18 56 7
25 46 7
61 88 2
59 45 0
91 41 3
94 30 0
24 75 5
28 73 5
66 82 7
76 57 6
61 94 6
97 20 4
44 69 4
74 90 3
89 52 8
84 69 3
76 45 6
20 29 2
31 70 8
90 81 6
10 56 3
55 77 8
26 15 6
57 85 2
36 82 2
30 34 5
87 67 2
85 82 8
85 11 0
43 84 7
6 20 3
27 18 5
71 43 1
95 85 2
87 82 5
85 87 8
78 36 2
47 92 5
18 49 1
49 95 0
98 75 6
94 69 0
15 35 3
18 57 7
66 91 3
49 33 4
88 5 4
24 91 4
74 91 4
97 35 8
38 68 0
83 99 4
91 37 2
52 94 0
79 13 0
7 11 4
45 8 7
12 79 3
80 10 2
21 4 6
39 72 0
91 85 2
52 49 3
27 2 7
29 49 1
39 16 0
67 40 5
21 33 3
94 82 8
68 73 6
17 11 0
17 19 5
44 54 5
95 53 1
56 28 6
71 1 2
86 94 1
27 80 7
71 55 5
2 68 3
18 28 8
59 38 5
60 53 7
14 91 2
78 84 3
97 13 8
56 63 2
43 2 6
42 66 3
46 22 0
98 24 7
76 5 0
66 51 1
93 27 3
6 64 3
41 70 7
15 57 4
97 43 2
23 33 6
56 96 3
13 14 2
96 11 2
66 61 7
77 20 1
100 5 3
26 94 0
4 68 3
16 60 2
94 73 8
71 67 5
32 31 3
89 61 0
50 3 6
84 92 7
87 34 8
73 86 6
71 54 1
57 99 1
97 100 6
75 78 5
14 71 6
86 67 2
63 53 8
38 53 8
29 45 7
34 17 0
97 48 6
25 45 7
76 77 0
22 45 1
53 79 0
53 67 7
31 28 5
21 76 8
63 80 2
10 32 3
8 95 1
60 87 0
89 29 8
82 99 1
14 72 5
70 72 1
44 79 8
53 11 3
87 28 7
33 67 0
9 99 3
1 86 7
36 8 7
75 3 5
79 70 4
8 61 2
93 28 7
80 73 1
12 87 7
51 6 7
63 18 3
77 73 7
65 62 8
76 20 3
68 40 3
4 42 1
40 63 2
92 55 6
72 79 6
52 71 6
25 88 1
49 72 2
18 44 0
8 14 0
55 51 2
46 5 6
91 93 5
54 8 2
98 76 4
4 89 1
41 77 5
6 92 6
97 59 3
79 1 7
94 77 6
80 4 2
99 46 4
38 1 1
13 58 0
100 1 7
25 69 1
45 85 7
86 47 0
15 78 7
63 47 2
61 26 0
14 24 4
43 8 0
56 41 7
89 11 1
2 77 2
100 81 5
69 53 8
89 79 7
5 26 7
81 47 8
16 59 7
31 60 1
68 95 3
46 24 5
17 31 0
54 37 0
43 53 8
10 71 2
65 18 7
43 63 8
11 29 6
90 25 6
89 1 0
18 12 3
34 25 6
38 88 0
47 6 5
78 60 7
23 34 8
46 4 0
48 8 1
29 37 3
56 31 0
7 55 2
72 47 4
88 21 2
81 54 2
58 6 8
98 38 3
68 76 0
15 23 7
16 65 7
9 35 0
28 40 6
72 8 3
8 98 3
64 29 5
40 88 3
39 35 6
93 70 0
13 29 5
63 24 3
8 84 3
20 54 4
37 45 2
9 61 3
38 20 0
68 31 6
45 43 3
85 78 1
30 65 3
29 54 3
24 69 7
20 44 6
7 40 0
63 92 1
84 5 4
2 31 4
61 51 5
88 72 7
60 34 8
9 2 7
37 28 4
53 39 4
56 54 4
83 12 1
62 88 0
64 39 7
10 59 5
11 75 7
71 2 2
33 97 2
100 94 7
24 92 3
80 85 1
42 98 7
79 11 2
76 16 5
76 94 6
82 40 0
42 91 1
14 66 0
7 16 7
87 78 7
94 5 8
8 68 4
56 47 2
75 20 3
53 64 0
25 91 0
32 85 7
100 25 1
63 17 2
69 11 7
49 82 1
58 88 5
46 20 6
4 3 7
7 50 7
83 86 5
71 97 0
18 46 2
30 86 4
50 61 1
26 50 2
44 38 0
91 29 0
64 56 0
46 93 3
14 82 4
91 65 5
4 66 1
90 59 5
98 86 2
68 9 2
10 65 8
26 92 3
13 28 7
14 93 7
88 35 4
16 24 7
67 58 3
30 59 0
90 89 8
89 82 7
95 19 5
82 32 5
90 68 0
60 13 6
37 82 0
88 24 3
59 89 0
25 94 8
22 80 2
62 6 6
45 56 1
56 72 3
78 98 0
61 76 8
6 70 5
18 25 7
26 74 4
80 47 5
80 30 2
92 71 3
96 10 0
93 11 5
30 78 6
31 87 8
7 72 6
51 71 8
90 75 3
2 61 0
24 93 5
59 50 7
62 72 2
21 97 5
57 97 7
9 93 7
35 21 4
57 83 4
77 85 8
21 40 5
59 62 7
12 52 1
58 42 0
63 52 8
54 24 5
4 74 4
88 82 2
30 63 6
31 12 3
63 36 4
32 45 4
26 31 2
73 75 3
65 79 2
10 73 5
31 51 6
65 68 5
81 39 6
54 62 1
84 35 7
60 17 4
21 15 0
43 61 1
32 1 4
22 63 6
47 38 4
64 40 7
38 50 3
59 29 1
83 8 6
55 11 2
90 16 5
46 51 3
77 51 4
58 2 1
21 32 2
89 93 0
71 34 1
17 95 4
79 26 7
72 85 4
16 44 3
82 95 7
96 30 5
97 40 4
60 26 7
1 9 4
53 59 4
75 36 4
9 19 7
61 56 6
37 50 1
23 5 3
80 97 5
83 96 8
93 31 1
59 69 1
35 17 2
7 5 2
84 98 0
33 100 6
77 33 7
53 70 1
23 79 2
45 68 6
13 85 3
3 6 2
46 87 7
39 86 1
7 79 2
61 69 0
90 42 0
57 49 7
48 10 7
97 64 5
73 95 5
91 67 1
19 42 2
42 52 6
79 84 6
64 81 6
12 13 8
42 50 4
50 52 4
7 56 1
57 88 7
9 73 4
49 15 1
42 59 4
28 72 4
5 12 6
11 63 5
33 44 8
47 37 4
83 29 0
37 35 2
71 59 1
33 60 1
68 49 7
23 41 6
57 22 3
27 30 0
82 68 2
9 83 4
17 59 1
24 40 7
73 66 8
92 12 2
13 5 0
11 38 2
100 35 5
78 5 2
37 98 3
100 91 3
30 36 2
98 32 2
35 98 4
37 6 8
41 10 8
92 44 6
86 46 8
63 84 7
22 26 2
32 49 6
67 90 8
37 64 0
1 55 6
63 6 7
22 19 5
67 15 1
64 16 3
31 29 7
36 64 2
16 89 6
43 52 0
42 17 1
94 59 2
26 76 6
9 17 7
7 93 2
12 65 1
47 96 2
82 16 8
82 96 2
39 30 2
53 18 2
35 33 3
14 85 3
25 80 7
68 44 8
88 22 1
49 54 2
70 57 3
55 31 1
53 99 6
32 43 4
57 53 4
18 52 5
61 24 8
44 89 2
77 66 1
34 79 0
98 5 8
40 46 7
79 71 5
82 34 0
77 12 7
52 62 2
34 3 3
83 100 4
24 58 8
2 51 8
46 72 2
19 34 1
9 86 1
91 15 8
100 18 3
98 70 8
23 64 7
1 90 0
93 32 8
88 3 2
72 61 0
32 20 4
73 27 0
85 17 2
70 51 2
58 38 5
46 10 5
49 100 1
49 3 5
66 60 7
82 70 2
77 32 5
8 56 7
74 97 4
40 39 5
39 94 4
8 3 4
17 4 4
84 47 0
81 3 5
31 88 5
54 100 5
27 28 6
15 75 6
74 29 3
56 100 1
100 22 8
17 70 4
31 100 0
52 57 4
92 25 5
19 92 2
25 33 8
28 14 7
84 82 3
71 94 1
78 97 0
99 7 1
65 82 8
37 1 0
98 56 7
69 22 0
61 70 7
62 85 8
4 15 6
83 24 5
23 59 0
96 15 1
14 25 6
16 53 5
4 36 2
10 92 7
50 72 4
47 70 5
12 89 6
57 44 8
17 99 6
89 58 0
33 19 0
62 89 8
84 96 7
40 36 5
94 64 8
59 68 3
15 52 7
61 4 6
38 63 3
77 60 5
57 6 0
9 78 8
57 56 6
24 90 4
37 27 4
39 59 6
1 67 6
55 15 4
17 67 2
41 74 4
46 94 0
30 81 1
71 39 8
42 16 7
79 4 2
14 23 5
68 37 4
76 83 7
76 59 4
36 20 1
54 97 4
43 27 7
2 4 8
70 33 6
11 9 6
60 10 6
24 27 5
42 45 4
32 76 5
74 43 8
26 67 5
20 93 2
94 13 8
99 33 4
11 90 7
54 84 5
49 8 7
4 39 7
45 73 5
23 70 7
99 91 2
96 16 8
25 98 8
58 52 4
84 19 5
90 4 7
50 91 6
56 91 4
3 44 7
28 84 5
79 74 1
53 21 3
65 21 4
8 4 6
66 1 4
33 50 5
51 79 8
91 19 6
52 81 5
57 16 3
89 55 7
62 94 7
96 45 8
89 39 3
24 66 1
97 47 8
44 40 2
81 7 0
50 36 1
51 30 1
6 68 1
47 82 2
55 57 4
9 62 1
75 30 0
25 22 4
66 32 2
26 98 8
27 67 1
7 21 6
83 5 5
27 79 1
75 29 8
10 55 5
99 31 5
79 8 2
74 54 4
31 50 5
100 15 5
26 58 1
26 43 8
31 92 5
24 85 3
69 43 4
90 73 8
97 66 4
4 24 8
18 77 6
25 4 3
94 10 1
29 15 8
31 48 1
56 4 8
20 86 2
85 49 3
88 91 0
45 34 3
12 28 3
60 81 5
83 81 7
70 22 5
17 37 1
8 13 0
4 53 3
4 14 6
96 46 1
84 22 3
63 25 3
1 48 5
32 52 5
85 88 4
47 60 8
43 47 8
38 81 1
56 48 5
15 24 7
73 38 8
31 20 4
62 23 8
69 87 4
8 16 5
17 16 0
13 64 8
27 52 4
66 96 1
16 55 4
45 55 4
14 51 1
74 32 7
49 26 0
100 63 3
72 9 6
50 96 5
5 53 8
42 6 8
12 74 5
14 76 0
91 63 8
42 75 0
18 47 6
81 15 3
78 100 5
46 12 0
34 26 1
60 68 4
82 13 0
95 99 2
28 46 1
67 2 2
8 33 1
98 9 2
94 16 8
30 48 1
85 76 1
80 66 7
34 24 2
61 12 2
74 63 7
54 94 4
86 65 8
21 31 7
22 17 6
26 73 8
28 57 3
100 65 3
31 57 1
54 93 7
17 65 0
59 47 6
18 20 8
64 63 5
23 13 3
11 8 3
11 71 7
37 65 2
6 97 0
19 3 1
64 31 8
27 39 6
45 10 6
92 75 5
16 91 7
95 35 7
100 24 0
21 25 4
99 45 4
50 8 3
11 23 1
38 75 6
64 73 3
18 92 5
20 24 7
3 73 5
34 78 7
68 57 3
95 96 6
86 81 0
66 16 4
89 66 7
51 81 3
1 64 8
76 60 6
37 25 8
68 24 7
42 62 3
1 74 7
58 100 3
80 12 2
74 6 1
32 44 6
3 63 7
43 59 4
68 30 1
74 22 6
31 95 1
37 86 5
82 23 8
88 66 4
18 10 8
72 100 2
73 46 5
36 5 6
18 17 8
20 92 8
51 92 7
22 83 0
31 72 1
99 43 4
51 9 8
15 31 4
21 42 3
20 100 3
89 50 8
55 29 8
87 65 4
93 1 2
61 13 8
64 34 0
30 44 7
59 56 1
13 26 1
46 52 3
85 38 7
61 55 6
47 13 8
44 6 1
52 86 5
89 38 3
99 14 6
23 42 8
51 28 3
21 75 5
31 81 1
36 62 8
45 74 6
54 48 4
93 34 8
85 41 0
42 26 2
88 39 8
23 32 0
11 92 2
79 85 4
55 66 7
18 30 1
65 69 8
48 32 4
36 39 0
37 40 2
52 41 6
54 57 8
7 4 2
66 15 8
30 38 3
7 43 6
5 21 8
58 82 5
1 94 8
61 59 2
75 35 1
95 26 0
41 48 6
70 42 2
72 58 4
33 7 4
87 51 6
97 4 3
21 66 3
36 7 5
52 8 5
54 27 1
98 40 3
39 38 6
1 40 2
91 96 7
37 3 2
40 32 4
21 74 4
13 92 6
54 11 8
62 57 1
78 38 0
93 36 3
1 85 7
65 6 8
8 39 2
41 4 8
34 89 8
25 66 3
19 47 3
15 68 1
7 86 4
33 64 3
72 69 7
49 91 0
89 46 2
10 14 5
61 68 4
51 82 3
16 88 5
73 29 4
8 51 4
34 20 2
39 18 5
1 59 8
75 34 0
64 50 0
51 68 1
51 34 7
68 74 2
21 9 6
72 26 1
77 28 1
8 44 3
97 2 7
44 58 3
44 48 6
33 45 6
67 24 8
59 82 6
40 42 3
13 3 6
82 97 7
81 28 3
47 90 7
27 74 2
1 19 4
13 42 8
69 90 1
82 10 0
93 86 2
9 8 5
37 83 0
16 13 3
52 22 4
51 90 5
40 89 6
28 39 2
4 99 7
18 71 0
27 100 7
5 51 6
70 77 4
7 66 5
32 27 6
22 86 1
59 87 4
99 51 6
40 79 8
87 81 4
17 2 0
84 14 3
53 8 8
91 47 2
72 48 3
86 79 5
78 27 2
64 84 2
97 96 8
53 51 8
75 71 1
77 91 1
90 63 2
13 55 6
63 81 4
64 51 0
70 83 6
25 39 3
58 61 0
71 4 2
35 31 1
32 19 1
34 33 0
58 23 6
2 66 7
91 21 4
17 15 7
5 50 7
75 94 7
71 36 8
11 48 3
27 81 3
43 4 5
25 82 1
39 12 8
87 42 1
95 3 0
42 56 2
3 83 6
10 64 7
40 31 8
59 40 1
97 11 0
55 32 1
57 4 0
56 29 4
78 80 8
88 81 1
26 47 5
22 61 5
84 16 5
97 61 4
83 48 1
41 67 5
77 37 5
91 89 4
89 24 7
63 93 1
93 50 6
71 15 4
97 42 1
39 75 5
4 6 7
76 69 5
51 33 1
26 69 2
78 91 2
50 67 7
4 81 7
47 16 5
41 86 5
24 43 5
91 22 5
69 38 7
1 57 6
15 86 1
90 30 5
83 42 2
22 55 6
57 9 5
60 30 6
52 39 1
69 48 7
10 8 1
98 97 5
37 87 0
6 83 6
7 32 7
26 54 6
11 10 4
11 74 8
14 62 4
23 92 0
93 76 0
25 44 2
33 75 0
52 75 1
72 33 6
70 58 4
11 47 3
30 93 3
33 41 7
91 26 0
37 2 5
84 51 6
27 16 8
53 47 4
12 9 3
58 20 1
43 50 8
53 6 4
2 10 1
11 44 4
61 82 6
66 11 0
39 70 3
3 68 6
94 43 1
90 76 1
90 2 3
53 3 8
75 45 1
56 85 4
80 90 7
14 43 5
49 9 5
28 49 1
96 79 3
34 14 3
85 2 8
10 22 5
72 87 3
92 22 0
29 99 1
13 1 1
19 37 6
73 17 3
13 93 1
95 72 7
93 38 2
90 79 6
3 99 7
68 29 5
20 85 4
50 58 2
34 40 1
19 56 2
51 23 1
80 95 2
53 40 7
62 16 3
48 80 1
44 53 5
74 35 7
95 93 8
97 53 2
48 12 4
25 26 4
9 48 2
91 30 5
67 12 5
51 96 4
12 99 3
76 17 5
55 94 4
38 15 8
15 1 8
75 74 3
10 51 0
25 76 3
58 60 8
96 9 5
84 93 3
7 25 3
74 88 8
5 66 1
16 11 6
23 91 3
80 81 6
18 70 4
97 18 6
53 89 5
67 25 3
82 19 8
79 33 5
7 98 7
23 50 3
60 74 3
10 1 0
55 19 5
92 89 3
2 49 8
38 28 3
92 39 6
40 30 4
72 63 2
4 67 4
86 36 4
45 52 6
98 3 4
15 62 8
34 61 1
69 74 7
64 57 3
54 53 1
43 60 6
69 51 6
46 35 4
29 50 6
24 72 6
91 59 8
85 8 2
26 56 0
72 77 1
18 6 0
55 82 8
59 52 4
59 31 2
76 91 0
31 66 5
34 67 2
54 75 0
77 79 8
57 71 5
15 60 0
45 36 1
8 7 7
78 59 3
86 76 4
47 65 5
22 59 6
37 58 0
45 50 5
99 87 5
22 28 6
15 28 8
10 79 8
92 4 5
9 6 2
64 43 3
2 86 7
50 34 1
96 18 1
8 58 2
59 6 3
40 18 1
9 70 5
13 10 0
84 61 4
4 37 5
96 48 6
45 31 4
76 51 8
34 81 8
85 25 3
37 56 1
48 95 3
43 86 7
14 73 5
32 14 8
72 96 8
9 56 2
12 58 4
81 2 8
55 3 4
41 25 5
60 14 1
60 37 0
71 24 6
7 95 8
72 74 0
9 40 1
78 99 8
91 9 5
94 27 7
16 29 6
23 67 0
3 60 0
66 9 7
37 79 3
58 11 7
75 99 8
23 48 0
87 20 7
30 20 5
80 15 7
98 16 4
34 9 4
95 87 0
12 43 1
67 5 6
84 44 6
100 93 0
91 8 7
57 92 4
95 37 3
40 14 8
77 27 0
74 40 5
1 25 4
36 69 5
69 88 6
11 81 6
20 62 3
19 57 7
68 21 6
96 42 7
24 9 0
5 40 8
30 50 7
90 39 1
39 85 3
42 46 8
92 53 8
95 41 8
54 12 2
43 55 8
54 7 1
78 74 8
9 44 4
76 40 5
82 9 2
61 80 0
89 45 7
93 78 8
7 22 3
45 54 3
38 27 8
54 89 6
69 5 8
55 39 4
84 34 5
72 15 1
29 14 1
15 6 8
60 84 0
26 48 7
82 20 1
96 27 5
78 17 2
95 16 2
87 91 5
55 9 6
65 20 8
12 62 7
44 66 2
99 88 4
18 51 7
68 72 1
45 11 6
56 46 1
34 48 7
54 55 0
85 37 3
58 1 0
74 62 7
47 27 7
5 10 6
89 2 6
64 93 2
77 93 8
32 12 8
87 56 4
81 65 0
86 14 4
73 33 1
88 19 5
80 96 0
72 32 3
33 62 5
35 14 3
44 56 3
61 74 0
66 72 3
5 41 7
3 30 3
77 43 2
27 72 4
16 35 2
78 89 5
71 29 3
65 66 0
71 53 7
28 35 8
15 7 5
67 64 6
30 28 1
80 65 7
59 21 1
53 78 4
10 76 3
58 87 7
73 69 6
88 17 6
18 84 1
43 92 8
9 87 1
43 80 2
66 81 3
43 68 1
70 78 6
89 96 0
81 41 2
12 14 2
6 93 0
65 32 4
15 37 6
48 14 4
17 69 1
52 5 4
17 77 7
96 36 3
58 74 8
4 10 5
89 21 1
44 60 0
39 57 5
27 59 4
26 59 4
13 11 8
37 20 6
30 72 8
80 49 7
88 97 2
35 38 4
71 84 1
73 54 0
91 4 1
95 81 5
84 95 3
2 63 8
13 52 2
18 42 1
94 87 7
12 36 7
5 32 0
7 89 8
28 9 6
30 46 6
78 18 6
57 26 2
1 18 2
9 14 1
78 28 1
51 62 2
91 12 4
22 95 2
20 1 0
10 30 1
51 88 2
75 51 6
52 100 3
13 86 2
16 26 6
35 59 1
92 59 5
92 29 4
42 22 1
43 39 2
85 28 4
77 81 0
22 62 3
36 17 6
91 43 0
39 15 7
35 71 1
5 20 7
58 63 6
25 17 0
24 1 1
50 98 0
94 70 7
84 36 3
58 68 6
61 11 1
43 18 2
21 44 5
76 6 2
50 48 2
63 16 4
42 36 2
2 33 1
5 6 2
77 36 1
56 78 8
17 45 0
5 81 0
86 49 3
80 60 1
35 64 7
21 18 4
22 13 1
41 68 7
100 75 6
14 94 6
100 36 4
44 39 2
45 91 5
66 36 4
3 71 5
32 34 2
41 42 2
82 4 2
34 5 1
59 12 5
90 88 2
31 49 0
55 34 5
33 16 4
19 61 7
31 24 1
11 18 8
13 65 0
20 59 2
10 62 0
59 13 8
45 72 0
89 42 0
68 54 2
21 71 0
37 70 0
21 16 7
90 84 5
80 32 0
38 13 4
38 90 6
61 41 4
9 33 1
50 90 1
79 91 6
73 16 6
54 34 7
57 23 0
94 93 3
87 36 3
31 73 3
82 15 6
44 27 0
84 59 2
36 46 8
82 27 1
88 93 0
9 67 6
16 81 3
50 75 7
7 41 6
41 60 1
24 38 1
29 10 5
73 85 0
7 3 6
68 78 4
6 87 2
41 46 2
12 22 4
18 93 6
78 39 3
92 46 5
36 72 2
62 28 6
53 100 4
9 94 4
13 57 8
64 92 4
47 52 4
98 72 4
52 19 6
8 35 0
66 94 1
14 90 8
89 22 1
73 97 8
2 54 8
5 3 4
96 71 7
80 8 1
23 29 7
87 61 3
86 11 0
17 23 7
40 83 6
63 96 6
23 75 1
51 12 7
96 5 6
8 41 1
43 11 6
86 57 8
83 98 6
81 71 1
4 33 1
82 26 2
6 11 8
17 52 2
11 68 3
12 42 7
17 39 7
35 72 4
53 46 4
3 33 3
38 42 4
100 77 7
56 68 5
30 85 8
68 92 0
48 65 5
19 79 8
32 60 5
10 17 7
61 38 3
97 58 5
39 96 8
37 23 0
90 94 2
30 17 2
4 47 7
90 9 5
69 16 2
11 67 3
41 28 4
53 12 5
51 1 0
99 19 8
11 73 0
19 98 7
92 30 4
68 12 2
38 43 1
76 78 4
98 63 8
88 15 1
75 41 8
9 23 6
45 47 2
57 82 7
96 86 1
96 90 0
79 48 6
38 48 7
17 53 1
44 45 7
68 48 6
56 32 3
79 35 2
98 58 3
38 82 3
64 38 4
21 46 5
54 86 5
53 73 5
95 11 3
88 65 6
2 92 8
6 77 1
62 11 3
93 33 7
33 74 5
1 47 2
71 77 1
45 41 5
15 34 1
32 90 8
82 8 8
6 66 0
25 83 6
18 58 0
71 68 3
98 2 8
65 63 0
14 95 0
53 50 2
17 100 8
37 14 6
87 50 3
45 24 1
32 78 1
29 77 7
22 44 2
81 17 4
24 73 7
75 89 2
29 12 8
96 8 4
41 22 4
79 60 4
42 43 4
19 51 8
98 94 7
64 12 0
45 94 1
48 98 6
28 1 8
77 42 1
26 36 2
58 32 8
35 4 2
70 15 5
92 67 3
27 7 6
10 85 3
25 9 1
66 49 6
50 97 0
70 56 2
22 67 1
22 30 7
8 74 2
20 73 8
71 27 0
27 49 7
46 7 6
56 90 1
38 92 5
14 81 5
27 55 8
77 95 2
17 94 5
92 78 2
93 81 2
99 70 6
22 21 6
87 21 7
83 10 8
52 14 1
57 75 5
32 99 3
100 55 2
92 86 7
35 11 6
48 87 0
32 100 3
86 51 6
42 57 7
23 18 0
20 4 5
88 53 4
12 63 4
62 27 8
12 72 5
72 93 1
7 38 5
98 43 5
11 94 2
22 71 7
9 81 8
33 66 1
18 66 5
72 53 8
69 68 8
91 7 5
14 64 1
19 94 6
97 9 7
28 29 3
34 59 1
79 15 5
83 11 7
75 64 3
97 32 5
58 7 3
57 29 3
17 89 7
60 62 2
60 90 8
70 28 0
98 41 6
13 48 7
40 70 4
2 55 5
70 62 7
59 81 3
72 11 4
7 42 3
94 8 3
95 15 5
83 2 7
65 71 8
1 72 2
8 5 3
2 41 4
3 77 7
67 76 5
45 4 4
3 25 5
2 20 5
51 49 0
46 11 5
8 31 8
20 70 4
27 68 1
90 20 1
88 29 3
23 73 2
74 57 1
100 60 8
85 21 5
9 89 0
13 6 2
60 82 0
2 12 6
15 45 3
77 80 7
15 87 8
65 77 5
8 19 0
24 95 0
24 55 6
99 84 2
83 55 3
77 56 5
29 44 8
71 93 8
63 49 6
56 58 0
13 31 7
15 3 1
33 52 6
98 88 3
47 93 2
22 66 3
49 56 3
58 85 3
43 72 2
75 43 2
96 1 2
23 56 1
63 67 1
49 99 2
87 89 2
65 36 5
99 81 1
99 37 5
81 92 4
98 95 6
48 5 4
38 45 0
89 84 7
3 76 3
66 70 3
25 5 2
42 47 3
4 54 7
69 66 1
7 28 7
41 79 4
7 26 2
33 84 7
50 14 7
68 1 2
12 96 6
78 21 2
19 72 5
1 84 5
9 92 2
25 2 5
79 43 6
96 22 0
78 66 8
4 100 1
5 22 6
81 84 3
79 14 7
90 54 2
17 32 4
35 65 5
83 45 7
10 36 3
71 50 4
47 100 6
12 8 0
26 38 2
8 55 5
28 100 4
90 64 2
34 76 2
93 42 2
86 6 1
85 60 3
20 23 0
55 46 5
68 97 4
42 84 6
80 11 4
14 46 0
67 8 0
40 94 2
70 8 8
83 93 2
66 85 1
29 5 6
94 89 6
58 55 8
31 43 3
36 23 4
19 20 7
92 16 7
17 57 0
28 82 4
51 63 7
31 25 3
52 37 6
61 52 0
27 45 2
12 60 1
86 19 0
65 56 7
9 43 7
86 85 0
20 26 8
68 7 0
21 45 0
86 12 1
60 72 4
85 12 8
63 62 4
78 58 0
21 83 1
7 77 6
82 44 1
5 62 6
81 33 6
56 79 8
44 98 4
69 60 4
59 25 8
10 39 0
36 3 6
16 93 4
75 72 1
47 71 5
22 11 1
89 81 5
60 20 2
86 95 5
75 91 3
67 35 0
40 58 1
68 89 0
30 52 2
97 19 3
81 21 8
59 86 0
25 35 3
88 36 4
60 6 4
94 12 8
69 19 1
52 85 4
6 84 0
21 30 1
64 55 4
34 13 5
59 3 2
60 92 3
41 96 5
40 33 8
69 9 2
76 66 4
37 32 5
52 78 4
95 60 6
87 14 4
74 83 0
46 74 5
9 10 2
19 29 7
15 65 0
97 46 1
26 41 6
95 9 6
2 76 8
89 13 3
94 84 6
91 83 5
5 68 5
60 1 0
52 56 2
9 13 8
24 13 4
32 86 8
41 31 2
89 14 1
47 76 0
27 51 2
100 64 2
45 18 2
98 28 2
54 59 1
94 7 5
51 91 7
59 46 4
57 5 6
78 6 8
25 74 2
98 27 6
100 80 7
66 27 5
52 16 2
71 60 0
76 84 3
74 86 8
32 24 5
49 25 2
19 100 0
99 76 0
97 23 8
38 66 3
23 90 7
38 22 1
14 97 6
94 44 5
69 7 7
41 64 6
32 25 3
32 87 5
16 41 2
47 69 7
57 89 6
63 75 6
46 100 8
24 96 1
33 88 2
65 40 4
32 95 2
46 91 8
45 13 3
82 56 2
89 31 7
86 89 6
42 32 7
35 22 2
41 38 0
73 55 2
92 87 4
47 89 3
83 18 6
69 18 5
64 91 1
14 18 6
30 73 7
29 61 2
30 61 4
54 78 6
76 53 5
92 73 6
48 7 4
50 55 2
47 79 4
70 63 3
49 1 2
89 67 0
89 19 1
7 74 5
82 18 6
46 49 1
10 3 7
19 26 8
9 84 0
36 13 3
28 44 8
96 52 6
43 29 2
27 19 6
66 20 1
4 69 1
8 66 0
21 98 2
66 28 3
74 80 0
94 28 2
92 95 7
62 91 0
3 90 3
10 95 5
13 91 8
11 41 2
73 57 3
50 2 6
87 3 2
71 45 4
67 28 8
25 48 5
2 45 0
96 93 7
3 48 5
10 81 3
10 86 5
81 26 2
60 93 7
78 57 5
73 52 3
15 98 8
86 60 7
20 69 5
50 41 0
57 35 5
48 94 8
58 51 3
87 80 2
34 86 5
8 32 0
85 71 2
65 92 0
58 94 3
55 91 1
44 85 3
39 82 5
35 23 8
52 69 8
33 1 3
96 25 0
40 12 1
3 78 5
64 78 8
17 38 7
31 78 8
88 76 7
80 52 8
45 82 3
1 5 6
35 50 7
61 67 8
19 14 1
20 21 2
95 38 1
68 64 0
35 45 6
17 75 3
54 36 5
60 83 1
67 19 2
28 43 2
3 18 6
52 74 2
31 82 7
63 79 8
41 37 6
47 54 8
25 6 3
33 26 5
19 49 7
75 8 7
69 100 4
20 11 0
87 74 6
10 77 5
24 84 0
30 74 5
31 22 7
37 11 4
76 79 8
91 71 8
67 75 0
6 41 8
24 25 3
81 23 5
10 61 1
17 50 6
54 70 3
87 75 3
97 75 2
81 74 7
6 85 2
5 15 7
8 26 2
75 25 6
11 51 7
60 51 7
22 60 7
10 27 4
2 47 7
29 60 6
74 2 2
44 49 1
11 1 8
27 1 0
18 87 5
33 82 3
7 34 3
50 13 4
20 89 0
3 31 4
27 92 6
26 80 7
84 40 3
12 57 7
71 76 0
66 99 4
94 83 5
60 89 7
30 56 5
10 49 4
73 37 3
68 77 6
25 58 8
69 57 3
39 47 5
36 27 6
23 26 1
99 89 1
61 28 6
40 77 5
9 100 7
79 98 7
91 39 7
60 70 3
32 51 8
43 57 6
4 31 5
63 76 7
20 52 8
5 64 6
25 57 6
92 8 4
40 100 2
50 21 7
82 5 4
34 66 8
97 67 8
66 12 1
7 9 1
55 53 7
98 80 3
55 81 4
100 26 3
31 37 5
36 58 1
32 50 6
23 16 0
17 40 6
72 73 6
45 100 8
49 50 8
36 80 3
53 94 5
63 14 1
46 90 0
44 73 4
42 31 5
20 80 6
53 2 1
11 12 1
42 74 6
10 100 6
16 97 2
5 11 1
28 91 7
63 55 4
17 56 1
2 28 7
36 48 0
83 31 3
65 4 5
73 39 5
65 60 3
12 76 2
16 25 1
61 90 7
77 84 7
43 35 0
49 35 4
69 85 7
95 52 1
4 83 5
9 32 3
88 27 2
49 38 0
97 70 6
96 31 8
56 80 3
91 53 7
38 34 4
77 44 0
79 49 5
8 34 4
68 16 3
54 58 4
47 74 6
3 57 8
39 83 1
48 67 6
93 29 1
81 57 8
23 25 7
24 56 5
79 2 2
90 7 0
57 50 7
4 28 5
97 8 1
43 48 0
8 59 1
21 24 4
11 4 2
81 12 2
29 42 2
61 54 8
23 38 6
34 98 2
42 44 3
1 43 0
40 78 5
83 35 0
65 24 4
49 22 7
43 83 8
50 81 0
1 65 1
61 5 3
68 83 4
54 50 3
86 31 7
44 46 4
85 100 7
84 12 8
25 43 7
12 78 4
52 91 6
63 57 3
93 58 6
54 92 1
97 91 5
84 7 4
62 81 4
97 25 0
71 28 5
1 69 7
75 95 8
38 65 3
42 79 0
65 70 8
85 99 1
11 40 3
26 85 5
95 90 2
83 64 4
36 79 1
60 9 0
92 66 1
77 48 5
22 4 0
5 18 7
83 58 6
96 2 4
36 22 1
24 29 6
56 76 2
31 63 4
40 23 1
64 71 6
59 51 7
81 72 1
27 33 6
34 73 8
36 41 7
15 9 0
95 50 1
55 87 5
36 90 6
27 40 1
92 62 0
93 68 8
26 97 0
80 72 5
49 78 6
41 89 5
43 10 3
62 66 5
35 24 2
49 71 8
58 79 6
83 23 1
78 63 1
75 31 3
67 42 8
11 87 1
95 66 5
28 33 3
91 44 3
31 53 6
65 23 4
56 25 2
30 7 3
42 9 6
27 14 0
4 29 7
61 60 1
21 61 0
69 64 1
33 65 2
41 83 2
64 96 5
40 16 1
23 19 0
90 98 5
16 46 6
73 47 3
77 13 0
4 94 0
88 43 1
21 17 5
71 13 0
76 81 8
47 12 3
37 22 3
56 39 6
13 53 6
30 29 1
71 37 6
94 97 7
63 1 1
51 85 1
22 90 1
51 15 4
93 73 7
70 4 0
22 32 6
98 22 1
25 12 3
2 80 5
96 88 7
69 15 6
77 87 3
39 74 3
67 7 0
57 58 5
7 78 3
78 55 3
28 64 2
57 77 0
66 79 5
34 42 5
21 29 5
35 61 5
63 10 5
96 35 1
53 87 4
13 70 6
17 41 5
67 46 8
90 34 5
71 46 5
62 84 0
56 95 6
72 91 6
100 88 7
83 71 1
31 6 3
55 75 8
71 89 8
59 75 5
1 29 2
69 63 6
86 5 0
67 80 7
41 40 8
8 77 2
91 80 4
39 65 3
34 83 7
82 77 1
90 15 0
67 51 4
19 77 6
40 4 2
10 7 1
6 88 3
65 14 5
3 43 5
50 24 4
48 73 1
34 80 2
93 25 2
28 48 2
58 5 0
64 62 2
68 80 2
19 38 7
49 30 0
39 19 5
92 35 6
1 16 0
2 88 8
4 30 7
60 11 2
3 2 2
61 86 5
83 97 5
47 88 8
30 41 6
7 17 2
67 16 4
31 74 6
57 100 5
20 22 3
15 18 8
35 19 2
57 59 3
16 3 4
72 51 8
23 100 1
42 1 7
38 46 5
40 15 3
68 85 5
12 73 4
19 66 2
61 17 0
92 41 0
51 37 4
94 3 4
82 41 2
74 94 2
52 9 8
29 94 5
21 63 0
37 38 5
37 16 2
34 68 5
83 89 2
18 89 3
70 44 4
67 13 7
15 74 1
17 62 8
2 69 2
56 62 0
12 35 7
14 17 2
17 58 1
35 6 4
85 18 7
78 61 6
80 55 0
83 84 7
8 18 7
88 71 1
15 33 8
52 66 5
22 8 7
35 56 4
53 48 3
37 69 8
53 10 6
49 60 8
22 40 7
86 8 7
28 6 3
6 23 2
44 71 2
32 11 0
31 67 8
24 97 3
17 46 0
43 13 5
2 94 0
85 34 2
4 73 0
61 40 1
80 69 4
30 8 2
27 35 2
88 20 5
57 2 1
28 16 6
36 67 7
30 9 0
88 60 1
45 78 6
62 2 8
72 86 2
6 30 7
73 32 6
38 29 4
65 78 6
60 64 2
91 18 5
87 96 0
61 32 7
55 26 2
5 9 2
23 63 6
45 48 6
56 94 6
79 97 0
15 93 7
6 75 6
68 10 5
65 95 0
81 36 7
35 68 5
87 19 3
38 87 0
16 34 6
98 39 7
33 43 7
88 13 7
25 68 0
63 7 4
25 87 8
78 41 0
79 93 8
68 55 5
15 36 6
22 65 8
33 29 8
8 1 0
35 3 8
25 51 7
37 89 8
95 51 2
16 71 7
65 9 2
69 67 3
85 3 4
68 18 4
52 48 1
87 52 8
31 94 6
66 17 5
97 72 1
18 95 6
86 90 7
57 37 4
54 16 2
75 88 0
14 26 0
48 51 8
41 1 6
4 26 1
11 99 8
99 5 7
64 3 4
68 23 5
61 49 5
86 26 8
50 28 0
16 31 8
25 78 2
81 97 7
72 5 8
16 22 0
87 41 8
86 33 0
70 90 1
21 23 4
10 33 4
59 36 1
95 2 7
32 39 7
36 60 7
1 87 7
100 21 8
8 25 6
77 34 6
32 29 0
51 17 5
71 26 7
66 67 7
85 93 8
41 65 0
58 62 5
49 16 2
9 59 8
7 75 6
67 100 2
46 76 3
40 50 2
96 74 1
35 2 7
40 43 7
6 81 2
65 55 5
43 15 0
67 47 8
9 85 5
16 15 3
1 91 4
43 16 0
51 38 3
8 42 2
7 51 6
60 97 8
75 86 4
91 35 1
87 93 2
82 74 0
23 60 0
89 77 0
55 48 8
78 47 0
41 54 4
27 60 1
29 25 7
96 55 1
50 16 6
36 2 1
84 27 6
45 16 0
71 69 2
84 37 5
14 77 6
85 19 0
19 63 4
100
0 32 0
1 83 1
2 90 2
3 90 3
4 10 4
5 55 5
6 6 6
7 74 7
8 96 8
9 16 9
10 28 10
11 31 11
12 15 12
13 72 13
14 70 14
15 47 15
16 64 16
17 60 17
18 74 18
19 49 19
20 52 20
21 49 21
22 55 22
23 42 23
24 3 24
25 8 25
26 66 26
27 16 27
28 79 28
29 2 30
30 94 31
31 88 32
32 9 33
33 63 34
34 72 35
35 7 36
36 40 37
37 48 38
38 18 39
39 16 40
40 26 41
41 60 42
42 61 43
43 85 44
44 20 45
45 75 46
47 29 47
48 17 48
49 36 49
50 61 50
51 23 51
52 61 52
53 25 53
54 30 54
55 90 55
56 61 56
57 29 57
58 39 58
59 72 59
60 79 60
61 85 61
62 100 62
63 44 63
64 98 64
65 74 65
66 53 66
67 87 67
68 65 68
69 88 69
70 5 70
71 11 71
72 95 72
73 92 73
74 17 74
75 18 75
76 69 76
77 8 77
78 85 78
79 10 79
80 27 80
81 31 81
82 4 82
83 54 83
84 35 84
85 87 85
86 92 86
87 84 87
88 36 88
89 6 89
90 10 90
91 43 91
92 83 92
93 78 93
94 84 94
95 71 95
96 18 96
97 79 97
98 4 98
99 88 99
100 43 100
