100 3960
46 52 5
99 97 5
35 21 8
69 49 6
81 45 8
93 35 7
62 25 0
31 69 5
33 20 4
49 29 6
79 65 4
18 73 7
70 43 8
73 50 5
49 92 2
33 28 4
84 67 4
24 76 0
33 72 8
59 30 1
61 78 8
47 67 1
69 62 8
1 80 4
10 62 4
56 20 6
12 81 1
39 26 5
75 55 8
62 49 2
84 23 3
63 38 0
58 82 0
59 92 8
86 21 8
38 74 7
33 84 5
64 68 1
93 92 6
15 71 1
93 8 5
27 84 1
91 61 4
5 72 5
5 100 8
20 29 0
57 5 8
35 92 2
48 84 1
15 95 8
54 68 3
22 19 6
57 89 4
76 52 0
12 64 8
89 59 2
3 26 7
63 49 4
27 59 6
26 97 2
75 4 3
90 58 3
38 26 7
44 69 0
53 49 7
80 50 1
13 26 6
59 64 3
92 8 3
39 77 7
99 51 4
81 10 4
23 4 1
92 10 6
12 60 4
83 54 2
5 48 8
24 13 4
91 35 5
97 19 4
1 73 0
60 80 4
24 95 6
54 19 5
65 59 5
76 6 0
38 47 7
86 64 2
53 90 6
61 100 7
30 78 3
35 26 8
89 76 2
10 74 1
18 9 1
60 32 1
50 13 6
76 57 7
20 32 7
69 13 6
53 15 5
24 6 5
17 85 8
99 27 7
88 18 5
25 24 0
86 16 6
58 96 8
13 75 3
2 80 3
71 8 3
7 72 5
93 39 7
44 30 2
49 71 6
52 64 8
23 71 8
46 88 6
31 77 8
59 10 4
28 92 8
62 84 6
14 75 0
94 49 5
49 17 2
77 44 1
61 29 7
48 90 7
71 33 4
34 53 5
31 82 4
2 49 3
86 95 1
92 3 2
12 28 0
27 48 0
17 83 7
56 62 4
96 62 4
59 100 7
44 36 4
81 5 7
85 76 6
54 15 8
45 93 2
32 71 3
43 90 8
53 70 5
27 82 0
26 44 0
9 70 1
64 11 3
50 2 5
66 70 0
22 88 0
9 100 8
27 75 0
45 40 8
100 64 0
45 68 3
66 62 7
10 30 4
70 27 6
46 95 2
36 98 7
90 72 2
93 74 7
98 40 1
16 64 2
8 37 1
66 67 0
68 70 5
89 31 8
37 75 2
25 88 2
33 78 4
9 78 0
62 29 3
71 12 8
70 8 6
92 34 3
10 57 3
81 71 8
7 94 0
26 89 6
55 82 0
78 49 8
55 32 0
7 15 1
38 83 3
73 83 3
62 15 6
99 47 6
15 40 4
41 60 4
46 99 3
60 72 0
34 91 8
39 30 6
96 23 0
74 42 5
70 86 3
62 12 7
43 29 6
68 69 2
47 49 2
89 91 4
30 61 5
75 63 5
24 36 0
71 95 3
22 37 2
19 46 7
79 62 1
51 68 7
49 91 6
98 48 3
18 33 1
66 12 2
41 63 7
69 19 6
6 43 4
50 9 3
8 5 3
70 6 3
44 94 1
65 9 0
71 99 5
22 3 3
64 73 1
24 52 2
73 94 5
95 21 2
46 51 1
98 22 1
85 25 2
38 30 4
8 40 0
27 69 4
82 29 7
21 18 0
91 75 0
53 9 6
88 74 1
83 57 7
39 8 3
74 62 4
66 28 1
25 15 4
7 38 3
24 27 0
70 36 2
5 44 0
30 9 1
45 61 5
45 97 8
4 73 3
3 21 4
62 9 3
52 96 7
100 33 7
86 96 3
41 77 2
25 13 7
97 76 1
87 42 6
7 40 0
42 73 2
53 69 7
36 43 4
70 95 4
98 85 5
89 93 5
34 75 3
70 18 7
2 58 6
33 3 1
73 97 4
39 38 1
58 98 0
67 29 1
87 39 6
60 88 6
6 50 7
58 77 8
58 37 4
7 64 7
18 19 5
40 71 1
59 88 4
92 83 5
41 72 1
37 87 3
81 52 3
39 13 1
72 26 3
73 58 4
41 31 1
57 98 2
9 31 8
26 20 1
96 79 7
21 97 0
8 36 3
7 28 4
56 3 5
34 21 2
33 73 5
83 81 2
29 68 7
59 31 3
44 62 7
47 7 1
94 27 0
83 65 1
37 86 6
29 55 3
40 93 6
13 90 8
76 1 3
83 22 5
63 30 4
25 83 2
28 1 6
97 2 3
88 36 3
17 16 3
12 43 2
40 11 5
85 72 5
61 28 2
50 76 0
37 16 4
2 99 1
81 31 1
90 59 2
42 12 2
7 68 3
32 96 7
40 76 1
71 59 4
96 70 6
46 18 8
36 84 2
43 11 2
4 70 2
72 4 1
25 69 6
64 5 8
86 85 1
44 49 8
41 12 3
12 37 4
45 55 2
84 4 3
83 49 2
52 15 8
41 14 1
54 98 0
86 11 2
4 52 8
40 96 1
63 60 6
1 39 0
44 83 5
44 80 3
16 100 6
83 13 5
33 19 4
51 42 8
93 94 3
74 51 6
77 83 2
55 76 3
73 25 3
58 78 5
57 25 0
15 20 8
9 86 7
22 56 6
17 53 5
87 1 4
7 3 4
74 69 3
24 43 0
4 33 5
22 18 6
57 23 0
13 48 0
64 71 4
4 55 8
88 65 4
51 7 1
90 12 2
14 52 3
78 7 7
20 25 6
58 49 0
59 97 8
50 46 3
53 93 3
86 97 8
80 54 6
66 13 2
41 58 7
17 4 6
33 25 8
50 28 6
21 98 7
46 79 3
25 23 0
26 25 6
76 94 1
78 50 5
52 7 6
8 2 1
18 31 1
54 71 6
61 35 4
77 76 1
98 25 5
50 62 6
52 82 2
39 69 7
69 94 0
77 64 2
100 26 1
93 57 1
21 64 4
2 64 4
68 19 3
99 66 2
12 88 3
46 4 6
22 42 0
93 84 6
19 81 5
50 40 8
48 24 1
21 31 0
45 80 1
37 44 2
74 20 7
24 89 8
38 55 3
70 56 8
21 66 8
71 43 1
76 90 7
17 65 7
89 99 0
42 63 2
28 84 8
96 95 0
34 86 6
48 39 6
41 16 7
44 85 2
13 18 4
10 53 2
52 13 3
38 86 2
66 50 6
38 57 8
60 15 4
75 89 0
52 19 8
19 5 8
72 77 7
80 85 8
8 41 5
85 56 2
61 81 0
8 50 6
47 69 8
97 87 4
67 44 7
83 97 6
17 6 1
30 90 7
33 13 6
27 41 5
99 56 6
34 39 7
84 91 4
74 48 6
80 6 5
32 94 6
3 30 8
28 75 5
71 92 1
44 65 3
44 1 7
16 62 7
99 35 1
91 26 0
15 48 3
28 17 4
92 29 4
91 100 6
70 3 3
40 33 4
59 53 5
100 3 6
72 65 6
83 78 8
99 95 6
75 73 8
97 20 1
12 68 4
40 87 8
50 32 3
59 93 0
1 82 1
55 25 7
55 46 7
55 27 5
29 63 1
63 82 6
88 8 4
26 48 2
48 70 2
12 10 3
13 98 4
27 65 3
72 100 4
43 25 3
81 53 0
95 89 0
1 53 5
16 38 8
12 100 1
9 73 3
73 62 3
69 8 4
10 48 6
17 92 5
53 68 6
95 3 6
15 63 5
80 9 0
68 11 3
4 43 7
91 18 6
89 82 2
44 15 2
99 78 2
13 91 7
70 1 0
1 34 0
96 22 4
66 53 6
90 82 2
60 98 4
62 81 7
24 56 1
51 36 1
84 39 2
48 31 4
19 61 2
50 85 6
30 47 7
14 5 7
81 30 2
84 16 5
50 42 7
15 75 4
76 18 3
63 71 6
94 87 7
100 35 5
71 66 6
33 70 8
50 59 1
79 54 2
62 32 4
8 82 4
16 75 3
81 96 4
6 49 7
8 77 4
46 30 2
28 46 3
57 74 8
51 80 4
95 11 6
34 94 7
64 4 7
89 3 2
35 20 7
67 18 0
23 51 8
60 92 4
83 3 8
16 99 1
79 72 0
7 9 0
8 31 1
56 63 8
31 38 5
32 65 2
75 70 8
7 97 0
15 90 7
34 56 1
34 57 3
2 100 8
17 96 7
78 46 7
66 92 6
30 75 3
7 18 3
82 35 7
82 13 1
90 28 7
96 8 7
28 47 7
32 48 6
9 48 2
44 17 1
83 98 1
29 85 4
39 83 6
8 63 5
48 56 5
72 21 6
77 69 1
23 83 7
78 73 0
92 95 4
3 46 1
44 21 6
59 78 7
85 90 2
60 68 8
91 70 3
65 61 2
76 39 4
76 73 8
95 26 3
65 6 6
22 11 4
82 14 5
92 57 3
55 18 5
23 56 0
50 16 3
36 1 1
92 91 0
64 46 7
53 77 0
43 84 1
84 87 8
67 90 8
82 2 2
54 5 1
41 59 0
16 72 7
62 67 8
28 67 0
90 6 4
22 89 4
1 86 8
46 31 0
28 80 4
90 51 7
50 97 0
20 22 3
97 34 8
6 96 3
88 17 8
43 40 1
55 34 5
86 41 4
52 32 1
35 56 2
67 36 4
42 33 3
9 42 5
9 8 4
64 36 8
32 87 3
74 90 4
45 49 2
6 18 3
7 21 8
32 84 0
100 46 6
1 83 1
11 82 7
15 69 1
38 32 5
94 17 4
70 7 3
97 84 0
88 2 8
62 33 0
75 1 1
43 35 8
76 33 8
77 81 0
59 83 2
75 29 5
43 69 6
58 10 6
21 76 7
67 64 0
24 69 2
100 7 4
48 62 1
49 84 3
49 57 2
95 5 3
40 72 7
16 4 0
15 29 7
47 95 7
100 32 8
51 32 0
19 98 4
27 57 3
65 100 2
65 10 8
18 100 5
21 63 3
62 76 8
67 15 6
50 5 7
22 32 3
82 84 7
25 92 3
59 48 2
90 92 6
38 53 3
66 8 7
97 56 2
37 71 6
50 15 8
28 55 1
12 35 6
73 35 4
4 48 4
10 11 0
56 55 4
77 59 4
34 84 4
66 30 5
5 17 8
32 98 1
22 34 6
26 28 4
29 77 4
84 92 7
96 16 4
72 48 3
36 83 6
42 97 1
27 19 6
32 19 8
20 100 6
20 4 8
73 77 3
18 2 8
49 73 4
93 80 0
82 91 1
63 57 4
10 16 7
15 35 2
79 64 2
82 95 7
63 88 0
10 54 4
23 53 1
89 10 4
17 10 5
12 70 1
59 84 4
29 36 3
56 66 4
78 62 8
76 96 0
94 65 1
36 96 6
94 88 1
60 8 4
47 52 0
36 6 8
34 88 2
25 99 8
75 46 0
26 73 1
83 75 2
96 78 1
68 78 1
50 7 2
56 41 4
36 57 3
14 30 7
4 35 7
35 88 3
65 18 7
58 87 3
5 53 1
74 43 4
80 23 2
73 74 0
37 10 4
40 74 3
89 84 7
29 79 7
99 15 7
10 76 6
12 6 2
52 86 2
46 2 8
15 100 1
3 60 4
53 16 0
93 42 7
77 25 7
38 71 2
36 2 6
70 47 7
44 9 4
18 43 5
17 78 2
52 2 7
86 63 1
46 69 3
54 1 1
90 16 7
83 48 2
90 42 7
44 82 0
6 22 5
49 79 2
19 62 7
75 62 8
10 38 0
65 98 7
55 100 0
36 78 4
15 22 4
45 5 0
57 56 8
82 80 8
53 71 3
3 47 2
96 99 6
83 35 2
94 40 3
13 99 7
28 13 7
77 67 1
27 74 6
99 43 4
61 21 5
5 59 5
77 79 7
97 93 6
56 93 4
72 44 3
80 7 5
29 95 8
96 59 6
29 100 3
35 18 8
93 24 8
67 72 7
17 29 3
33 16 1
42 79 6
98 61 1
47 64 1
3 90 6
80 20 5
75 64 0
99 8 0
60 31 8
78 65 8
2 67 7
46 24 8
71 72 8
59 9 7
95 63 4
64 43 1
61 67 3
50 45 4
95 35 3
34 7 0
36 33 0
6 59 1
93 73 2
98 24 2
63 9 7
36 27 1
37 19 7
85 12 6
7 77 5
74 19 1
69 79 3
72 19 2
39 51 4
50 27 3
87 5 6
50 61 1
23 52 2
4 10 4
40 29 2
77 36 6
49 41 4
70 44 0
50 48 6
87 8 4
34 98 0
90 5 6
37 15 6
36 19 5
94 4 6
17 42 5
73 32 5
16 13 6
10 64 2
33 87 5
79 99 4
55 65 6
27 78 0
78 88 6
69 75 1
61 88 5
40 84 7
23 13 6
79 47 7
88 21 2
83 42 4
18 87 7
26 99 1
4 78 6
63 69 7
27 34 0
72 14 8
50 30 8
76 88 1
76 11 6
26 45 4
76 70 4
55 58 6
34 14 8
81 100 8
22 62 5
47 27 7
87 17 0
48 57 0
40 42 7
80 63 5
34 6 0
33 26 8
69 88 6
22 50 0
6 39 4
99 80 1
50 95 8
31 4 8
87 100 6
71 6 0
66 2 3
76 3 2
64 18 0
23 42 4
74 59 7
52 6 2
45 19 6
40 63 7
14 96 0
54 77 7
77 30 7
78 57 7
13 53 2
66 49 2
17 36 5
74 100 2
26 24 2
23 78 6
87 57 6
66 87 7
11 38 7
34 45 4
68 42 4
54 84 6
3 20 8
22 9 4
8 65 0
92 23 0
59 51 0
94 59 7
26 82 1
65 20 4
39 88 4
45 76 7
47 21 8
17 79 2
30 36 6
49 99 6
65 14 4
52 98 4
64 85 5
23 64 3
2 11 6
39 24 6
89 69 2
57 26 8
89 85 6
23 22 7
73 86 5
28 6 3
84 45 8
5 33 1
34 32 8
7 90 4
41 4 1
63 59 6
31 30 6
38 94 3
84 53 2
42 13 3
96 68 7
50 64 7
31 58 5
94 45 1
68 34 5
18 41 4
35 63 1
85 32 8
78 63 4
22 90 7
20 6 6
13 56 1
23 8 3
36 25 6
56 33 0
21 36 3
74 37 8
53 36 7
8 84 7
58 54 5
41 39 4
58 63 2
53 45 0
69 29 1
20 53 0
1 35 0
28 74 7
54 76 4
85 34 8
70 60 0
52 62 0
56 18 5
36 20 0
66 65 0
46 35 7
14 13 4
98 29 8
37 4 7
20 95 1
96 67 1
4 60 5
43 1 8
38 20 5
12 58 2
86 24 1
88 10 0
46 26 4
93 51 1
48 1 3
48 36 8
9 38 5
95 55 6
30 64 4
74 9 8
85 60 4
8 30 0
24 77 6
98 64 5
29 37 2
59 72 5
54 40 2
44 45 2
22 5 8
87 86 3
62 37 0
53 8 3
59 70 4
98 30 3
66 75 3
100 58 3
85 55 6
97 53 8
62 11 6
19 43 1
31 86 0
79 11 0
42 56 2
26 84 7
17 18 0
17 56 3
25 79 0
87 71 8
14 32 4
56 79 2
79 41 4
83 55 5
20 98 8
73 66 2
59 55 8
91 30 3
19 83 0
6 75 8
41 96 1
59 66 7
74 26 0
17 95 1
86 22 8
2 45 4
90 61 8
56 94 0
43 53 3
36 91 4
13 81 7
55 37 0
56 12 6
76 79 7
38 66 5
61 89 1
78 69 8
5 51 8
18 24 5
23 66 7
71 29 3
37 20 3
74 4 3
86 46 8
20 62 7
54 23 0
46 53 7
21 77 2
66 57 0
67 82 6
82 81 4
60 79 6
33 50 0
21 13 5
99 53 6
25 86 5
75 84 8
49 48 6
99 84 2
86 92 6
16 49 5
68 46 4
18 5 8
34 48 1
86 67 0
73 90 1
91 17 7
47 43 8
51 22 4
87 69 1
61 6 3
39 89 6
66 46 4
15 80 8
58 26 8
56 74 6
63 45 4
95 27 6
58 97 2
61 42 5
3 63 2
76 100 4
89 56 0
32 36 4
99 73 6
44 8 7
62 38 7
38 87 2
34 41 7
79 66 8
86 17 0
7 99 8
26 23 2
58 83 7
96 55 7
18 60 8
43 3 7
29 8 3
45 99 2
48 38 2
73 98 4
26 66 4
64 82 4
14 29 5
77 90 8
3 27 1
7 2 7
21 73 6
64 28 3
81 92 5
26 47 3
84 70 8
33 1 6
70 92 2
98 2 2
91 19 4
68 73 1
2 26 5
19 82 3
29 11 5
34 42 7
34 54 4
64 48 8
16 18 2
6 31 1
100 24 7
72 86 7
17 60 0
58 22 7
54 47 4
12 87 3
15 84 4
34 15 0
21 65 8
51 1 7
94 43 3
11 66 5
94 74 1
34 28 5
4 71 6
90 34 3
40 46 3
92 77 0
76 92 3
80 11 1
45 41 1
40 25 4
16 63 5
89 68 2
93 21 1
35 84 7
59 13 0
5 65 3
52 39 3
20 14 6
96 89 5
20 66 1
45 82 2
15 57 1
25 93 1
74 98 8
50 87 8
72 24 0
13 74 1
89 78 0
72 2 0
67 39 2
29 64 8
29 66 4
32 25 1
23 3 4
73 69 8
20 88 2
100 50 3
4 57 2
7 88 4
59 35 6
92 38 7
66 25 5
80 92 1
63 98 3
77 46 8
56 80 6
27 68 1
19 75 3
47 98 2
37 21 4
91 94 6
71 86 1
25 17 4
49 65 7
57 12 7
21 43 1
73 51 3
90 83 2
15 23 5
75 94 2
20 10 5
14 17 6
68 28 0
33 38 4
56 10 1
41 94 0
13 62 6
96 82 6
81 86 6
57 17 7
43 23 8
3 61 4
6 53 6
56 51 5
74 23 0
84 94 2
72 51 7
12 99 2
63 66 0
29 48 3
80 94 4
85 31 2
86 48 7
92 9 5
27 5 7
23 77 7
54 91 6
21 58 1
2 30 2
16 11 5
46 22 5
21 59 0
60 1 2
52 100 1
50 58 7
36 7 7
26 16 6
57 67 3
100 41 7
18 48 1
54 87 7
62 95 2
91 97 1
3 84 6
29 39 1
28 19 1
50 19 5
85 33 1
80 97 3
97 1 6
51 19 4
9 79 8
88 3 4
63 39 4
90 44 2
6 98 7
27 80 6
43 83 8
90 100 3
25 97 5
47 37 4
78 44 7
19 64 5
99 83 1
73 31 4
45 67 0
41 40 2
46 44 1
24 57 0
15 33 4
59 11 5
5 70 8
61 9 8
18 29 1
51 52 3
90 21 2
95 91 2
29 12 4
56 86 2
45 27 5
66 24 0
95 32 3
18 8 3
6 64 8
73 41 4
26 92 8
59 56 3
80 58 6
36 74 5
96 10 7
72 12 6
86 36 5
29 53 7
60 96 4
75 39 0
81 41 7
14 91 0
14 79 5
54 75 2
71 60 1
31 15 5
100 36 5
95 41 2
37 18 4
15 59 8
54 44 1
54 93 3
41 88 3
76 47 3
61 17 5
27 61 4
32 1 3
74 22 3
7 74 4
69 65 7
91 29 4
33 9 1
100 19 7
43 9 3
69 5 4
46 84 4
86 13 7
84 51 7
16 12 0
51 88 8
6 3 6
75 20 3
14 81 6
17 46 2
67 11 5
53 72 0
49 43 7
17 7 7
4 34 7
63 24 4
16 56 4
1 62 1
47 15 0
72 56 5
6 23 8
2 29 8
10 9 5
71 17 4
33 60 2
53 60 2
87 61 2
88 67 4
24 78 5
43 42 8
71 3 7
90 35 0
37 69 5
21 67 7
60 81 6
58 29 0
37 77 8
42 92 0
54 8 2
7 33 7
5 74 5
15 26 8
97 23 7
44 73 0
76 86 7
65 45 0
21 50 6
26 63 6
27 21 5
94 9 5
19 55 3
64 57 4
47 58 6
89 17 6
96 97 6
23 35 1
52 73 0
59 24 1
63 99 0
16 22 1
18 68 7
5 84 8
41 85 1
16 7 8
24 80 0
71 18 1
33 66 1
68 91 1
74 12 7
44 6 2
62 94 2
25 38 3
45 37 7
61 41 8
46 37 5
23 59 7
47 8 6
66 47 2
52 88 6
81 74 0
23 46 2
4 9 3
5 96 7
79 70 4
16 52 7
60 91 6
77 60 7
77 43 2
60 84 3
53 37 8
57 14 2
32 74 6
2 69 4
35 33 8
60 20 7
72 94 2
12 33 8
91 37 5
64 88 2
31 75 0
54 28 4
64 92 3
87 78 6
93 44 6
74 58 8
76 36 8
100 10 8
79 53 1
95 72 4
74 52 3
23 7 4
67 3 5
53 63 5
3 55 7
100 83 6
14 16 5
81 89 3
84 24 0
31 17 7
89 13 7
47 41 1
93 60 4
26 55 8
78 35 5
32 70 6
12 65 3
87 83 0
46 47 2
23 44 6
19 47 3
23 20 7
49 19 6
24 65 8
18 95 7
81 26 1
76 32 3
1 18 3
48 16 4
94 89 1
38 65 6
75 60 6
93 3 7
79 67 7
49 26 1
27 12 2
2 79 2
10 52 8
63 50 1
30 96 2
14 40 6
54 14 3
20 54 8
59 26 2
26 60 6
56 54 4
86 32 2
88 77 3
72 35 5
3 35 8
94 92 5
41 78 8
9 60 6
55 43 6
55 36 4
14 80 2
96 31 2
9 1 5
82 62 7
20 59 2
90 81 5
63 96 3
27 76 1
82 56 8
78 84 6
93 33 6
3 77 6
5 43 7
83 10 7
18 58 1
88 14 4
46 60 7
13 29 7
39 14 4
38 85 7
61 15 4
97 85 4
38 15 1
30 100 1
19 12 8
53 65 0
18 97 4
18 59 3
6 58 8
32 68 2
86 15 3
55 73 0
29 47 7
58 79 1
87 10 0
85 10 8
46 36 5
59 29 3
27 35 4
42 25 2
43 52 5
47 100 6
1 11 3
11 50 2
97 16 6
58 52 3
49 64 0
83 60 2
76 8 0
25 84 5
68 14 3
73 8 7
77 10 6
75 24 1
23 86 1
46 6 7
76 9 0
23 48 0
77 38 3
94 22 2
32 78 0
90 62 3
40 9 6
41 46 2
5 85 1
3 16 0
61 59 6
67 42 2
62 35 5
62 72 0
40 21 8
42 21 8
54 60 5
31 100 7
48 77 3
71 73 8
23 45 0
19 59 0
67 71 2
91 57 7
88 81 5
67 17 1
89 51 0
9 55 4
71 48 2
92 36 0
93 34 5
50 51 1
65 71 8
69 33 6
32 27 5
83 91 8
72 10 4
16 28 4
60 19 3
12 77 8
84 1 8
44 59 5
52 5 3
51 53 6
12 73 0
74 33 2
80 91 1
43 89 6
62 92 3
24 42 7
3 99 4
93 77 0
55 63 1
45 7 2
75 99 3
76 58 7
80 100 2
16 81 4
11 100 1
7 4 3
50 47 0
71 80 6
87 90 3
7 19 5
82 3 6
50 39 4
89 86 5
87 23 0
94 24 7
36 47 4
57 61 8
40 2 7
34 76 6
91 66 6
52 72 1
84 83 1
4 88 7
69 6 4
81 27 1
11 81 0
64 14 3
95 19 7
12 52 2
6 57 6
73 24 5
87 95 7
32 64 3
24 90 6
52 20 5
20 2 3
11 51 0
16 57 7
46 90 8
64 60 1
58 35 4
86 58 1
87 62 4
57 33 0
92 99 8
8 67 1
5 12 8
74 95 2
20 41 7
36 94 3
26 96 4
5 20 3
75 11 1
27 28 7
2 33 7
5 38 2
78 31 8
39 78 7
29 38 4
38 97 5
37 25 0
15 58 0
17 66 1
21 70 3
41 21 7
22 66 7
11 61 8
53 44 7
21 8 2
43 28 4
36 89 3
32 33 3
95 1 5
80 64 4
85 39 6
8 49 0
39 74 8
25 74 8
72 81 8
61 76 2
37 7 7
75 72 5
35 9 5
41 90 4
19 35 0
20 83 3
12 97 8
85 96 5
6 41 1
72 8 4
51 13 0
94 60 1
6 56 8
64 41 1
67 83 0
39 79 3
71 68 8
35 31 7
51 24 2
87 85 6
63 65 2
88 79 8
86 88 0
30 17 3
73 27 0
10 49 2
83 63 5
17 47 4
92 41 7
83 79 4
28 63 2
87 96 1
54 6 7
97 81 2
83 61 4
44 81 2
7 82 4
13 63 0
76 84 8
8 58 8
56 29 6
89 92 1
24 38 2
49 93 2
45 22 2
56 96 1
1 78 8
7 65 4
75 40 1
98 89 6
54 85 5
16 68 0
10 23 3
3 53 8
6 94 6
98 31 5
11 30 2
17 32 7
12 36 7
95 7 0
92 69 6
21 10 1
23 18 3
93 79 2
49 68 6
88 83 2
79 78 1
74 99 2
78 34 2
42 82 1
67 91 6
50 83 6
23 79 3
7 59 0
71 44 0
28 39 8
56 25 5
22 17 1
13 34 1
6 88 0
97 72 4
38 81 1
99 34 7
83 82 2
45 86 1
52 69 4
79 34 3
38 76 1
82 92 6
6 78 4
5 75 8
40 34 1
13 60 0
92 12 6
5 73 4
13 38 7
24 60 4
96 80 2
52 92 3
42 26 5
51 18 5
19 66 0
51 9 4
99 50 8
6 99 8
34 44 2
65 13 2
92 47 6
48 100 6
53 21 3
74 50 7
79 15 8
1 20 5
9 57 7
11 24 8
56 61 1
75 90 4
29 78 8
100 28 8
45 95 1
25 70 4
28 65 0
17 37 4
22 10 7
35 11 2
29 21 4
48 3 1
46 33 2
31 23 0
54 3 7
33 77 8
40 28 3
87 16 3
11 34 8
20 21 3
72 38 0
71 97 8
80 16 3
92 20 5
20 19 3
51 100 8
6 11 8
95 69 2
14 98 6
41 36 5
49 18 1
40 3 3
85 99 2
54 65 4
30 33 2
13 35 8
97 60 6
27 37 5
4 63 4
1 93 6
62 58 5
41 24 4
19 34 7
47 16 1
72 99 5
41 62 8
4 14 0
58 89 8
37 39 3
98 45 5
61 62 4
2 71 1
80 30 7
94 5 4
97 69 6
22 49 3
42 36 7
99 11 3
59 1 0
66 68 4
28 18 7
14 7 2
78 47 3
82 93 1
85 58 2
6 62 7
78 42 7
39 19 0
68 90 7
40 73 8
47 11 5
82 72 6
17 21 4
31 84 1
13 68 3
77 65 3
62 97 1
30 74 7
49 56 5
60 51 2
73 3 3
6 73 3
16 78 5
10 67 4
77 66 3
37 64 0
55 52 3
1 63 3
16 58 5
42 38 8
28 71 3
80 39 0
52 77 5
23 28 6
62 26 5
80 4 1
92 51 8
44 98 8
49 24 1
58 88 6
61 69 4
96 75 3
65 57 2
7 60 7
22 64 8
18 82 4
51 82 1
53 52 7
35 64 8
77 19 1
85 19 4
76 44 7
12 3 4
11 37 8
20 94 4
88 99 5
5 11 8
61 44 8
71 11 6
89 11 3
81 70 1
59 80 6
97 27 1
87 22 2
89 67 0
73 17 0
66 54 7
42 37 3
20 89 4
7 87 7
95 97 1
23 88 4
91 46 7
52 94 7
15 78 0
34 50 4
59 32 8
100 88 5
31 90 2
54 96 6
74 55 8
55 93 6
12 22 7
1 12 1
64 8 3
95 49 8
94 68 3
42 77 2
68 47 2
14 8 7
2 57 6
94 13 4
75 23 5
77 4 6
23 19 5
31 68 3
48 96 7
94 95 0
17 70 7
98 90 6
26 50 7
89 40 7
98 38 5
7 62 5
58 94 8
98 70 6
85 3 3
25 87 8
17 20 3
56 84 6
11 21 6
48 66 2
52 11 8
34 77 5
97 17 7
49 54 3
63 81 3
92 44 4
50 12 2
26 52 1
34 37 1
40 23 5
5 16 5
48 25 6
26 61 0
14 47 5
45 43 6
46 8 0
45 33 3
52 18 6
56 26 1
22 36 0
11 28 6
37 43 0
68 93 8
6 60 6
82 40 4
16 30 2
11 49 7
89 54 0
93 69 0
5 13 3
89 73 0
25 50 6
44 22 3
37 26 5
45 16 4
63 85 1
33 54 0
81 58 6
89 25 3
86 18 5
71 76 8
86 78 5
76 22 8
80 25 8
1 6 4
98 81 2
31 70 5
98 75 5
29 90 7
68 57 2
46 67 0
29 5 4
20 50 3
35 2 0
39 99 4
9 98 8
54 30 1
99 86 7
58 34 0
21 75 3
15 74 2
97 66 1
38 35 0
79 38 7
100 53 7
81 49 7
42 55 8
56 4 0
46 89 1
20 68 1
55 21 8
5 47 7
26 65 3
45 31 8
53 33 8
58 69 4
51 77 5
22 31 8
100 68 3
12 51 5
86 90 8
49 20 8
89 87 5
62 64 0
49 67 1
54 18 0
64 83 7
27 77 1
62 17 0
13 12 8
17 74 5
100 56 3
7 83 1
84 10 2
59 75 4
9 97 1
26 86 5
92 22 5
81 93 1
36 18 8
20 16 0
24 62 5
48 55 7
90 38 8
57 30 6
28 94 0
12 21 8
54 39 2
25 2 5
97 15 2
59 2 7
65 16 5
12 78 6
31 64 0
78 52 1
8 45 8
30 18 1
20 77 8
80 22 5
32 42 4
87 27 0
93 2 5
81 34 8
95 44 1
84 81 4
23 32 2
84 63 5
4 38 6
2 54 0
9 90 7
49 77 6
91 1 5
14 33 1
39 43 0
16 51 1
25 49 6
57 11 8
97 51 2
41 80 8
27 1 7
2 75 2
87 29 7
80 19 2
4 91 5
94 70 8
42 76 8
44 84 1
82 30 2
61 7 5
29 3 0
65 33 8
100 43 3
12 49 2
47 10 7
68 83 3
46 83 1
78 5 2
8 98 8
16 27 0
24 91 0
98 76 0
50 65 3
56 19 5
100 39 6
23 34 6
60 10 8
10 28 6
23 61 4
45 60 6
68 74 8
41 11 2
64 89 0
96 49 0
55 33 5
75 12 6
12 82 5
2 38 4
91 15 8
31 7 4
62 54 2
49 89 3
59 82 7
85 2 0
97 49 4
88 57 8
69 42 3
4 21 6
21 74 1
50 35 2
96 69 0
34 30 4
17 55 5
91 38 4
76 23 1
71 50 3
2 34 0
53 27 3
93 32 4
12 61 4
33 96 8
15 92 1
55 77 0
74 35 6
61 84 7
17 11 2
51 30 6
11 72 7
1 57 8
21 92 6
86 47 6
14 90 0
52 42 4
68 82 2
78 91 8
58 61 0
4 54 8
34 31 0
39 86 2
99 70 4
93 22 0
37 80 4
69 84 1
67 97 1
7 22 4
52 27 7
73 30 0
72 89 1
5 37 5
59 8 4
98 84 7
56 44 2
55 14 2
50 38 1
21 51 2
93 46 0
28 78 8
39 64 1
85 9 2
69 1 7
53 25 0
16 91 8
60 69 2
82 70 4
51 64 8
24 81 0
33 94 7
38 58 7
9 49 4
24 44 4
28 98 3
47 12 7
35 79 8
27 72 4
51 49 5
68 26 5
65 64 8
86 20 3
99 59 3
73 2 3
38 60 5
16 9 0
75 45 5
8 85 8
57 13 6
3 81 6
41 57 5
42 59 4
17 93 4
25 6 0
61 75 7
51 26 1
12 31 4
33 47 2
48 46 6
23 93 6
99 36 1
5 93 0
66 61 5
17 15 3
49 33 3
82 41 4
51 75 8
13 36 2
8 43 1
17 54 2
70 42 4
95 80 6
88 80 6
61 60 8
14 62 2
76 48 2
64 38 8
58 95 1
90 49 3
46 11 8
15 11 0
73 87 4
95 28 5
80 31 1
71 31 0
9 11 4
6 9 8
91 25 3
87 76 1
73 82 1
22 57 5
35 68 1
31 39 8
85 36 6
11 91 3
96 92 6
99 20 0
59 40 1
90 56 4
56 83 6
64 3 5
72 47 0
6 89 3
28 97 5
44 60 2
96 13 2
14 99 6
13 71 3
83 85 4
3 41 3
75 82 1
15 10 1
57 69 8
9 87 1
33 59 1
4 99 3
36 16 8
67 80 8
28 31 7
14 43 7
9 36 6
25 75 7
65 89 1
58 92 2
68 2 8
22 69 2
40 69 2
66 55 2
61 36 4
15 49 7
15 27 4
99 69 5
17 50 0
23 17 0
84 79 3
45 71 4
6 5 1
72 25 8
25 44 5
4 45 7
35 25 8
83 6 6
88 48 2
37 90 4
12 95 1
83 12 3
69 28 7
59 38 0
33 91 3
61 55 4
99 28 7
8 3 3
81 2 4
60 99 4
42 84 1
18 11 1
95 85 8
69 80 4
68 5 8
18 89 8
7 55 7
79 5 0
22 95 4
60 78 5
6 79 6
43 95 5
87 63 5
70 38 7
67 37 8
15 6 4
57 71 3
8 95 7
57 96 4
67 70 0
93 83 6
98 82 1
68 52 8
7 89 3
59 37 1
67 35 2
93 95 4
40 47 4
32 7 5
57 75 0
91 50 7
8 34 3
99 22 4
4 15 4
99 58 4
78 94 8
96 90 6
85 65 4
58 1 3
25 39 7
23 11 3
57 81 2
77 84 2
37 78 8
10 24 7
6 81 7
93 96 3
44 13 4
31 33 0
82 10 5
41 42 2
20 43 7
32 88 7
15 94 2
66 18 3
4 30 8
84 65 5
15 2 5
11 85 2
30 67 3
8 15 1
89 45 4
51 71 4
46 9 3
82 69 2
40 80 7
98 50 3
11 73 6
26 8 1
56 78 6
90 36 1
45 92 5
67 63 7
66 44 2
8 7 7
57 43 8
78 48 5
94 18 2
41 99 7
14 25 5
99 55 0
74 34 7
48 17 6
44 10 0
88 5 1
9 72 7
53 14 7
87 82 4
56 60 0
30 89 1
69 12 3
92 53 7
94 57 1
8 74 7
19 96 4
24 33 2
76 65 3
8 17 3
71 16 2
74 72 6
4 36 5
58 7 1
74 66 5
100 94 1
47 62 0
56 27 8
1 46 1
2 92 7
58 17 4
13 70 7
79 73 3
21 46 5
1 7 4
24 2 8
90 2 5
52 60 2
92 1 3
69 18 8
78 77 3
71 75 2
65 34 7
99 17 2
40 1 1
40 39 4
40 19 7
19 14 8
55 87 8
30 45 4
30 19 0
81 85 1
48 35 2
65 47 6
97 63 4
76 26 4
95 13 4
94 1 6
42 62 5
36 58 6
10 26 1
18 38 1
16 77 4
10 5 1
23 73 1
65 99 3
28 88 0
26 53 5
28 8 3
27 38 7
91 88 0
63 12 5
23 41 3
75 92 7
3 42 2
11 97 4
26 30 6
41 19 5
53 85 8
19 53 1
57 46 3
57 95 4
27 85 8
96 77 5
71 100 5
30 86 7
41 32 0
82 76 7
66 5 0
53 94 8
34 3 8
89 1 7
24 53 7
72 66 5
34 5 7
58 48 8
81 32 4
81 65 1
44 28 4
66 84 2
16 74 0
77 63 4
90 66 5
14 85 3
32 39 3
73 100 5
71 98 6
91 40 5
39 66 1
42 58 5
46 7 1
76 95 7
9 19 6
73 14 0
79 57 7
68 24 1
19 1 0
76 2 5
41 2 0
92 54 6
51 6 1
45 6 4
48 21 2
47 85 0
54 41 7
8 33 5
12 89 7
20 82 0
55 23 5
77 68 7
84 90 0
45 77 2
95 9 6
3 98 4
19 84 4
34 80 3
87 53 3
63 43 7
32 56 0
84 12 6
20 85 3
20 69 7
92 56 4
34 10 6
8 12 4
89 29 7
66 9 1
12 80 8
42 5 8
48 44 6
39 36 0
28 58 1
67 50 2
58 9 2
85 69 7
52 50 3
14 71 3
11 48 2
33 11 4
63 14 4
67 41 4
38 67 2
28 24 1
76 78 5
62 68 5
54 53 4
58 13 8
98 77 0
88 92 6
81 43 7
90 47 0
55 72 3
86 6 2
40 38 1
2 51 3
78 26 1
35 30 6
3 2 5
96 66 0
57 37 3
50 72 1
96 65 7
71 21 0
35 36 5
87 49 0
49 36 3
74 53 0
6 63 2
70 80 8
28 41 1
43 54 2
59 17 6
46 54 2
55 15 0
70 51 1
2 10 0
84 13 0
5 36 0
100 66 8
92 11 4
29 86 2
81 80 5
20 76 5
16 60 6
5 97 7
67 74 7
91 98 0
95 54 8
36 3 6
87 14 1
29 54 0
26 31 6
78 98 8
44 52 5
87 13 8
100 14 8
79 50 3
83 11 7
91 69 8
32 83 1
14 26 6
28 79 0
16 42 0
14 46 5
59 98 0
69 7 5
82 5 3
1 96 0
47 24 4
97 10 3
40 26 7
43 27 0
79 26 2
26 43 5
70 49 1
100 57 5
100 93 6
6 92 4
67 20 1
51 37 2
83 30 0
29 83 1
93 26 6
14 22 6
10 93 7
70 85 3
55 67 1
78 55 5
89 14 4
82 16 1
4 69 5
27 23 1
61 10 4
41 38 7
63 32 6
86 74 8
52 93 3
60 27 2
72 63 1
54 24 5
54 90 7
61 77 2
51 96 5
72 23 0
84 21 7
53 50 0
31 3 8
78 11 3
31 67 0
48 6 1
24 9 6
88 93 2
99 5 8
4 96 4
70 57 4
27 29 0
85 59 5
25 60 1
51 44 0
5 40 2
47 53 2
26 75 7
19 8 8
9 56 4
96 42 3
87 44 5
80 65 4
52 48 3
91 6 2
29 32 6
17 72 8
9 81 5
17 45 7
75 67 6
28 22 8
78 19 6
62 23 6
73 65 7
73 47 1
92 37 5
9 15 5
37 49 0
71 88 5
73 84 6
50 10 1
64 99 3
55 62 8
97 61 0
97 35 2
63 91 8
48 14 8
90 25 0
30 71 8
12 24 7
33 98 4
52 37 6
26 12 4
81 15 5
93 41 5
65 91 1
48 41 5
38 82 7
6 10 3
32 16 5
72 42 1
44 35 8
39 70 6
79 16 4
46 45 0
70 65 1
18 27 6
96 61 8
31 99 6
3 80 4
88 62 7
64 76 7
99 90 1
25 71 6
69 59 1
70 71 0
44 79 8
86 49 7
13 77 5
72 61 3
63 17 6
76 49 5
97 13 7
5 62 2
81 47 1
50 23 8
26 69 1
68 40 2
62 46 3
38 8 8
10 31 0
26 67 2
1 55 4
48 20 7
42 15 0
5 26 3
71 55 2
9 29 7
14 84 1
83 94 0
48 22 6
17 13 1
83 62 5
38 36 1
21 89 2
53 12 4
15 45 8
87 35 8
73 70 8
89 70 4
59 57 3
46 92 0
35 53 5
54 13 1
48 43 7
24 50 3
26 64 7
96 83 8
72 57 6
8 62 2
92 13 7
73 43 1
16 31 8
63 33 2
83 21 2
9 23 0
60 42 1
3 51 8
16 15 7
58 59 6
47 35 7
70 83 7
93 38 4
81 59 7
45 90 7
28 38 8
22 13 0
69 14 1
74 97 6
15 68 3
53 31 4
80 83 4
74 46 8
12 93 5
82 9 3
19 93 7
63 34 8
48 8 1
91 81 5
21 85 3
20 31 7
84 88 1
47 80 3
56 76 3
13 43 1
97 14 6
67 40 0
66 69 8
48 94 0
60 48 6
60 65 4
39 22 0
39 4 7
19 21 3
22 59 3
12 40 3
41 51 8
6 77 3
82 33 4
87 88 6
28 53 0
58 93 5
36 93 8
22 2 7
65 67 5
93 65 3
93 30 2
90 57 2
80 73 6
69 67 7
70 54 7
49 39 3
97 3 8
62 18 8
68 76 6
13 8 4
72 46 6
55 53 6
16 55 1
25 64 6
100 99 2
58 5 3
42 11 1
93 50 2
61 64 5
71 61 4
53 73 6
70 88 1
17 2 3
53 42 2
93 63 7
44 29 6
43 62 7
19 15 4
79 13 2
52 21 3
60 74 3
35 71 6
100 45 5
48 30 6
20 27 0
68 98 7
85 46 1
42 80 5
52 30 6
41 44 6
40 79 3
3 32 7
45 87 6
43 88 7
42 88 2
55 88 4
7 93 4
37 1 7
99 61 7
96 94 4
34 72 7
8 91 8
86 61 6
20 70 8
41 7 7
61 39 2
56 53 1
80 18 5
91 22 8
3 10 8
38 43 8
87 28 6
29 74 0
6 14 5
99 93 3
66 76 2
47 6 0
31 2 3
5 67 6
90 60 7
21 62 8
48 28 6
18 20 6
3 39 0
28 76 1
48 73 3
21 26 0
24 20 3
85 82 5
39 9 6
98 15 3
49 21 4
86 94 7
23 60 4
59 25 4
91 23 2
43 22 8
98 87 0
38 61 6
98 43 1
56 39 3
4 97 4
82 37 5
13 2 2
57 29 0
49 3 4
30 42 1
50 81 6
51 95 1
77 18 2
89 4 2
10 91 3
59 79 8
72 83 7
67 56 5
17 77 7
99 81 5
66 43 2
38 17 0
39 27 6
18 90 7
75 85 0
56 91 4
21 56 4
70 14 2
51 14 0
42 45 4
72 3 3
95 6 0
100 82 4
14 21 8
21 100 7
99 98 4
40 20 0
21 2 5
61 33 3
91 7 3
74 31 1
98 10 1
100 54 8
8 78 4
94 29 3
94 55 7
40 66 1
31 37 8
68 22 1
86 54 3
94 46 6
10 36 8
48 92 4
37 94 3
37 99 2
91 59 3
74 54 7
11 96 2
25 10 6
75 10 2
84 30 1
30 99 4
93 29 8
36 60 7
16 98 7
88 53 3
65 29 4
41 91 4
87 6 4
13 19 8
28 25 3
82 78 3
55 11 2
7 85 8
27 4 2
30 53 1
4 25 1
11 93 2
27 33 5
43 86 5
32 67 8
18 75 5
50 70 5
69 90 8
58 25 0
68 21 2
40 35 5
79 63 4
94 71 5
27 93 7
72 92 5
12 17 0
70 29 2
78 95 5
82 4 8
58 45 8
19 11 4
34 25 6
30 65 6
89 9 0
24 30 1
87 48 4
54 69 4
22 47 7
27 44 3
45 83 0
36 80 5
9 67 7
30 28 0
5 4 3
44 88 0
33 10 2
44 2 7
20 44 0
94 11 4
47 59 4
8 27 7
36 72 8
43 72 5
58 32 7
65 46 7
22 24 8
41 15 4
53 61 7
55 50 4
82 43 2
3 24 0
69 83 2
79 98 2
7 57 4
48 37 8
46 63 4
60 22 7
30 97 6
96 21 6
57 20 8
14 37 1
90 80 6
83 41 6
71 22 5
54 9 6
24 23 5
79 8 5
90 88 2
37 76 4
27 9 7
47 13 1
27 22 8
8 16 5
58 70 4
9 32 6
98 1 6
18 10 6
6 32 4
21 32 6
11 74 3
4 8 4
30 58 5
67 81 5
87 68 0
14 12 5
96 100 5
66 52 6
56 5 8
94 26 5
16 1 6
42 48 0
42 27 4
11 56 6
44 7 4
77 82 4
42 35 7
85 68 0
90 95 4
2 65 3
94 3 4
85 79 0
19 10 6
41 29 2
14 2 4
24 35 3
85 91 4
21 9 1
47 2 8
66 16 5
20 47 5
20 42 4
91 96 2
32 54 8
88 47 5
48 65 3
100 40 3
17 82 4
81 46 3
30 87 5
43 79 2
81 23 6
1 14 4
14 9 3
21 99 2
49 72 6
33 97 8
42 54 3
4 24 5
37 88 7
27 90 0
39 57 1
46 59 1
47 1 4
15 51 6
7 6 0
31 24 8
60 67 3
40 17 6
55 24 7
21 38 4
1 67 3
56 40 1
1 68 7
91 20 6
70 15 5
98 23 0
62 71 5
17 100 7
6 66 3
35 60 5
24 15 0
75 65 3
68 99 7
43 44 8
61 37 4
57 62 0
52 54 6
55 98 4
80 74 0
18 40 2
53 86 6
3 1 3
54 94 7
8 100 8
52 41 3
88 38 7
87 51 0
66 27 4
29 52 1
82 97 1
71 36 7
56 73 2
91 99 5
85 66 3
63 70 2
65 3 1
88 85 2
63 37 6
9 34 3
66 88 5
96 25 5
75 87 6
7 79 6
24 21 7
8 51 4
57 97 4
80 68 0
11 31 2
70 64 7
86 55 7
91 77 0
45 25 3
60 87 0
53 22 0
13 6 1
14 15 2
78 90 1
4 92 4
34 67 4
71 20 2
44 32 1
69 48 1
7 11 4
2 48 4
20 51 3
58 84 8
12 32 0
68 10 6
5 77 6
18 14 4
22 82 0
63 23 1
87 99 0
27 31 5
33 68 8
42 85 7
32 18 2
52 8 3
57 19 2
84 11 7
25 19 0
95 53 5
71 24 4
35 45 7
48 53 1
39 55 2
49 59 3
32 99 7
80 10 3
98 95 2
99 9 2
80 35 4
48 68 3
56 88 3
36 50 5
48 80 7
69 98 7
96 38 6
12 11 1
75 74 4
75 42 2
76 43 8
100 63 4
46 5 5
83 26 7
96 84 3
16 19 4
22 21 4
80 8 7
24 16 4
23 12 0
70 74 5
94 23 6
3 69 6
34 61 6
23 5 0
12 48 2
71 77 3
38 46 8
77 57 4
28 93 3
57 21 4
54 11 7
41 98 0
77 89 1
66 89 7
95 100 0
98 11 2
92 39 4
65 62 7
41 1 3
87 21 3
15 39 6
62 34 3
7 35 3
56 50 4
28 83 0
25 100 8
88 97 8
46 27 0
54 55 5
31 51 7
81 76 6
29 60 3
11 26 5
43 78 7
95 65 3
16 6 2
55 35 6
71 96 6
3 15 6
45 39 0
24 17 1
99 94 1
30 76 6
17 81 7
58 75 4
100 70 6
93 76 4
73 22 8
64 9 1
87 64 6
48 19 1
49 46 0
73 16 2
68 44 3
5 15 4
100 62 6
54 26 7
15 96 8
60 49 5
8 42 1
37 97 7
40 31 6
4 58 2
32 8 6
32 53 6
54 22 5
70 23 3
63 89 5
4 26 8
36 15 6
4 86 6
57 55 2
94 77 0
65 19 8
19 44 5
18 78 0
26 80 5
44 50 6
25 47 6
91 90 5
69 9 5
51 76 0
76 41 0
41 84 4
91 9 1
35 75 4
37 13 3
48 47 4
7 75 2
38 51 0
33 89 5
32 5 2
34 52 7
72 73 3
69 32 8
27 51 3
56 46 1
35 54 0
31 50 6
10 46 2
7 48 2
97 65 2
69 38 7
92 7 2
86 51 4
86 77 6
8 90 1
28 36 3
63 92 8
32 4 1
57 84 5
100 98 2
21 91 1
76 99 3
64 72 7
18 57 5
28 14 7
67 14 4
7 84 4
7 53 0
86 66 8
66 7 5
10 94 7
91 53 8
49 14 8
68 97 6
81 66 7
39 20 6
55 68 4
20 72 3
40 51 3
60 89 7
54 67 2
2 37 8
1 22 5
58 65 1
12 54 3
42 19 2
34 24 6
5 35 3
13 40 6
79 86 2
19 87 0
99 48 1
75 93 8
11 58 3
8 86 7
61 68 0
35 89 7
64 96 4
6 72 4
4 1 4
94 14 7
32 40 7
88 31 3
69 50 5
97 79 3
37 40 1
45 52 4
86 3 8
90 20 8
90 50 8
47 87 5
53 40 2
46 13 7
34 82 2
48 63 2
35 85 0
68 25 0
41 10 7
67 87 7
17 39 3
40 60 5
65 56 0
67 93 6
2 16 1
93 43 4
12 55 5
62 40 5
79 61 0
89 47 2
11 36 1
6 4 4
71 26 7
51 94 3
49 100 8
88 98 6
55 69 8
31 65 3
25 41 1
84 22 8
41 13 3
27 10 8
80 75 5
20 30 3
60 5 1
50 60 8
42 7 7
51 57 2
59 67 2
86 100 3
68 4 6
24 97 3
48 61 5
62 70 7
19 89 1
48 33 0
29 42 8
30 49 0
41 43 3
79 3 1
65 25 7
84 85 8
11 87 4
35 94 6
61 51 1
74 71 8
15 82 4
74 91 5
32 66 4
14 38 8
63 44 0
6 68 0
8 94 3
68 30 8
77 100 5
37 98 0
34 26 0
7 43 5
73 39 6
77 95 6
46 32 1
60 59 6
31 95 0
88 49 8
39 72 2
1 90 7
27 6 6
82 71 8
54 50 4
28 3 6
18 72 3
52 40 6
46 42 8
35 32 8
83 27 3
7 73 5
13 27 8
35 16 4
70 77 8
52 97 2
26 70 0
31 66 3
44 33 0
12 39 3
6 2 1
1 66 2
12 76 4
34 18 0
12 25 1
39 47 3
80 38 7
90 32 8
43 67 2
94 2 0
54 88 8
44 86 6
35 57 8
40 24 6
17 52 7
78 93 0
77 28 1
86 98 4
15 43 8
77 87 8
80 89 6
34 46 5
46 73 7
15 72 3
20 79 6
47 61 5
60 95 7
31 29 4
71 89 1
99 18 6
79 27 1
85 6 5
89 42 1
78 54 4
99 19 5
83 8 3
60 58 2
4 98 2
4 79 7
78 51 2
20 63 8
1 79 7
86 2 3
22 52 8
24 14 4
3 75 8
6 84 3
84 29 0
18 15 5
95 37 0
95 64 1
76 53 8
25 27 4
15 46 5
35 49 3
30 40 2
95 10 2
76 4 1
95 81 0
81 39 4
13 49 1
64 97 8
4 65 6
77 35 6
42 18 4
16 95 5
34 87 3
25 54 2
62 53 0
13 80 3
29 50 8
23 39 8
84 64 4
56 52 1
19 94 8
58 20 6
78 97 6
9 17 1
49 42 8
13 72 2
51 33 4
58 67 6
63 10 6
20 8 5
16 29 8
52 31 2
11 8 6
14 83 1
51 4 1
47 74 6
19 92 2
74 18 0
2 83 7
68 75 3
68 37 4
59 62 3
35 66 8
63 62 0
49 80 7
66 14 1
88 33 1
96 98 5
96 18 5
75 38 3
36 31 2
99 44 3
72 22 8
61 80 8
42 39 8
6 93 1
33 90 7
69 51 7
91 86 3
32 30 1
77 22 3
88 45 2
69 35 2
9 84 1
15 87 2
67 51 4
8 55 3
73 37 0
45 18 3
43 97 5
66 93 0
86 40 2
30 5 8
80 98 1
85 100 0
76 67 4
34 29 8
59 43 8
39 33 7
51 29 4
35 37 4
74 76 7
23 14 3
39 58 0
52 36 3
53 18 5
19 86 6
7 56 4
82 65 7
55 10 8
69 36 3
44 89 0
55 80 7
41 97 1
91 87 1
36 63 3
1 23 6
34 51 0
25 46 6
24 7 3
74 92 5
37 72 2
11 4 6
89 38 8
99 42 7
65 11 0
81 75 0
66 83 3
85 71 4
82 74 2
78 20 2
5 83 1
96 2 2
69 21 0
80 72 4
5 61 0
46 43 4
73 15 7
4 28 6
9 5 2
74 64 8
69 76 7
55 90 4
73 81 5
95 25 7
27 67 8
96 37 3
1 71 0
34 36 2
29 80 3
15 88 4
73 92 0
75 76 6
61 22 7
30 94 0
42 95 6
5 1 2
76 31 0
40 36 0
79 19 8
3 59 0
92 32 1
92 100 1
56 8 2
10 66 8
4 42 2
55 40 0
35 8 2
90 97 6
58 56 4
97 92 1
77 26 1
41 65 5
24 88 5
66 3 2
62 89 6
36 45 6
19 26 4
17 68 4
52 63 7
22 97 1
61 32 0
63 19 0
6 30 1
11 44 8
27 86 2
40 64 8
38 73 5
63 76 4
5 76 4
32 43 5
80 46 4
82 88 6
77 56 4
9 37 8
7 26 6
47 82 4
25 1 3
28 60 0
47 9 0
13 32 0
11 20 0
92 14 7
23 100 1
76 80 2
99 10 6
74 14 2
86 69 4
40 92 2
81 42 7
29 72 1
98 72 3
97 70 2
48 91 8
5 28 3
26 1 6
75 48 7
6 21 2
96 34 0
15 83 3
71 47 6
61 93 4
1 50 5
12 4 8
7 12 3
57 50 6
11 60 4
65 92 7
97 89 8
19 29 7
45 56 7
44 74 2
46 16 2
56 30 5
11 25 0
23 85 2
59 95 5
20 46 7
51 54 2
100 97 4
13 9 0
22 40 8
38 52 5
61 95 6
98 5 4
29 96 5
4 53 1
54 27 4
92 33 5
15 76 5
48 67 0
71 78 6
56 31 3
75 44 3
100 37 0
89 74 4
69 30 7
60 2 6
4 2 1
50 96 2
30 60 3
1 42 5
52 80 1
22 63 2
52 95 4
63 68 4
28 73 4
75 8 3
61 46 2
55 41 0
95 83 1
31 79 8
2 27 3
95 14 5
39 94 1
32 80 2
16 88 4
26 6 5
71 52 0
57 45 3
9 41 3
65 15 4
38 44 8
62 4 5
73 45 4
51 63 8
43 85 2
29 10 2
45 13 2
12 96 5
56 37 2
79 82 1
36 95 3
97 48 8
45 11 4
1 64 0
75 86 2
84 68 5
71 7 6
25 67 6
29 76 0
18 61 3
4 100 4
13 93 6
33 81 1
62 28 5
16 34 0
84 55 6
54 63 1
1 10 4
14 59 3
68 56 2
98 51 2
95 56 4
100
123 15 123
1207 62 1207
2226 72 2226
2545 48 3010
3315 77 4708
4777 70 5066
5200 27 5666
5294 29 6089
5641 60 7479
5886 39 7545
7077 87 7980
7153 7 7981
8574 45 9425
8885 45 9518
9104 90 10080
10164 12 13215
10245 27 14743
10650 35 16001
11478 34 16078
11855 90 16619
12547 57 16828
14851 90 17608
17460 48 18064
17506 93 19227
17644 95 23104
17727 18 23165
18831 26 23657
19430 88 23942
21183 3 24884
21562 35 25649
22097 74 26877
22859 4 26998
23303 38 27174
23429 41 28374
25843 57 29329
27181 26 31555
29519 23 32536
30129 78 33618
30404 49 34246
30782 70 34994
30787 10 35318
31912 27 35396
32090 52 35684
32247 74 35714
33618 61 38127
34861 17 38723
35373 12 38989
36115 12 39406
36827 62 39491
37146 57 39571
38278 57 39837
38412 67 39998
39247 32 40280
40145 11 40899
41281 16 41989
42619 15 42619
42649 79 42649
43357 88 43357
43499 44 43499
43719 28 43719
44116 4 44342
44607 8 46453
45730 97 48945
48420 96 49126
48737 88 49528
49600 7 50388
50815 43 54127
50841 50 54519
50937 26 55464
53903 20 55519
54437 48 56266
56095 18 56876
56704 43 57345
58547 69 58547
60419 54 60419
60542 49 60542
60752 62 61137
62464 79 62464
63015 54 63022
63318 20 63318
63920 77 63920
64350 67 64350
65533 20 65533
65610 100 65610
65988 3 65988
66126 66 66126
67687 21 67687
68693 36 68693
68786 4 68786
69536 99 69536
70296 31 70296
70445 11 70445
71918 53 71918
72723 3 72723
72735 21 72735
75107 63 75107
78173 28 78173
78320 4 78320
78444 39 78444
78829 35 79804
