100 3960
82 69 0
28 19 3
44 57 2
47 88 2
77 53 6
98 95 3
90 5 2
18 38 6
31 25 3
96 49 7
33 19 8
85 15 1
56 92 6
3 52 7
46 68 4
8 58 3
53 1 1
89 15 3
79 95 8
82 44 7
29 93 0
95 55 5
87 70 2
64 54 5
34 31 5
53 37 7
88 25 8
81 19 0
64 9 8
23 99 4
9 2 2
23 59 6
15 98 4
70 13 3
2 36 5
83 91 2
44 30 1
5 45 7
18 89 1
34 15 2
56 11 6
9 97 8
8 39 8
47 75 5
8 1 6
98 6 6
19 18 4
55 52 1
33 17 5
83 25 4
87 82 8
80 7 7
96 38 5
43 40 8
39 5 8
47 42 8
48 98 5
2 94 2
62 57 4
68 57 5
98 77 2
79 45 3
73 46 3
85 41 5
84 86 2
19 43 3
16 94 8
82 76 4
40 12 7
20 99 4
22 10 8
51 84 3
67 28 8
5 36 2
87 88 0
54 45 3
98 52 3
53 99 5
13 17 5
90 30 7
26 58 7
67 3 7
78 89 3
29 58 5
64 51 6
72 33 5
84 25 7
14 59 8
29 36 3
93 26 8
34 82 8
41 88 0
76 72 4
35 80 4
40 69 6
26 47 2
53 26 1
40 52 8
8 81 3
70 44 5
77 3 7
41 89 1
43 71 7
83 75 0
60 51 0
89 97 5
59 49 4
4 21 6
20 56 2
45 97 3
94 21 6
24 7 3
93 95 8
2 50 8
73 70 4
14 70 6
47 23 4
55 85 1
91 11 4
48 100 8
91 42 2
56 13 7
84 93 7
52 68 6
8 71 3
50 100 6
17 64 4
84 77 5
20 73 0
26 7 1
8 98 3
97 6 1
97 66 4
11 21 8
15 8 3
25 55 3
86 29 8
40 57 7
81 59 8
72 23 1
69 93 3
91 13 6
45 22 0
99 25 6
84 20 5
19 46 4
65 54 1
51 12 3
38 99 8
49 22 0
99 36 4
75 3 2
81 98 5
97 3 4
89 79 3
83 92 7
67 66 4
24 54 5
24 53 7
94 63 6
43 91 0
21 75 8
40 61 6
31 45 2
17 19 6
60 59 5
35 74 5
95 44 8
57 77 0
46 52 6
90 47 8
76 73 4
4 9 4
18 11 0
73 10 0
22 84 6
70 88 0
49 40 7
52 95 6
57 100 7
64 8 1
28 77 5
1 98 2
11 86 2
5 91 7
1 2 1
30 17 2
37 38 8
72 29 4
23 44 0
100 61 0
30 24 3
39 38 5
90 48 1
63 39 6
68 72 2
3 82 5
41 58 7
56 15 8
53 43 4
24 78 1
51 48 0
34 27 5
70 66 2
65 22 0
34 30 8
88 14 3
29 82 7
45 78 5
66 13 0
64 40 5
44 63 8
75 63 1
96 67 8
46 43 4
69 22 2
96 6 8
94 22 0
96 63 7
42 79 5
98 51 1
75 20 2
18 12 6
8 93 0
13 71 4
58 69 3
5 61 0
89 34 5
91 65 1
29 78 8
71 90 8
5 63 0
85 66 5
71 62 6
37 3 4
12 100 3
66 32 3
18 69 8
59 46 4
33 99 8
49 77 6
93 64 5
25 47 6
21 63 2
90 93 6
95 19 3
20 68 6
52 63 7
73 86 5
49 56 7
52 91 3
10 27 7
24 41 3
81 39 8
85 24 4
94 64 6
32 77 5
75 31 1
42 98 7
89 72 7
7 50 4
58 86 2
34 35 2
13 19 6
57 54 5
79 49 7
32 94 5
99 86 8
44 87 1
50 9 8
11 37 6
3 22 3
12 75 4
85 57 6
79 34 7
29 21 1
49 71 6
8 27 8
97 43 7
31 94 7
59 16 5
77 80 3
13 23 5
37 75 8
37 27 5
57 5 4
12 73 0
64 86 3
69 12 4
29 49 2
7 64 5
98 23 8
66 75 8
77 60 6
99 70 8
66 42 7
58 22 5
99 15 2
27 57 3
51 91 2
91 72 6
13 55 6
56 94 0
90 91 5
92 52 2
38 25 3
11 14 5
40 62 3
82 68 1
81 83 3
43 82 7
21 13 4
25 92 3
62 34 2
5 50 3
59 19 7
36 4 2
17 60 1
43 66 2
75 61 3
27 43 5
58 19 1
18 22 0
46 26 6
97 10 7
17 23 4
56 77 6
43 6 6
49 47 7
25 3 6
24 75 1
68 98 7
45 50 0
54 4 7
76 89 7
68 38 0
97 40 6
31 6 1
16 18 7
63 48 4
85 63 0
1 14 6
19 66 5
49 48 7
34 39 6
38 62 4
81 40 2
40 18 6
63 54 4
67 100 5
74 70 7
91 86 5
58 61 8
35 78 7
80 34 5
46 37 1
80 76 6
49 94 5
60 23 4
34 71 4
84 89 8
72 35 4
64 6 7
54 22 1
30 63 5
65 33 3
44 6 0
1 71 1
11 53 3
47 82 6
35 41 3
43 16 0
41 29 0
99 94 4
35 70 5
11 76 1
83 72 1
57 51 4
53 47 1
15 28 4
75 50 2
46 15 5
69 30 6
75 13 2
77 35 3
4 79 2
25 24 8
92 87 4
68 75 1
86 38 1
98 40 6
83 50 2
92 26 6
85 78 3
36 42 8
78 87 7
2 21 1
11 55 0
79 16 1
99 100 2
76 19 8
17 65 1
43 87 8
22 13 6
64 88 2
94 46 5
45 76 2
18 94 3
5 1 8
56 22 3
21 14 7
44 55 6
90 79 2
59 64 3
96 45 2
35 54 1
5 13 4
68 8 5
26 45 7
56 25 8
12 89 5
55 69 6
46 53 0
6 68 3
50 3 5
86 50 2
7 8 5
65 100 3
75 22 7
54 36 8
22 21 7
27 49 2
64 29 5
57 11 2
38 1 8
87 45 6
87 27 0
78 76 8
17 15 8
77 91 0
72 21 6
7 60 1
87 40 5
81 2 2
12 79 5
11 100 5
53 4 6
47 85 6
1 49 2
35 19 8
90 80 1
2 31 8
87 89 0
67 71 3
46 39 4
25 64 4
14 69 5
76 65 1
99 52 3
71 56 4
11 49 5
63 58 6
72 75 3
30 47 8
90 60 5
78 72 3
90 3 7
58 59 7
92 46 6
23 77 7
73 62 5
68 30 0
74 29 8
77 29 7
9 24 1
89 52 7
77 16 5
32 9 3
99 19 1
68 39 6
2 95 1
74 1 3
57 31 4
80 1 1
56 63 7
36 48 6
49 81 6
58 2 5
10 35 0
99 3 5
12 44 1
99 14 8
24 48 2
57 64 5
14 27 6
30 11 0
26 100 3
15 20 7
26 18 4
28 94 4
57 80 8
39 27 4
67 60 1
1 85 3
89 99 3
64 46 5
90 44 4
64 90 3
83 62 0
49 23 4
20 3 7
73 75 4
27 6 2
36 13 6
16 69 3
64 72 8
92 24 4
13 86 1
41 21 8
12 65 1
46 54 7
41 43 4
86 95 3
92 86 6
51 31 8
93 62 5
82 51 6
41 27 3
99 31 3
68 43 2
60 8 2
86 35 8
86 76 8
86 47 5
25 60 7
82 10 2
55 15 4
46 93 6
97 98 3
54 43 8
16 75 6
59 43 7
51 72 7
79 22 4
83 30 4
33 66 3
78 98 2
61 78 2
91 28 0
19 89 1
58 23 1
40 80 6
77 63 2
52 81 0
12 16 7
54 100 0
5 56 3
81 38 2
80 45 3
78 39 7
63 8 6
53 21 5
35 33 8
70 94 5
94 90 1
93 31 8
6 59 7
85 59 3
11 99 0
19 8 2
1 99 6
55 1 8
79 76 1
42 20 8
60 68 3
54 71 0
16 40 5
55 31 8
24 91 7
42 12 7
20 11 0
73 49 1
39 35 5
18 98 6
100 37 7
66 64 1
87 57 3
62 29 3
14 61 1
11 13 1
19 97 3
87 75 7
23 45 1
63 87 1
99 18 7
22 93 5
97 94 5
38 58 1
50 88 7
10 72 8
14 78 8
40 3 6
89 83 7
79 20 2
3 14 7
32 34 7
82 61 1
56 86 5
31 44 8
91 76 3
22 43 4
6 24 2
24 11 3
4 46 6
49 34 2
82 66 4
23 38 4
9 33 1
67 54 8
79 33 7
18 25 6
13 94 2
42 58 3
4 82 0
53 22 2
9 55 2
62 64 5
2 3 6
15 97 7
14 24 5
84 11 7
66 15 1
20 94 3
62 47 8
41 38 6
97 53 5
93 66 1
16 99 3
92 23 3
56 62 2
31 46 2
77 37 2
96 97 8
34 7 0
25 62 0
22 47 7
76 39 6
47 38 4
43 48 6
45 8 5
19 22 2
71 37 7
50 40 7
39 22 8
47 94 8
5 68 6
67 17 3
76 68 7
3 73 3
13 80 5
13 85 3
92 63 1
56 10 4
93 4 3
92 88 4
95 89 2
70 55 0
78 30 5
56 65 7
51 9 6
96 95 3
1 72 8
51 27 3
59 30 7
10 42 6
34 2 8
49 39 2
35 27 7
93 100 1
16 49 6
58 85 1
89 77 7
2 46 8
19 68 6
22 6 5
59 75 3
58 72 0
13 68 8
93 6 4
24 93 3
58 39 6
5 53 2
74 46 0
54 15 7
50 96 0
91 73 4
17 66 5
15 91 6
73 36 8
10 23 8
31 91 3
25 80 3
10 41 7
15 33 5
19 20 1
51 5 1
97 60 6
52 39 3
84 42 5
64 49 1
79 93 2
41 51 4
16 47 5
74 98 2
67 42 2
33 13 2
20 57 6
2 26 1
6 9 8
66 98 8
17 57 5
69 70 3
87 62 8
9 40 7
53 71 4
36 92 1
88 91 8
26 90 8
77 34 0
48 86 6
97 95 2
100 84 0
92 58 2
52 4 8
49 82 0
71 68 6
35 49 2
34 12 5
89 66 2
8 67 1
63 1 7
99 90 1
49 26 2
43 73 7
64 39 7
48 89 1
56 27 3
43 7 0
52 24 7
53 89 4
55 45 4
79 97 7
6 21 6
42 90 3
12 10 3
53 88 0
54 39 5
43 96 3
40 75 8
36 95 1
95 58 1
80 89 3
32 26 7
43 29 6
78 57 3
21 46 1
12 53 6
20 95 6
35 73 1
9 15 7
12 31 3
59 7 2
32 30 0
8 83 7
16 57 6
28 64 6
39 94 6
32 4 6
96 7 1
48 44 8
60 58 7
29 67 1
59 72 7
9 96 6
10 46 0
2 74 7
75 77 2
19 52 0
49 7 8
57 41 5
22 1 4
33 18 1
38 98 0
71 41 3
17 91 7
74 68 6
72 26 0
15 79 6
76 84 7
17 75 3
91 96 4
71 7 0
61 8 1
10 57 4
20 37 6
67 18 0
19 9 8
21 66 1
90 28 1
49 9 1
8 40 3
72 70 2
84 16 7
10 58 6
95 16 3
5 49 2
32 52 1
21 51 8
29 54 8
79 99 1
15 36 0
38 88 0
77 82 3
52 56 8
100 14 5
88 61 2
65 49 0
95 51 6
76 74 0
55 54 3
90 56 3
3 7 4
1 43 2
7 70 8
6 14 4
41 75 4
8 66 4
87 97 6
70 71 6
54 91 0
100 47 4
94 51 1
23 68 0
68 66 5
57 2 8
5 2 3
17 83 4
54 75 1
2 22 2
67 9 6
28 38 2
39 86 4
70 64 7
62 5 7
10 81 5
95 56 8
45 1 1
5 21 5
54 62 3
52 84 7
91 16 5
86 45 3
84 14 5
68 97 2
80 28 4
10 3 3
53 95 4
66 18 0
59 32 3
89 27 7
16 54 2
50 51 7
20 50 6
99 61 7
68 37 4
68 28 8
82 88 2
42 11 4
18 3 8
58 94 0
35 13 8
15 70 5
60 53 0
39 32 8
12 62 1
62 41 2
46 1 1
19 82 4
23 41 6
52 73 5
10 66 2
87 51 3
61 93 7
57 69 1
77 41 0
57 8 6
74 89 1
56 85 7
82 70 6
74 81 1
82 12 3
61 43 3
80 98 1
34 4 5
92 64 2
9 88 0
43 86 8
39 7 0
91 97 1
95 12 1
33 71 5
66 25 2
60 38 0
8 47 0
50 55 6
86 97 1
29 40 3
67 51 7
92 22 0
65 37 8
35 11 2
28 84 3
94 72 7
48 52 5
72 18 4
5 88 3
50 13 7
33 14 5
90 24 6
1 59 7
89 94 0
40 60 3
23 24 3
22 33 7
59 37 5
13 10 6
63 36 0
10 91 1
40 48 6
95 31 4
63 37 5
41 47 5
43 78 5
79 74 3
61 73 6
35 85 4
66 61 6
95 77 6
27 77 3
28 63 1
50 37 5
62 51 8
84 9 0
70 4 2
2 82 4
77 30 4
29 13 5
24 81 5
11 75 6
8 31 4
80 31 0
62 86 8
74 22 3
70 83 5
47 59 5
66 91 3
82 14 1
98 32 0
56 32 3
23 21 4
20 59 6
40 27 8
30 49 3
36 20 4
38 94 2
57 93 7
15 47 0
69 43 6
44 18 2
8 36 7
63 60 8
59 84 5
15 86 4
57 61 7
61 17 4
41 95 7
60 75 5
19 42 2
33 93 8
69 32 7
24 22 1
9 87 2
37 95 1
65 45 0
29 6 6
16 66 5
34 91 2
49 69 4
60 78 0
65 70 0
54 41 6
93 18 3
89 14 3
94 57 8
87 29 7
73 67 5
7 46 3
83 69 3
67 93 0
22 96 2
96 89 5
95 33 3
45 84 4
3 26 4
79 83 0
98 19 7
86 67 2
46 40 2
71 96 1
38 48 7
36 26 6
34 44 5
2 60 5
97 36 6
94 96 5
53 27 4
4 10 6
10 45 0
7 83 8
19 62 5
12 41 2
68 31 5
91 45 5
26 62 5
7 92 1
69 17 7
88 12 6
13 48 5
63 26 7
54 17 3
61 15 1
25 40 4
6 78 2
86 22 3
92 32 2
53 45 1
32 28 0
77 83 0
79 71 4
68 94 0
2 98 7
16 29 3
82 99 5
47 32 7
98 33 6
42 74 1
83 64 3
28 43 2
25 32 4
18 78 7
6 51 2
80 9 7
64 30 3
63 18 7
71 92 6
4 37 4
33 64 0
48 17 8
38 61 7
90 37 2
56 67 7
8 80 4
14 75 2
65 16 4
61 92 0
2 23 0
4 68 7
25 2 4
3 68 5
13 4 1
34 86 3
31 96 2
55 59 1
71 87 6
46 96 3
41 34 4
35 94 5
61 64 4
65 36 2
96 21 0
6 16 1
65 3 5
96 30 8
22 72 3
88 89 2
54 2 5
66 92 1
1 33 0
83 80 7
74 94 7
98 76 7
41 3 1
74 63 5
11 48 7
71 25 4
94 42 4
84 90 7
52 2 6
71 74 1
75 30 6
57 81 6
35 95 3
35 56 6
61 83 4
84 36 6
61 3 0
99 64 7
24 17 8
74 88 6
9 72 2
29 19 2
41 50 3
93 12 8
50 67 3
36 86 6
37 57 3
100 6 0
75 81 0
6 15 6
81 53 5
42 44 3
33 46 6
69 79 6
6 90 3
79 27 5
24 39 6
92 27 8
92 90 3
50 44 1
25 23 6
44 79 7
57 15 2
37 24 7
87 73 1
69 75 4
45 59 6
11 66 1
83 22 4
7 98 3
17 5 3
69 77 4
75 93 5
62 2 0
30 56 1
69 48 7
54 84 4
7 74 3
17 6 4
87 33 7
67 80 4
54 90 6
80 100 5
36 27 8
13 88 2
21 62 6
19 50 3
92 28 3
9 74 5
85 30 5
78 49 3
34 25 6
37 39 2
5 12 8
15 51 0
14 19 4
59 38 7
1 73 1
52 85 0
57 60 2
45 28 8
3 11 0
48 97 4
34 40 2
81 69 7
28 81 3
90 66 5
90 83 3
26 77 3
1 81 6
44 56 0
59 97 7
73 95 3
76 37 8
24 89 0
65 2 5
51 45 5
68 67 8
34 26 6
25 17 0
4 89 3
74 93 6
49 2 5
26 11 7
42 76 0
55 78 5
69 44 1
38 13 5
17 73 6
39 51 5
10 83 7
85 18 0
46 18 0
43 95 8
93 70 7
32 87 0
20 87 1
59 77 0
20 97 5
71 11 6
13 97 6
87 26 3
15 26 2
6 73 8
82 90 6
65 13 4
57 89 8
54 93 1
89 64 8
85 88 1
30 55 0
86 49 4
16 31 8
23 46 1
13 83 2
98 65 8
13 51 4
54 53 6
2 76 0
81 66 7
9 42 5
92 6 7
48 7 1
76 90 7
84 26 2
2 78 2
29 14 8
33 78 8
62 17 5
12 28 0
44 77 1
39 92 5
78 54 8
65 8 4
79 98 5
93 65 8
14 91 5
39 18 5
24 19 5
29 39 7
98 10 7
38 56 6
77 25 8
69 62 0
59 2 1
69 59 1
87 49 4
74 8 0
93 50 0
57 79 5
70 43 1
60 99 2
7 62 4
59 71 3
84 46 7
36 70 0
89 25 3
78 97 1
72 85 3
27 46 2
36 40 6
100 28 4
83 9 3
36 96 4
73 29 2
54 89 4
61 44 2
53 68 0
11 28 5
93 30 7
27 74 3
18 59 7
68 100 5
10 6 8
40 30 4
36 81 6
20 92 0
43 98 2
55 37 5
67 55 2
33 100 3
54 66 1
71 28 6
70 49 6
14 41 0
49 60 6
100 95 5
58 32 8
85 34 6
68 55 6
90 17 8
31 14 0
61 95 7
7 9 8
100 82 5
26 85 1
56 96 5
66 69 2
51 89 6
31 33 6
72 32 7
98 93 6
86 69 7
53 67 6
39 73 3
46 91 1
10 55 5
65 20 4
46 55 6
99 92 3
47 58 6
43 12 8
33 82 7
7 99 0
20 39 6
53 30 6
82 28 1
22 66 4
96 19 3
14 22 6
92 1 2
7 97 3
12 72 0
20 4 1
32 40 0
1 29 5
58 14 3
60 94 7
37 81 4
76 83 2
35 83 1
23 67 6
65 75 1
8 34 5
51 65 3
82 57 3
65 47 6
84 68 4
35 52 4
29 63 5
2 89 6
44 49 5
18 95 1
31 26 8
81 26 8
32 20 3
89 43 5
75 79 3
7 45 4
17 95 7
39 57 7
5 26 2
10 100 8
55 60 2
76 56 5
89 6 7
50 78 5
38 20 3
11 90 6
71 77 0
81 29 2
41 1 6
52 28 2
7 75 6
15 37 3
77 4 0
7 61 5
100 17 5
11 82 4
24 5 1
47 98 5
89 13 3
70 95 8
16 11 0
68 27 7
6 12 6
22 5 0
71 66 0
16 100 8
36 7 7
20 40 4
24 51 5
6 4 8
100 42 7
30 94 3
86 72 3
17 43 3
80 75 2
32 74 1
21 79 1
79 59 4
82 15 4
78 63 8
86 57 0
15 2 1
7 95 6
30 46 4
52 86 6
29 33 1
24 35 4
86 63 8
50 36 6
47 70 3
88 29 8
1 83 4
34 88 0
38 49 4
71 73 2
17 88 0
38 21 5
96 66 8
72 3 5
62 74 5
17 82 1
61 45 2
92 55 3
69 21 5
15 75 5
100 96 5
93 37 8
25 70 7
4 56 1
76 55 6
26 66 8
42 24 7
24 65 2
91 19 4
14 79 7
99 45 2
40 7 6
14 51 5
87 11 6
56 89 6
28 20 6
23 62 2
98 100 2
23 18 3
49 61 7
14 76 1
87 38 7
90 36 1
94 26 1
55 29 3
73 64 2
66 77 4
20 18 1
40 21 4
12 22 0
43 13 1
5 80 0
33 90 1
12 3 5
5 93 0
78 40 0
90 100 6
86 78 0
62 32 0
39 69 6
71 75 3
8 2 5
45 25 8
39 14 4
45 24 3
33 53 6
85 69 3
14 74 1
39 84 8
25 11 1
36 52 6
8 62 5
32 81 2
17 55 3
69 20 5
93 21 4
13 100 2
5 40 5
17 98 5
45 83 7
39 50 0
11 22 4
68 29 0
38 33 7
30 91 6
3 17 5
47 33 3
41 52 6
30 14 6
4 8 6
32 46 3
63 43 7
93 10 7
18 10 3
9 45 6
52 13 0
9 73 2
37 29 6
15 74 7
29 30 1
36 19 2
84 37 4
99 97 3
77 46 3
84 21 5
36 9 3
76 15 7
89 36 6
30 88 1
66 4 7
59 17 4
33 52 0
2 53 4
73 14 3
9 61 7
36 56 5
7 93 5
70 22 5
77 20 1
41 31 8
88 62 0
11 74 2
92 16 4
27 81 1
10 70 7
53 3 2
52 37 7
45 49 2
25 46 7
50 87 0
98 91 3
74 33 6
91 57 8
11 97 2
38 2 1
42 55 8
19 27 8
52 94 4
42 50 4
82 96 1
78 67 8
69 13 5
68 80 3
9 8 8
70 2 2
30 27 8
39 67 8
44 4 2
14 42 8
77 93 1
41 44 8
90 67 6
77 79 5
47 6 6
11 8 2
92 82 6
17 52 4
66 99 8
16 3 8
41 98 4
58 3 1
49 54 2
41 72 3
77 38 3
70 38 5
76 6 0
5 41 3
50 74 4
71 83 6
97 90 5
1 11 8
91 69 2
44 15 1
84 72 8
41 40 6
70 63 0
49 3 4
54 82 7
46 88 5
44 10 8
26 83 7
81 87 1
18 1 7
68 24 6
93 52 6
16 71 1
79 55 6
11 63 8
80 93 0
2 41 4
17 93 3
39 87 4
53 76 6
3 35 4
67 77 6
9 66 6
86 25 1
58 7 0
25 7 8
61 25 4
44 27 6
5 20 2
27 83 6
52 20 3
29 97 2
6 3 0
96 35 2
91 94 2
11 70 1
56 99 0
14 63 6
77 64 4
58 82 7
89 10 8
84 94 1
79 85 3
84 69 6
72 60 0
32 2 7
26 28 4
80 20 2
29 65 7
54 30 5
11 89 7
13 81 5
42 72 1
87 96 2
43 76 6
80 72 8
72 43 3
62 50 3
6 19 6
98 31 6
29 23 7
76 81 3
76 77 2
40 11 1
44 5 6
93 35 0
73 31 6
52 27 6
77 17 5
45 70 0
64 32 4
79 41 7
10 64 7
1 77 1
49 13 8
37 48 6
91 95 7
30 31 6
23 85 2
49 8 8
26 69 5
69 33 3
67 40 0
90 18 5
87 13 4
65 84 6
26 16 4
76 27 1
59 74 2
53 28 8
4 48 2
12 30 5
100 58 4
58 6 6
47 10 3
85 84 8
26 88 8
6 84 8
66 63 3
50 15 5
8 75 6
19 84 7
94 65 6
96 61 4
75 51 5
67 26 5
3 4 6
48 26 6
92 35 2
37 32 3
90 23 2
22 59 0
52 69 6
35 25 4
96 37 3
16 41 6
34 51 7
52 50 0
85 49 5
9 79 3
52 18 5
100 22 7
38 95 4
15 62 7
22 57 5
32 99 5
10 53 3
33 54 6
70 80 4
31 54 4
94 8 0
19 93 5
92 62 8
41 64 5
15 48 5
55 90 6
53 16 5
30 92 8
75 92 7
7 29 2
55 96 3
84 12 6
3 62 4
6 80 0
65 87 1
33 32 3
39 61 3
89 35 8
97 41 7
96 48 6
68 88 5
68 59 2
98 89 3
58 34 0
18 96 8
22 4 4
50 99 0
13 79 4
62 98 5
20 53 2
6 67 8
37 47 7
98 49 3
64 79 2
41 63 8
95 50 8
79 17 6
49 52 2
83 84 3
78 64 5
84 87 8
23 63 4
15 22 3
64 20 1
74 21 2
83 82 4
28 62 0
56 66 6
97 32 8
74 67 8
71 38 8
80 3 2
85 94 4
49 51 5
82 26 8
50 68 3
87 54 8
76 92 2
10 14 2
52 87 6
63 3 6
36 94 3
42 21 8
16 7 4
74 5 3
88 19 7
77 58 0
66 34 5
8 69 8
97 58 5
81 22 1
63 34 7
10 80 8
76 75 0
48 30 6
67 89 3
35 53 8
73 94 1
60 10 0
37 86 7
25 4 3
9 46 8
24 4 7
92 96 5
96 44 5
14 38 0
85 74 4
2 39 0
50 73 6
79 38 0
56 46 5
81 11 1
100 53 2
78 21 8
19 94 7
65 10 0
29 57 1
72 44 5
50 82 2
73 27 0
59 88 5
36 43 8
44 71 0
71 5 5
81 72 6
64 13 6
23 15 6
19 21 5
16 88 5
81 64 4
91 74 4
68 99 0
30 76 1
84 91 7
86 89 6
73 23 4
29 79 1
90 78 5
7 30 5
88 27 5
28 89 3
38 26 5
59 83 7
75 26 5
84 13 3
76 51 7
75 2 4
48 77 3
21 87 8
4 87 1
5 10 5
40 99 3
22 50 4
62 1 5
41 25 0
77 94 1
56 51 3
92 72 2
35 15 2
34 17 0
16 86 5
29 38 5
48 28 5
16 93 4
26 56 3
52 6 3
54 94 4
53 36 4
64 26 7
55 3 3
6 61 8
50 30 4
25 21 2
46 83 5
7 79 7
97 12 1
60 64 1
31 37 5
72 77 4
42 87 1
72 71 2
63 17 2
80 33 7
37 56 8
73 72 1
35 57 7
37 35 5
88 79 0
63 16 2
82 98 6
39 56 8
70 86 6
44 39 3
78 91 7
5 77 4
13 39 7
40 59 5
12 46 4
43 57 7
5 97 8
4 30 5
86 61 1
76 99 2
83 11 2
12 68 4
83 56 1
62 48 8
65 40 3
72 69 5
68 70 3
63 19 5
91 79 1
29 27 7
6 87 1
100 71 2
23 80 8
51 7 8
96 28 8
90 27 8
65 18 1
68 51 5
21 65 0
22 91 5
5 28 4
93 23 7
91 44 7
32 6 5
100 62 0
78 34 0
28 34 2
40 82 5
45 77 5
45 62 4
84 8 2
47 27 4
52 29 7
5 30 6
12 66 7
6 65 5
20 98 1
73 44 3
23 86 2
72 28 0
84 56 8
37 82 2
87 76 5
33 85 2
16 15 0
74 13 6
75 70 6
57 96 7
22 73 3
9 59 6
43 90 1
65 53 4
66 60 3
62 11 7
84 64 8
24 47 3
68 35 1
55 38 4
91 63 0
46 38 2
36 83 4
85 17 5
36 72 3
66 65 4
60 92 7
64 2 7
95 85 2
16 8 7
89 93 5
86 53 3
29 3 8
5 8 7
41 86 0
8 43 1
100 79 8
5 60 6
11 95 5
1 39 5
26 80 1
77 42 2
5 75 3
77 33 3
16 25 2
57 4 3
96 73 8
78 47 5
48 85 2
71 18 6
52 71 3
7 81 8
22 61 8
32 50 2
23 3 4
45 21 5
9 10 0
49 74 3
90 15 1
63 55 4
62 77 4
12 4 8
12 1 6
94 40 0
7 55 2
36 16 2
87 36 6
75 36 6
21 77 6
90 63 2
47 51 6
31 5 6
78 15 6
72 65 0
31 28 3
29 99 7
80 15 6
60 12 5
22 23 1
13 7 6
14 93 1
97 21 7
98 88 0
83 44 2
60 18 3
64 16 3
62 95 4
100 69 4
58 81 0
24 32 1
45 27 5
34 24 4
13 41 3
6 81 2
48 8 4
7 1 1
24 61 6
94 59 0
49 91 7
96 34 1
91 71 8
65 15 3
33 27 0
50 23 5
34 43 3
86 100 2
82 81 7
22 67 3
3 98 2
51 81 2
100 46 5
47 92 1
30 6 2
14 81 6
43 75 2
17 41 2
9 31 0
84 48 7
61 52 2
65 71 4
56 53 8
62 18 8
100 97 4
28 54 5
80 87 1
8 59 4
12 99 7
48 34 4
63 12 3
29 17 4
80 85 1
88 94 4
60 31 8
21 8 1
52 51 4
84 7 8
39 75 3
67 43 5
37 28 0
52 42 4
72 53 7
24 63 1
34 37 3
42 68 8
61 2 8
15 29 1
36 60 8
30 43 5
42 88 4
1 36 6
30 65 5
91 93 3
61 28 0
2 29 6
47 56 5
64 80 1
42 18 2
91 41 3
84 4 6
40 88 3
65 5 8
10 34 6
47 48 6
95 27 2
80 99 2
5 7 4
33 39 7
81 92 3
95 71 7
65 79 6
56 43 5
63 73 4
89 29 2
38 73 2
64 21 4
50 10 8
19 79 5
63 50 6
89 47 2
99 55 6
9 41 5
95 32 4
31 74 2
33 58 5
75 6 5
87 1 8
58 78 4
53 19 2
15 81 5
3 28 1
14 47 2
49 25 1
37 19 5
45 40 3
57 18 7
62 55 6
63 22 3
14 87 1
63 45 2
48 10 5
70 61 4
20 78 8
45 94 2
19 64 2
26 8 1
13 59 3
83 88 7
41 30 6
36 74 4
100 44 3
28 29 3
6 38 4
61 48 5
4 7 6
72 63 0
2 80 1
69 73 7
80 4 2
97 42 0
86 96 0
68 16 3
69 63 5
48 76 1
41 48 8
60 98 7
16 22 2
25 95 2
13 63 8
84 70 5
38 78 2
61 35 3
25 48 0
40 54 8
30 2 0
100 83 4
37 42 0
12 8 7
45 67 8
92 12 2
1 86 0
41 7 8
10 37 5
87 85 5
21 91 4
49 92 5
16 1 2
30 80 5
10 59 3
12 45 3
50 24 6
52 15 2
35 16 4
5 43 0
32 88 4
14 54 5
50 61 0
88 31 1
46 20 7
12 85 3
57 21 6
63 49 2
74 75 5
99 39 1
52 22 7
1 57 6
16 80 2
36 82 7
32 51 7
17 11 7
54 52 7
94 61 1
90 75 3
20 21 3
60 84 3
38 17 1
13 58 1
11 54 3
70 26 1
4 40 4
55 39 3
21 90 2
43 25 2
94 87 3
7 18 7
67 12 0
28 74 8
14 53 7
55 36 5
96 80 3
28 75 8
94 37 6
60 3 2
74 92 1
47 18 2
67 30 0
78 75 7
29 61 5
31 78 0
94 48 1
74 24 8
6 8 2
96 69 2
27 38 6
65 28 8
42 15 6
28 50 8
92 2 2
52 25 7
33 83 4
57 12 2
32 19 1
58 48 2
58 1 5
8 23 7
35 66 7
27 13 7
29 75 4
94 66 1
85 45 6
8 10 4
7 37 8
56 69 7
33 3 3
95 81 5
7 10 2
71 4 2
15 38 4
97 82 3
13 53 1
46 24 5
59 86 3
68 96 6
100 36 2
60 80 3
61 16 6
84 63 6
96 39 7
32 54 6
55 71 8
90 88 4
27 32 4
47 31 3
28 47 4
27 75 0
34 38 2
29 31 8
42 25 2
66 51 0
72 97 6
64 42 2
86 2 7
16 82 4
82 86 8
82 6 1
43 11 3
5 23 2
34 42 6
96 41 8
44 99 1
93 13 6
26 86 4
43 20 7
69 1 8
13 32 2
62 10 7
58 17 4
36 76 1
69 74 5
92 37 7
98 71 5
96 27 6
33 21 3
57 33 8
91 37 3
70 16 3
69 31 8
10 30 5
32 91 6
16 23 2
5 11 7
6 77 2
25 10 7
79 5 3
90 9 0
53 17 2
35 6 0
11 36 5
31 56 6
31 22 4
81 91 1
49 43 5
38 76 6
100 64 8
66 45 3
53 38 6
100 2 8
69 54 1
56 28 2
28 86 8
94 3 1
87 5 7
27 71 8
85 10 8
100 15 1
38 65 3
34 76 3
50 26 2
56 24 1
84 47 8
94 9 6
85 60 4
35 97 2
7 38 8
57 88 5
46 44 5
71 26 5
71 46 8
3 88 1
48 92 1
53 51 7
44 13 5
35 88 7
67 46 5
95 84 4
30 99 1
7 57 0
50 14 4
8 56 4
44 40 8
85 8 1
56 70 6
82 45 4
95 40 2
24 98 8
59 93 5
99 42 3
86 20 0
24 49 2
12 61 3
3 36 0
78 100 0
80 79 7
65 58 8
32 67 3
98 54 2
18 80 8
53 93 8
44 52 0
63 95 4
27 63 0
84 5 3
81 68 4
21 9 2
68 63 7
86 4 1
33 94 4
98 72 7
62 79 5
62 13 0
44 38 3
61 63 0
100 88 6
93 28 5
1 10 1
51 22 7
12 55 5
97 33 7
10 54 3
62 78 2
43 44 5
93 39 2
9 63 5
89 90 4
68 1 2
74 26 5
3 76 6
87 35 0
4 27 8
5 6 5
16 67 4
8 14 1
65 1 6
52 45 0
47 19 5
55 6 4
4 31 7
58 62 8
61 68 1
14 85 4
54 27 7
71 69 5
1 76 5
99 21 6
57 59 6
8 41 4
43 81 3
95 26 5
19 16 6
70 31 5
65 95 6
47 73 0
36 51 1
27 23 7
67 61 4
92 40 3
6 62 4
65 26 1
64 58 0
4 65 5
64 45 5
87 17 6
65 62 2
20 76 4
54 60 8
58 40 7
23 35 3
30 36 7
78 92 4
85 71 2
8 44 0
56 50 5
3 96 4
36 35 2
80 49 6
89 91 4
28 16 4
41 70 0
24 82 6
39 74 2
52 47 7
33 37 3
26 68 2
26 25 5
14 26 6
5 33 4
35 31 6
65 81 1
12 70 6
55 73 4
85 83 5
79 73 7
40 35 1
60 73 1
88 48 6
48 27 5
95 4 5
75 86 4
42 31 6
1 95 2
76 60 7
55 83 2
64 95 8
59 80 1
33 61 4
14 96 8
2 87 4
89 44 6
42 28 6
46 65 5
82 5 0
94 4 6
28 35 3
36 17 7
77 97 6
81 47 5
66 57 1
56 81 2
76 9 6
37 25 1
76 69 3
55 19 7
23 20 2
6 57 7
3 31 5
87 99 4
33 23 7
42 63 8
12 64 7
93 58 4
89 23 5
10 69 1
87 66 0
97 74 4
25 44 8
26 29 3
69 65 5
44 35 3
70 5 6
85 16 6
18 8 7
77 81 5
93 1 2
71 3 6
32 76 1
53 25 1
6 79 4
97 57 6
84 88 2
19 2 3
5 3 5
64 31 6
85 96 6
1 90 7
8 42 1
77 90 3
89 71 2
32 90 8
69 60 2
53 74 0
5 16 5
16 76 6
72 7 8
79 10 0
27 28 4
96 79 6
60 48 5
64 65 7
5 59 2
96 75 2
96 29 4
67 58 5
36 58 6
34 92 3
23 82 7
57 32 3
100 51 0
15 7 1
100 43 4
90 46 4
23 37 7
94 5 1
24 18 6
45 41 5
18 86 5
11 31 2
93 47 7
4 47 7
13 30 1
63 4 0
29 44 6
27 15 8
13 60 7
21 17 3
6 2 3
35 8 6
82 74 6
64 68 4
61 81 8
86 17 6
87 61 6
80 41 1
91 3 8
88 75 1
47 50 8
85 2 4
11 60 3
71 2 6
91 12 8
39 31 5
38 52 2
52 14 8
74 16 3
89 65 1
90 31 6
98 75 4
98 21 7
67 52 3
8 55 2
50 6 8
46 14 3
64 76 7
71 82 0
44 62 0
72 57 0
69 45 2
32 84 7
99 37 0
20 33 5
90 10 2
42 41 7
99 54 7
50 65 3
26 39 5
75 10 4
7 63 3
67 38 6
82 42 2
80 29 3
57 55 3
87 28 2
10 16 4
47 95 4
37 12 5
52 21 3
41 81 5
21 76 2
98 69 6
93 27 3
51 18 4
71 32 1
22 8 3
76 85 5
85 9 8
51 30 6
82 38 7
67 5 4
60 91 0
21 73 1
59 65 1
16 56 0
12 25 5
35 67 2
94 17 7
9 60 4
63 100 3
61 53 3
5 99 1
44 36 7
76 54 2
80 81 7
50 81 5
56 98 6
59 28 6
59 39 1
80 11 0
99 24 1
61 79 1
32 8 0
68 69 2
97 18 4
63 65 8
96 70 0
97 56 5
98 28 0
59 11 0
33 70 1
83 60 4
42 81 0
67 13 1
23 42 5
53 63 4
70 98 3
19 38 8
76 95 2
21 31 2
39 28 8
27 98 8
44 1 5
13 9 1
3 48 4
48 6 7
74 72 7
20 81 0
6 74 0
19 69 6
97 31 4
64 98 7
97 2 3
3 1 5
83 39 7
2 63 3
23 70 6
81 33 4
25 15 3
79 26 3
79 31 0
91 33 7
91 2 1
95 87 8
17 56 2
38 90 5
82 79 5
30 89 1
71 23 7
40 56 4
37 36 8
27 84 4
28 22 2
48 78 6
54 38 7
83 63 1
100 52 6
4 23 8
60 28 0
58 30 3
15 58 8
81 90 6
84 75 8
85 5 6
5 18 8
73 93 2
13 8 5
81 35 8
88 60 5
86 79 3
38 72 4
72 87 1
40 73 0
80 74 8
90 96 8
38 11 7
23 6 6
78 22 3
60 45 0
99 58 5
89 75 6
95 68 7
57 71 3
33 50 1
46 36 5
46 48 2
34 67 1
90 51 2
93 97 5
73 8 4
87 16 4
89 58 5
10 88 1
82 85 4
42 22 2
31 86 4
17 45 2
77 88 4
27 11 8
7 47 5
54 23 7
20 14 5
16 62 1
17 76 1
27 97 3
3 85 8
22 30 4
88 28 3
9 43 4
72 20 6
63 97 3
94 98 0
96 10 1
9 81 6
34 59 0
52 12 5
48 87 1
47 66 2
3 84 8
30 52 3
92 73 0
25 85 2
41 59 1
97 52 7
78 25 5
57 95 6
34 70 5
34 6 8
42 40 3
20 70 4
87 93 4
21 92 4
86 42 7
58 80 6
20 48 7
58 71 1
5 27 4
45 74 5
80 43 1
32 65 2
30 42 7
22 38 1
59 25 2
29 70 5
68 78 1
48 59 6
4 98 2
20 22 5
9 69 7
15 84 6
71 81 1
95 46 0
61 37 5
23 40 5
24 44 5
73 28 6
73 56 1
7 19 6
32 21 5
61 65 4
69 23 1
37 16 2
62 43 2
10 2 2
90 14 5
88 18 2
52 82 6
32 80 5
66 23 0
7 21 2
69 90 8
78 1 3
61 1 3
3 79 6
56 12 3
59 70 1
32 73 8
27 62 8
24 79 6
57 99 4
65 97 4
92 70 5
68 54 0
41 53 8
32 48 2
20 49 4
36 31 0
74 38 6
93 15 6
4 50 6
16 51 5
48 95 8
31 24 4
73 13 7
96 58 8
28 76 1
70 39 5
53 15 5
34 90 8
17 1 2
31 81 7
87 56 8
38 84 4
43 31 8
63 82 3
76 13 4
10 74 1
69 35 1
1 52 7
24 16 5
64 36 5
25 33 8
14 49 6
70 76 6
58 88 6
51 46 3
86 71 1
62 75 5
27 91 8
54 80 7
57 26 8
48 73 0
11 32 6
37 6 5
46 35 4
74 90 1
70 37 1
40 19 4
62 30 5
31 20 5
32 41 3
27 7 8
92 97 7
4 14 8
83 20 2
37 41 1
45 93 4
3 59 3
71 94 8
6 49 6
16 32 2
3 64 2
68 11 0
39 80 2
51 29 2
56 60 3
48 68 3
25 97 4
66 100 7
60 33 7
8 29 4
41 33 3
45 2 4
36 23 0
41 22 5
62 61 8
61 74 6
70 78 2
83 29 4
82 27 4
40 37 4
37 17 1
84 67 4
100 60 6
52 23 1
72 93 0
45 44 0
50 49 3
68 36 1
95 83 7
10 20 1
26 44 2
77 43 4
89 50 0
21 16 8
43 3 3
21 10 8
44 94 4
58 50 0
16 55 2
12 86 0
33 34 2
26 22 4
3 34 1
18 28 2
84 98 6
22 98 2
10 92 3
38 51 4
69 61 5
73 4 0
15 39 6
72 95 3
35 47 8
17 26 3
26 21 6
100 72 8
41 100 1
26 60 4
75 35 3
40 100 6
28 7 6
56 93 0
31 76 2
74 17 8
82 1 4
87 47 8
91 80 2
31 49 1
51 43 0
98 45 2
63 79 6
96 1 6
67 49 4
55 43 5
34 20 0
29 4 4
56 68 4
78 36 4
9 11 0
23 76 8
78 59 2
71 45 1
99 43 7
43 64 2
88 37 5
24 43 0
34 74 8
18 70 5
24 83 5
76 50 4
4 39 5
67 36 8
29 60 3
75 1 0
50 57 7
78 23 1
14 95 6
90 85 8
19 78 1
27 100 1
39 42 2
11 72 4
1 4 3
74 65 0
80 14 6
24 28 1
29 9 4
41 73 8
56 54 6
12 9 7
88 66 5
50 34 0
35 18 0
91 67 6
26 43 5
100 34 5
35 65 3
70 48 7
70 19 4
24 10 6
16 98 5
22 37 4
91 23 3
26 1 7
12 83 0
46 82 3
12 26 3
7 54 1
74 57 1
32 31 0
80 38 3
88 56 2
2 56 7
19 90 5
35 91 0
80 86 1
19 44 5
83 40 0
100 20 2
19 5 5
90 61 7
72 27 6
52 10 7
2 73 5
58 51 2
81 85 3
9 3 1
62 67 7
70 8 8
56 29 2
77 92 0
96 65 4
84 31 2
32 5 5
4 92 2
98 63 8
20 61 8
58 12 3
74 37 3
25 76 5
62 81 1
5 92 8
95 67 8
42 61 1
14 97 8
55 56 3
27 21 0
27 9 7
56 80 3
27 58 7
53 32 8
42 16 1
56 7 8
73 54 7
11 96 2
34 29 6
38 93 6
12 11 2
25 29 8
97 88 8
87 30 5
38 5 3
21 50 7
81 45 3
80 24 4
81 25 7
95 13 3
39 19 6
72 46 5
9 68 5
34 73 5
67 44 6
72 96 2
23 1 3
26 19 8
18 53 3
78 11 5
46 60 4
49 89 1
61 41 0
36 28 3
33 75 0
20 6 3
95 80 0
7 42 2
51 54 5
76 96 5
86 7 0
69 99 0
7 52 3
7 85 1
91 1 3
38 10 6
67 79 8
67 4 3
62 94 6
72 19 4
57 67 8
97 39 0
87 24 8
11 44 0
78 27 6
37 30 7
56 79 6
71 30 6
96 51 6
19 34 2
4 15 7
26 41 0
69 15 2
56 1 2
88 96 0
60 39 7
97 64 7
19 10 0
86 54 0
95 92 4
63 93 6
37 1 3
37 66 6
34 61 3
83 98 6
53 34 7
30 72 1
68 45 7
42 70 6
72 13 8
64 56 2
29 47 2
33 12 8
76 29 8
11 29 2
30 61 5
46 5 3
3 92 8
84 62 6
58 44 7
6 53 0
23 32 0
74 19 7
28 30 6
46 13 3
66 83 7
48 22 4
69 29 2
24 36 5
59 51 5
59 21 8
57 92 6
31 100 8
18 2 8
55 14 2
51 3 4
44 21 1
92 15 1
7 82 2
35 9 4
7 6 8
97 55 0
64 96 0
24 55 2
42 57 8
72 47 7
11 46 5
73 30 5
76 18 3
81 17 4
63 62 5
39 30 2
14 56 4
18 15 3
84 24 1
95 42 4
56 6 0
55 4 5
15 31 7
23 48 4
63 67 6
54 83 8
3 86 7
52 90 0
38 100 1
19 11 6
61 10 3
65 48 8
34 64 7
31 10 1
60 24 1
78 66 3
38 83 0
14 2 1
20 41 5
90 39 3
23 55 5
5 14 4
63 51 0
66 24 5
43 50 3
45 15 4
43 60 6
73 57 2
15 14 2
91 55 8
50 18 7
15 96 2
44 17 4
47 1 6
89 37 6
93 3 6
3 81 5
26 42 1
4 18 0
49 57 6
48 18 5
60 82 1
48 56 4
42 53 6
86 51 7
78 88 1
42 6 6
18 56 2
36 59 4
30 98 3
62 70 1
12 76 6
76 41 1
98 87 5
78 16 4
34 9 4
24 64 7
40 31 1
22 89 0
31 77 0
84 57 5
14 77 5
61 13 4
51 44 3
4 2 7
91 40 6
95 88 7
26 73 5
94 67 7
66 1 3
96 32 1
19 45 8
34 95 8
81 18 8
68 87 3
27 64 2
53 83 0
81 73 6
84 34 1
68 90 8
22 82 7
72 4 3
73 51 0
5 52 1
41 65 3
82 9 4
72 66 6
2 93 0
31 52 2
89 39 3
92 54 8
67 1 8
51 33 7
11 98 4
39 85 1
41 78 1
9 57 0
90 49 5
13 15 3
48 64 2
51 35 6
58 56 2
63 33 4
74 83 1
58 21 5
85 98 8
82 89 2
28 13 8
21 37 0
16 4 3
84 50 4
91 87 5
30 1 8
6 83 2
40 53 8
25 93 4
53 75 2
62 72 7
83 23 7
99 67 7
53 55 0
5 9 7
67 7 0
92 11 1
37 98 7
94 82 0
7 17 5
22 25 1
74 64 2
9 39 2
11 58 7
72 45 6
35 84 8
61 71 1
18 31 2
22 34 4
72 49 0
36 22 6
36 79 0
56 82 6
24 95 1
20 85 2
81 16 1
19 3 3
16 17 7
12 32 6
63 31 0
33 30 2
3 87 7
68 58 4
79 39 4
37 87 1
23 79 2
74 40 3
35 17 8
59 100 8
26 40 8
89 60 6
53 62 0
11 69 1
50 77 5
47 83 2
53 58 4
77 87 6
56 74 2
64 50 3
14 44 8
75 4 3
94 24 7
36 41 0
25 13 2
20 8 4
59 35 4
47 96 5
55 48 1
97 80 6
79 40 8
98 36 2
88 33 5
43 32 0
3 56 2
60 4 0
66 28 4
65 43 5
82 25 6
56 61 4
44 33 8
32 82 3
52 60 3
70 60 4
52 83 8
39 72 1
56 23 4
89 32 1
9 58 6
44 16 1
88 63 8
72 88 5
31 50 2
44 28 3
27 59 1
46 58 3
74 96 3
24 72 6
48 14 6
61 72 1
59 98 1
57 48 1
62 20 6
18 14 5
18 49 1
5 54 3
44 81 5
96 17 5
47 91 6
18 30 1
61 89 8
23 28 1
1 34 0
79 84 2
63 25 6
30 8 7
20 35 2
27 99 4
5 35 6
54 58 3
37 79 0
9 20 4
84 40 5
15 1 6
92 19 2
19 57 3
48 35 3
10 63 3
27 55 6
49 76 3
44 7 3
93 32 3
90 2 4
81 96 7
17 14 3
51 10 5
67 48 6
44 68 0
66 7 1
48 79 4
80 82 4
20 30 1
11 67 3
32 49 8
42 75 8
33 73 5
89 73 1
83 97 6
16 60 4
47 63 8
7 88 0
97 4 1
55 75 7
85 37 1
99 95 4
81 78 5
9 77 0
98 5 6
26 4 5
92 91 0
4 41 2
29 48 2
26 61 0
83 93 1
8 53 7
84 41 3
62 37 6
51 2 5
65 52 0
95 22 1
45 32 3
52 96 5
53 64 7
76 88 2
22 77 2
11 73 3
88 93 2
43 38 6
89 38 3
3 30 0
75 97 3
58 98 5
13 92 1
9 92 4
87 18 8
12 77 6
9 89 5
98 73 5
42 43 8
74 23 7
91 85 6
72 15 7
8 38 2
35 21 6
96 99 2
13 54 2
5 100 8
39 41 0
71 6 3
83 48 3
64 5 4
52 72 6
34 16 8
48 42 8
78 17 6
33 28 6
73 25 7
72 48 7
95 6 4
28 21 1
11 45 7
5 89 4
53 23 1
79 53 5
19 56 8
50 92 1
6 1 4
4 58 4
24 40 2
12 19 6
78 53 7
65 34 0
16 2 5
61 21 2
97 69 5
70 27 3
15 21 6
63 35 3
17 2 4
28 58 4
27 42 0
32 18 5
33 68 3
79 58 6
100 77 3
87 8 7
34 75 8
78 83 5
29 84 0
76 71 0
21 70 6
49 37 6
61 31 1
91 50 8
18 64 4
42 85 5
15 10 1
61 98 2
17 31 7
37 14 4
4 59 0
18 17 5
91 56 6
80 19 0
22 97 2
29 66 7
42 96 6
50 80 3
19 65 6
81 48 3
18 83 7
75 94 4
53 29 8
88 43 7
48 12 2
90 7 7
6 45 0
15 32 4
59 56 7
44 92 5
83 65 4
4 88 8
8 51 5
83 5 0
77 2 6
11 88 4
22 80 1
68 41 8
89 40 3
65 78 0
6 60 6
70 17 1
16 30 0
25 65 3
34 18 1
13 96 1
93 78 0
38 91 8
78 7 0
89 62 6
71 42 3
73 66 0
10 67 3
99 4 2
58 84 7
84 30 8
36 33 3
78 52 5
78 71 8
41 83 6
13 2 7
41 66 8
54 81 5
12 13 0
80 78 4
30 45 6
39 77 0
96 98 4
88 73 0
28 41 1
10 86 2
99 26 1
93 49 1
76 10 4
34 54 3
69 37 4
47 74 3
14 83 2
22 90 8
73 24 2
66 84 3
66 80 5
30 82 7
19 1 1
83 42 8
97 8 8
38 64 3
7 22 2
88 45 7
21 49 5
15 77 8
16 89 3
37 13 2
50 46 1
60 65 6
79 43 0
70 24 3
22 46 5
32 17 0
23 84 7
57 83 7
9 86 3
20 96 1
2 84 5
31 66 4
8 86 1
2 72 8
45 34 2
23 88 6
46 81 6
39 16 1
64 71 1
47 99 0
62 52 0
6 11 3
74 18 6
66 40 1
6 36 1
10 33 3
46 69 4
44 54 4
28 1 5
47 71 5
84 82 5
81 30 4
24 77 4
51 17 1
76 63 0
40 90 1
39 98 8
75 100 4
2 11 8
94 25 7
71 93 4
51 61 4
37 83 7
46 47 4
90 87 5
79 72 6
21 68 7
16 14 7
56 100 2
72 25 7
10 95 1
56 41 5
80 37 2
66 62 6
28 8 5
15 63 0
2 12 8
83 43 3
92 100 6
15 83 3
33 26 4
6 99 0
94 79 6
96 8 6
11 47 7
50 66 6
56 21 0
17 72 0
96 77 4
52 8 2
72 56 3
46 3 7
44 86 2
100 18 8
82 55 1
54 70 1
71 31 2
19 30 8
82 31 0
83 94 5
3 24 8
1 13 7
19 77 1
13 82 4
85 67 7
81 21 7
67 69 2
48 99 5
87 53 8
25 30 3
83 3 4
56 42 6
92 69 2
69 28 0
82 35 0
30 15 6
55 34 4
7 77 3
52 70 5
54 74 6
97 67 2
97 85 4
67 37 4
54 18 5
67 87 5
7 23 4
22 27 1
82 78 8
47 21 0
50 12 2
34 52 4
43 92 6
88 49 4
74 77 2
21 83 3
79 50 1
88 51 2
64 11 4
86 68 7
20 29 5
9 23 7
91 68 3
80 52 3
42 32 0
70 97 0
31 62 3
86 33 2
15 88 8
45 58 2
57 28 7
10 94 3
61 55 2
83 28 3
17 97 7
6 54 0
51 40 0
49 83 4
74 44 0
72 14 7
8 95 3
94 43 2
77 61 4
2 20 4
44 37 4
62 85 5
50 25 8
21 1 7
100 32 3
42 1 4
85 65 4
4 64 2
26 96 6
99 9 6
69 27 7
10 29 0
78 37 0
65 9 2
4 17 3
63 32 5
2 55 8
63 81 4
49 62 6
78 73 8
37 64 6
91 25 7
71 99 0
89 7 1
34 99 8
80 27 8
98 12 1
16 72 1
54 61 6
78 4 7
65 11 2
50 53 7
76 33 3
15 11 0
50 29 5
6 94 6
50 35 7
54 96 5
36 88 7
78 77 4
71 60 4
100 8 6
38 50 3
48 9 2
46 86 0
88 86 8
32 55 6
88 99 7
68 92 3
52 59 2
9 1 5
80 48 8
23 31 0
68 79 8
39 91 8
80 21 3
97 71 8
83 73 0
100 21 7
46 57 6
21 60 0
38 3 2
60 62 0
72 8 8
76 5 6
65 44 3
17 46 6
47 55 1
42 65 7
75 49 2
27 85 1
35 26 6
13 99 4
97 23 8
35 76 6
98 57 2
39 25 5
72 55 7
100 55 4
47 36 6
80 71 4
70 30 0
99 73 7
89 31 3
68 85 5
77 99 0
34 47 3
76 8 7
14 57 5
14 67 4
85 50 8
69 5 4
30 9 8
41 93 6
33 96 7
30 35 5
69 47 1
84 61 3
34 93 5
94 93 6
73 15 2
57 23 4
82 64 8
78 74 1
14 7 0
24 58 8
28 46 4
87 74 5
55 65 6
2 79 1
99 91 2
19 48 7
54 50 8
75 18 0
30 79 3
49 17 3
8 25 5
12 27 2
30 100 6
72 5 6
36 34 0
27 18 0
62 59 5
24 38 5
22 35 7
18 13 5
37 45 0
30 97 8
78 8 2
75 45 1
77 36 8
17 9 3
33 45 3
10 87 0
77 40 4
63 57 5
26 98 1
20 88 2
25 96 3
55 93 2
11 79 1
47 77 3
36 39 3
79 81 6
86 98 5
51 71 0
49 95 5
67 47 2
75 44 8
16 73 2
21 36 8
52 64 5
75 19 7
98 25 2
19 25 0
24 67 0
13 20 5
9 37 1
68 34 6
5 48 0
7 68 5
28 4 6
67 21 7
45 20 2
32 68 1
86 77 6
61 32 4
70 89 2
2 68 7
43 85 6
53 94 3
66 76 0
62 14 5
94 76 5
67 59 5
88 2 1
24 59 5
91 64 4
100
549 30 549
671 48 671
2418 86 2418
2460 34 2460
2553 50 2553
2953 15 2953
3627 5 3627
3798 47 3798
3949 86 3949
4014 30 4014
4018 53 4018
4260 79 4284
4336 24 5164
4414 83 5316
4779 81 5413
5695 29 6054
5738 74 6679
6786 65 6786
7707 78 7707
7925 40 8284
8525 62 8525
9265 93 9265
9405 88 9482
9451 58 9574
9878 76 9878
10664 99 10664
10711 73 10776
10918 50 10918
11820 8 12527
11838 7 12614
12067 23 13093
12158 46 13423
12504 23 13578
12783 89 13860
12930 30 13897
13247 63 14245
13391 38 14599
13599 46 14649
14034 42 15375
14715 4 15440
14845 13 15537
14954 92 16058
15212 26 16319
15583 74 16342
15683 20 16720
15837 91 16852
16164 8 17228
16424 67 17823
17359 52 17980
17780 46 18024
17984 71 18330
18106 52 18570
18810 8 18810
18834 24 18834
18976 60 19650
19101 58 20414
19110 77 21831
19502 71 21988
19972 73 22519
21125 68 22817
21178 76 22909
21954 24 22919
22050 14 22954
23062 58 23062
23244 62 23461
23804 73 24859
24099 60 25304
24860 47 25772
25895 36 26567
26155 75 26568
27009 6 27009
28807 61 28807
29154 3 29154
29391 84 29391
30098 17 30098
30564 9 30564
31862 69 31862
31941 23 31941
32418 97 32418
32704 10 32704
32913 56 32913
32960 14 32960
33528 50 33528
33774 51 33774
34522 38 34522
34581 45 34581
34687 9 34687
35232 92 35232
35322 78 35322
35331 96 35331
35475 42 35475
35489 74 35489
35619 42 35619
36258 68 36258
36598 72 36598
37698 16 37698
38589 97 38589
38832 71 38832
38882 46 39000
39070 29 39931
