100 3960
45 63 6
79 15 0
36 30 3
61 5 3
96 52 3
19 24 7
26 97 8
42 22 5
70 17 8
41 97 6
7 58 0
15 45 6
71 17 5
34 40 5
48 70 6
76 66 1
93 29 8
9 8 0
80 96 0
99 9 3
79 88 1
78 95 1
99 37 2
20 29 1
21 93 7
77 65 1
87 31 8
59 80 7
61 51 6
79 98 2
4 21 6
39 97 8
28 75 4
21 38 0
99 19 8
44 94 6
12 43 4
88 6 8
3 16 1
81 35 6
2 51 7
12 3 6
17 50 3
53 99 4
70 56 0
38 98 1
31 81 1
19 56 3
12 100 5
37 44 8
51 11 8
78 84 7
16 44 2
51 52 3
35 13 8
55 92 6
47 21 3
81 77 6
88 76 6
28 46 8
62 27 5
6 2 6
9 86 4
29 5 5
91 1 3
53 18 6
74 89 8
96 49 8
3 40 6
75 95 5
10 5 6
37 9 4
67 16 4
5 83 0
78 16 3
69 66 7
93 4 3
89 84 7
33 43 8
16 65 5
91 88 0
92 4 3
50 44 6
87 51 5
34 32 7
62 71 8
51 78 0
52 5 6
69 48 4
76 94 6
8 78 1
8 46 6
3 100 5
40 25 8
55 10 3
36 48 4
35 76 6
64 75 5
47 33 4
41 29 5
46 99 4
49 53 0
80 56 5
13 67 5
34 78 8
65 48 8
32 51 5
52 61 8
19 65 7
14 81 2
88 48 0
66 56 8
60 39 6
65 78 1
50 20 4
93 35 5
64 43 3
13 33 4
75 100 5
46 84 5
10 38 7
4 26 2
13 9 3
22 56 8
71 78 5
83 22 3
29 97 4
84 7 3
58 95 8
47 5 3
62 37 3
81 46 8
47 72 2
77 80 7
54 39 6
44 79 7
35 5 1
89 1 8
55 14 3
47 95 8
8 20 4
15 67 4
10 92 3
22 55 0
66 100 2
94 13 3
81 62 6
79 4 7
13 2 4
13 6 0
5 76 3
98 11 4
87 66 6
48 98 4
99 8 5
1 71 8
78 38 0
42 80 6
30 18 8
7 93 2
29 14 0
91 15 7
43 80 7
15 88 7
85 44 2
90 38 5
38 13 4
76 71 0
100 63 5
52 45 3
48 12 4
75 85 5
3 22 0
38 55 6
85 29 4
76 37 4
71 51 8
48 94 0
10 50 3
60 57 0
88 82 3
26 96 0
4 74 6
2 31 0
58 32 3
52 36 4
87 44 6
69 7 4
25 61 7
38 18 1
34 88 1
98 19 3
13 27 0
15 3 1
82 84 8
91 32 3
70 6 0
2 72 0
28 8 3
42 91 4
54 81 5
77 45 6
90 83 0
51 55 5
97 20 7
27 97 1
76 15 7
1 19 3
86 71 3
85 52 2
56 12 1
22 50 5
39 84 2
29 4 8
63 75 8
35 19 1
41 46 4
33 56 0
62 10 5
72 56 0
2 94 4
76 70 4
21 91 7
84 20 3
47 58 6
16 12 5
89 78 5
29 49 7
69 84 6
29 40 7
98 45 7
57 54 3
57 84 1
30 93 2
38 93 3
44 34 5
17 68 0
45 5 4
44 48 6
30 67 1
95 84 8
33 49 2
87 9 5
96 13 0
94 31 7
85 55 4
72 67 5
92 85 5
94 85 3
96 45 1
58 57 1
99 27 1
100 2 2
72 25 4
93 39 1
65 70 6
87 63 7
36 26 3
34 65 8
13 21 7
32 18 3
8 53 1
91 85 4
53 87 2
1 50 3
83 59 6
93 60 8
2 44 8
20 30 5
89 55 8
96 1 7
80 12 4
75 55 2
71 60 3
34 60 1
98 51 1
46 11 3
5 18 0
86 70 7
53 28 6
64 47 0
78 39 7
40 82 7
7 46 6
71 4 7
33 18 8
63 6 4
10 79 1
27 58 4
81 55 0
79 94 3
39 23 2
67 46 0
23 42 7
62 30 1
72 12 8
64 36 2
74 15 7
57 5 1
77 76 1
39 65 2
24 96 3
7 67 8
72 41 6
35 72 7
10 66 8
49 51 7
60 66 1
1 44 5
8 87 0
1 10 5
97 3 0
5 37 7
52 92 7
82 96 5
38 68 7
39 95 5
37 78 3
72 49 4
46 25 5
46 85 2
89 97 8
3 25 3
8 31 2
35 27 4
60 33 7
43 91 2
40 63 0
38 94 5
74 77 5
38 52 2
87 19 0
78 33 2
31 25 5
90 1 2
73 37 6
33 40 7
91 86 8
50 5 4
31 20 1
53 73 7
51 43 5
33 91 8
31 38 6
27 81 1
40 98 8
42 46 7
40 71 1
42 53 8
51 26 6
53 56 4
89 9 7
68 64 8
33 9 0
79 37 5
46 17 1
64 6 4
62 96 0
1 23 1
100 85 4
54 4 8
26 80 7
92 2 4
42 74 5
100 1 3
16 91 7
81 51 5
56 52 3
55 34 2
42 16 0
94 73 6
100 52 1
25 99 4
19 83 7
70 92 3
75 37 3
18 78 1
93 99 0
14 71 4
55 71 8
32 61 4
12 26 8
92 30 4
43 47 4
90 8 2
61 59 1
98 95 2
18 34 6
68 41 0
75 93 4
32 30 6
53 65 5
5 30 7
76 33 5
75 94 3
25 98 5
44 95 6
45 12 0
46 60 8
21 7 6
80 74 2
85 39 2
15 53 2
93 90 0
49 42 7
48 14 5
19 6 5
62 93 6
29 71 8
16 68 0
32 68 2
73 51 3
26 25 5
44 69 6
86 36 7
33 59 6
87 57 3
40 30 8
95 24 2
41 30 7
40 10 6
14 88 0
51 77 3
54 82 3
60 98 4
99 73 6
25 21 1
97 91 0
9 5 8
95 82 3
45 90 4
32 89 8
80 23 0
15 87 6
86 95 8
65 42 4
17 13 7
73 63 2
4 95 8
74 72 2
89 63 7
21 71 3
14 62 3
2 88 1
51 40 1
26 95 1
90 80 4
63 41 6
63 27 8
81 96 1
54 88 7
43 86 6
88 21 3
3 55 1
24 61 5
27 79 6
40 56 5
99 41 1
10 51 8
47 85 3
62 77 2
35 57 4
72 27 5
12 77 6
62 25 4
94 58 7
83 33 6
15 35 3
63 47 6
84 73 3
66 26 0
86 72 7
51 65 7
52 23 8
68 26 0
21 10 6
41 8 4
1 20 3
75 68 2
39 68 3
73 66 7
85 28 1
90 15 1
50 71 5
53 7 7
42 69 8
75 30 6
45 51 7
15 12 8
52 29 8
22 2 7
45 60 3
82 7 5
99 72 0
78 88 8
3 19 2
20 44 0
25 58 1
20 22 8
9 3 3
76 28 6
63 13 1
82 24 7
40 53 7
43 100 4
44 30 6
23 68 8
29 43 8
69 53 6
37 1 4
85 1 5
72 54 5
3 84 3
64 2 8
81 98 2
42 66 7
88 74 7
13 19 5
12 55 1
44 86 5
98 15 7
15 27 2
24 87 3
94 74 4
41 22 7
58 10 4
15 84 4
24 85 5
40 77 2
76 89 7
71 80 3
23 36 6
98 77 7
50 93 1
45 29 4
67 48 8
83 15 7
66 32 3
11 2 8
95 31 0
74 100 7
42 92 7
38 22 7
38 97 1
25 15 7
98 49 1
38 6 2
52 70 6
19 29 3
13 97 0
41 49 6
11 75 5
21 84 5
57 32 2
45 47 7
22 74 6
45 9 6
33 51 5
32 27 7
45 31 3
81 36 2
58 93 6
56 87 4
79 11 8
51 93 7
35 89 6
92 67 7
21 72 1
8 29 3
51 39 4
96 3 6
10 9 5
84 19 4
72 29 2
14 85 5
93 19 8
41 50 4
82 97 4
62 49 3
87 35 1
87 26 2
42 44 8
72 23 3
91 12 7
18 60 5
38 36 3
11 20 4
28 18 3
77 14 4
60 9 8
92 94 0
78 22 3
34 4 5
29 23 2
45 10 8
34 33 1
74 37 0
100 77 6
19 90 1
15 78 5
46 59 7
81 67 2
74 44 3
6 25 8
91 39 4
76 80 4
5 56 0
98 7 2
67 31 8
48 80 6
28 56 8
10 18 6
97 54 5
80 91 1
90 10 2
2 55 4
98 63 8
80 29 7
28 78 2
96 12 6
28 26 3
38 20 1
48 9 7
9 38 4
81 70 7
39 38 2
44 71 1
4 9 4
6 17 5
97 17 6
88 84 8
54 96 7
5 94 2
5 58 7
52 12 4
56 99 0
80 73 8
44 91 2
1 24 0
95 3 1
38 46 7
97 55 0
16 24 1
1 84 7
82 48 7
88 41 5
9 93 1
64 73 8
62 65 4
61 4 4
84 66 1
14 18 4
29 22 0
90 98 2
61 97 5
8 49 6
63 65 3
91 13 7
97 99 2
66 43 2
30 76 6
86 22 1
18 16 1
5 34 8
85 99 4
7 94 6
63 26 6
82 94 1
17 43 3
91 79 6
84 33 3
61 80 7
40 78 4
7 17 5
97 78 4
83 68 7
81 87 1
91 64 8
95 27 5
23 3 7
7 13 7
19 64 0
24 98 7
67 39 5
46 74 4
50 56 6
45 39 0
68 95 3
12 27 3
92 1 8
58 34 1
31 27 5
8 40 8
48 85 7
80 64 5
86 2 1
76 41 7
67 36 3
83 57 1
84 13 3
62 29 3
45 50 6
36 76 0
86 53 2
92 20 2
94 95 0
86 60 4
37 71 5
21 17 7
64 58 1
10 11 6
45 87 0
11 72 0
100 45 6
39 37 0
42 72 5
90 57 6
91 94 7
51 74 0
37 27 7
67 19 2
23 12 8
20 46 7
9 26 7
50 12 1
84 72 5
67 95 5
81 84 3
82 45 7
63 96 2
86 88 0
86 46 5
53 88 4
55 53 8
57 99 1
35 88 5
3 6 6
24 41 5
46 9 7
79 33 6
21 24 2
77 99 3
50 16 4
88 29 5
12 42 8
13 83 0
24 3 0
26 5 2
61 64 7
15 43 2
17 1 0
62 66 6
62 63 7
87 30 8
40 5 7
72 36 7
48 79 5
22 76 3
61 26 4
53 17 3
62 56 4
2 37 5
21 3 1
94 24 8
15 95 1
12 40 7
65 1 6
50 95 3
72 38 7
38 37 4
70 28 6
98 89 2
54 71 0
62 100 1
42 28 8
49 81 2
25 13 1
18 27 6
60 12 5
66 80 8
89 16 4
42 93 3
64 11 3
26 3 8
15 37 2
9 56 7
53 61 2
77 34 8
24 50 6
30 8 4
100 44 1
46 77 6
79 80 8
90 37 2
8 88 8
7 44 7
37 33 5
86 83 8
25 88 5
66 40 6
97 57 6
40 85 0
38 82 7
50 54 4
93 34 3
75 6 5
54 55 2
2 53 2
67 59 1
48 99 3
60 26 3
81 78 5
26 82 6
32 48 8
77 31 5
22 36 2
64 27 1
40 31 5
97 59 7
1 35 1
35 48 8
80 30 3
50 13 1
68 55 8
7 66 6
33 54 5
40 87 6
1 38 1
21 64 1
52 89 7
25 22 8
36 2 5
59 4 0
99 83 4
36 98 2
23 61 2
66 81 4
63 39 5
85 23 7
28 77 4
61 15 2
94 51 5
87 25 4
26 55 7
64 76 7
62 4 8
91 81 7
79 16 5
26 21 0
89 29 3
6 92 7
28 17 2
25 18 6
83 48 8
100 34 3
5 1 3
80 57 8
8 51 4
46 29 7
74 9 3
91 41 6
86 66 1
53 70 7
100 56 6
23 83 7
17 5 8
66 23 4
65 41 8
50 48 2
27 39 1
1 86 6
55 63 8
22 57 8
18 49 8
60 53 0
19 15 7
42 88 3
35 65 7
75 9 7
85 41 3
40 94 8
90 6 7
97 11 2
54 63 5
66 15 7
56 85 1
80 15 7
26 69 2
70 57 5
54 6 3
11 34 3
18 54 5
8 86 4
82 66 5
70 19 7
2 71 7
35 70 6
32 5 5
71 64 8
8 10 0
68 62 3
78 66 0
26 81 4
25 80 0
54 69 2
32 22 1
40 93 3
92 66 6
66 4 2
77 16 5
70 9 7
19 23 4
15 100 2
96 37 4
46 61 2
29 34 5
61 11 3
23 67 1
95 29 1
35 37 3
41 87 3
8 98 5
15 26 7
2 61 0
52 14 4
40 99 0
97 77 8
96 99 1
81 90 2
14 61 8
4 47 2
32 2 1
45 95 8
21 77 0
29 21 7
59 92 3
31 61 0
42 26 6
70 51 1
42 37 1
69 32 8
89 85 2
28 82 0
17 85 5
87 58 6
19 34 8
17 88 7
83 95 8
93 96 6
17 59 6
50 88 4
6 10 7
21 81 3
50 66 3
10 53 8
14 63 0
57 72 4
72 3 4
16 41 4
54 65 2
2 90 1
20 80 1
69 25 4
54 75 6
9 22 5
38 8 4
1 76 2
57 96 3
42 31 6
32 64 3
84 48 8
12 57 3
56 44 7
59 99 5
45 71 2
82 21 0
48 18 1
99 70 5
52 9 1
25 59 6
35 17 3
75 90 6
4 63 1
71 48 8
22 67 2
71 16 3
31 41 0
62 84 5
69 30 0
30 58 1
78 35 8
36 82 0
94 93 0
64 74 2
24 10 3
72 79 5
15 16 5
50 94 8
80 70 5
4 18 4
29 32 5
31 69 1
56 20 8
94 9 2
44 58 4
69 46 2
62 99 3
37 100 2
79 5 7
56 60 8
15 70 1
16 70 1
24 84 6
89 54 3
77 43 3
33 92 5
72 68 1
3 11 8
39 46 1
38 57 8
35 55 8
1 81 0
61 66 0
45 18 8
5 42 4
94 1 0
31 46 7
59 32 2
15 60 6
54 99 3
80 47 2
91 24 2
99 15 3
61 85 4
85 25 3
13 77 0
70 95 6
79 45 7
89 10 1
18 71 7
14 23 0
54 10 2
26 38 6
39 35 1
30 99 7
31 18 1
5 7 2
68 40 4
9 23 7
37 48 5
24 92 1
7 88 6
42 78 3
25 77 2
60 73 3
43 49 5
6 26 6
58 3 4
67 3 7
41 59 7
73 5 5
60 52 2
65 25 2
23 98 1
58 66 2
97 67 1
99 82 2
42 73 5
76 46 5
70 42 3
58 54 4
67 98 2
37 16 3
87 16 4
46 22 8
76 98 7
20 66 1
97 60 6
65 31 6
29 30 2
45 59 0
73 76 3
44 63 5
92 62 0
38 86 5
20 10 8
55 43 7
35 71 8
27 21 6
32 21 1
83 44 7
38 85 2
75 79 0
88 10 5
85 71 4
26 71 3
66 65 5
33 52 0
41 12 7
45 92 7
80 46 3
49 16 6
33 7 2
71 32 8
81 95 1
68 71 3
17 63 8
18 88 5
74 6 1
20 55 1
30 53 4
67 70 0
30 15 5
47 65 0
70 47 4
46 78 5
22 58 6
67 73 1
41 58 8
85 64 7
88 31 0
52 27 0
6 36 4
15 41 0
95 41 2
59 53 6
38 34 7
4 41 0
17 60 5
43 6 7
49 84 8
18 73 8
9 59 0
89 68 6
60 14 6
90 24 5
21 49 5
27 23 4
8 84 8
50 92 8
26 64 7
78 86 1
94 21 4
30 27 2
39 52 4
72 46 5
4 35 2
83 64 3
98 9 0
26 53 6
79 63 1
83 74 2
76 47 6
19 27 0
48 23 5
88 72 5
5 36 8
50 63 3
95 7 0
86 33 0
67 10 8
55 30 6
89 23 1
66 97 4
20 33 5
18 39 5
6 57 2
75 98 0
4 48 6
27 4 1
14 56 2
93 100 6
68 21 6
55 90 1
44 62 6
19 9 8
18 63 1
13 79 1
7 23 7
59 64 7
31 63 8
20 34 1
20 15 5
34 99 8
44 78 6
94 39 0
20 87 6
2 97 7
33 50 0
49 50 6
38 73 6
37 26 2
64 7 8
47 86 1
8 4 3
99 21 0
95 21 1
42 20 0
49 74 2
66 30 3
75 83 5
80 35 4
18 58 5
25 67 0
99 3 0
77 88 2
57 3 0
73 92 8
45 25 3
19 54 5
18 91 1
4 86 3
82 86 1
97 7 3
8 17 6
77 72 0
29 11 7
67 20 3
8 92 0
22 59 5
100 92 4
40 39 5
56 34 2
61 71 8
70 97 7
8 3 0
49 73 5
17 26 5
69 85 7
23 25 7
38 58 5
50 29 4
75 48 0
26 83 8
4 45 3
61 47 6
22 94 3
73 41 2
86 52 5
82 100 0
59 69 6
28 64 3
14 43 1
61 55 3
99 76 8
53 37 2
1 42 3
61 16 0
30 9 3
85 90 4
31 9 5
13 70 6
28 31 7
26 76 3
58 2 0
5 70 8
54 11 5
46 14 2
71 42 2
80 86 6
89 33 7
51 23 2
46 83 8
94 14 0
100 29 2
34 42 2
65 64 8
92 46 2
88 30 6
11 37 3
2 76 0
100 27 4
64 78 5
73 40 2
56 16 2
7 8 5
72 22 5
85 51 0
18 21 8
59 1 1
30 49 8
93 3 1
46 96 1
63 12 7
92 96 4
73 16 3
55 37 3
76 82 6
100 53 4
50 18 1
25 68 2
46 32 2
57 15 7
33 23 8
94 53 7
9 76 0
7 76 1
51 53 0
21 54 1
26 8 1
14 19 3
31 75 1
41 53 4
15 1 0
80 45 8
15 96 8
73 100 5
6 46 1
97 79 0
3 76 4
51 72 5
22 14 8
54 64 4
11 9 8
37 89 2
21 36 0
65 95 4
42 27 6
56 61 7
85 13 6
89 36 3
97 94 3
43 58 4
67 28 0
96 7 6
33 2 0
48 24 8
90 16 6
87 29 2
74 13 2
95 74 4
33 28 3
54 83 1
24 14 0
44 23 7
17 89 0
49 94 3
49 14 8
75 8 6
61 95 6
52 16 5
85 9 1
88 95 8
86 69 2
30 24 1
5 21 5
84 36 4
77 1 5
51 69 4
37 81 0
90 92 5
6 44 1
6 39 2
56 3 8
47 54 3
76 24 4
91 70 8
3 81 8
59 60 3
4 23 2
10 16 0
47 66 0
43 25 2
77 82 1
13 75 2
86 3 0
100 33 5
94 72 6
21 63 8
52 32 1
14 30 5
68 30 1
99 28 2
84 61 0
61 18 7
72 50 3
52 17 7
10 98 3
7 1 5
85 53 6
90 91 6
93 54 7
90 51 0
74 28 5
77 22 4
35 74 3
73 69 1
29 47 0
66 51 8
60 16 8
11 73 5
90 4 1
82 20 4
82 13 0
69 34 2
56 92 2
22 5 4
16 98 5
88 3 6
9 66 5
12 51 2
69 74 8
94 46 0
33 8 4
16 19 7
85 83 0
97 14 6
6 60 0
26 75 8
95 33 3
8 23 3
27 61 7
63 67 3
24 6 8
8 74 1
76 42 1
52 93 2
47 94 6
80 22 8
81 42 7
65 58 7
8 39 2
73 89 6
96 78 5
5 27 5
2 74 0
96 28 1
44 26 4
6 80 2
1 87 2
57 25 7
74 38 2
78 60 8
64 67 3
36 56 5
92 80 5
43 96 4
7 77 8
95 71 8
23 35 0
66 59 1
72 1 7
100 51 1
25 75 5
69 79 8
23 79 8
32 20 6
12 39 0
3 2 1
63 78 6
60 69 0
58 90 5
68 36 8
16 30 2
3 98 1
14 26 3
5 53 0
82 55 2
47 92 8
64 17 1
29 86 8
72 66 6
5 48 8
37 84 5
38 48 7
11 25 5
91 84 3
1 28 7
63 64 0
39 33 7
46 79 6
54 61 6
79 2 3
97 28 4
71 98 3
62 33 5
33 82 0
62 89 1
81 13 8
65 9 4
89 93 6
95 60 4
12 35 3
76 16 7
89 21 3
25 38 6
67 83 3
2 89 6
37 63 0
13 43 0
35 8 2
34 57 0
47 59 4
80 84 6
54 70 3
60 1 3
99 32 1
31 76 5
91 96 4
51 80 2
37 14 1
94 29 0
81 63 3
71 93 7
97 63 6
31 33 3
51 84 8
99 16 5
44 21 0
5 49 3
92 86 3
52 98 0
82 12 8
51 47 8
5 62 5
52 97 2
87 70 6
20 61 2
74 21 8
56 35 6
41 55 1
47 93 8
74 1 7
75 65 0
63 58 4
45 83 6
60 99 2
49 69 6
82 19 7
68 46 3
30 90 8
7 10 1
67 85 1
14 42 3
57 45 5
59 28 8
90 99 3
23 50 3
2 77 8
84 45 0
64 52 6
55 7 5
30 34 4
49 24 3
25 51 0
15 54 2
25 4 8
15 69 0
30 51 4
42 29 6
48 40 4
18 100 1
100 38 6
59 57 5
77 70 7
71 82 3
6 52 3
73 4 4
90 36 4
1 45 4
36 10 5
57 19 1
85 74 3
50 62 7
59 48 1
30 33 1
49 93 0
39 50 4
87 89 0
16 2 1
14 65 1
29 24 0
45 49 5
80 100 6
92 53 6
43 78 2
33 80 2
79 3 6
12 88 5
1 52 2
15 31 8
22 48 2
74 65 0
43 72 4
62 41 5
87 6 2
52 82 8
6 23 4
53 34 7
58 4 4
75 92 8
65 90 3
96 8 0
5 2 1
23 59 3
12 2 1
99 89 3
50 38 5
99 52 6
43 38 6
16 34 7
77 10 7
82 63 2
70 96 5
73 15 4
58 81 2
46 19 6
89 20 4
68 11 8
82 42 8
89 81 1
17 41 6
47 62 1
49 19 3
4 53 1
97 90 3
50 99 5
70 88 7
100 90 1
78 2 4
70 72 2
38 32 7
92 72 7
15 68 4
67 91 6
89 65 0
29 25 3
66 54 4
27 22 5
30 21 3
71 59 6
92 32 5
79 17 0
87 74 3
86 42 0
29 69 0
4 30 8
73 22 3
23 63 7
23 45 8
44 64 0
23 53 7
39 69 8
48 54 8
24 60 2
48 6 4
92 23 5
41 89 2
32 10 0
1 21 4
37 98 2
84 92 6
36 74 1
82 61 2
51 14 1
75 53 2
56 95 4
56 48 8
23 82 2
22 93 7
9 61 3
44 90 7
27 90 6
1 75 6
34 98 1
89 34 4
77 47 6
95 53 5
53 83 0
51 67 5
26 32 3
34 75 6
28 94 1
76 39 2
80 8 8
98 44 7
66 39 7
80 1 2
16 54 8
81 22 5
62 75 1
86 37 8
89 83 6
80 2 2
77 79 1
37 97 8
44 39 1
89 53 4
79 53 0
93 56 6
19 74 1
54 13 1
28 47 8
97 74 3
15 93 8
58 33 1
58 21 8
80 93 7
44 76 0
10 72 7
68 47 3
26 57 2
36 62 0
18 67 6
94 12 8
89 95 5
49 78 6
48 73 5
26 91 6
14 7 1
38 89 4
16 95 2
56 25 7
58 20 6
66 34 1
29 76 8
72 64 5
28 13 7
78 17 8
53 27 7
92 57 4
49 79 3
19 66 0
60 11 0
58 16 1
2 85 1
1 8 4
26 67 1
44 24 6
48 53 5
99 64 8
86 41 5
9 54 6
6 78 7
89 91 2
36 61 7
5 60 8
99 7 0
96 60 7
73 9 4
45 46 6
46 71 1
67 34 6
86 90 5
35 42 8
6 47 3
56 74 3
30 63 2
36 65 7
32 90 2
100 16 6
27 57 7
20 75 3
95 34 7
96 59 5
80 94 8
21 45 7
21 55 2
1 40 4
74 78 5
8 81 4
36 63 8
50 70 5
13 45 2
91 20 2
58 92 5
33 15 6
73 24 7
95 2 6
73 33 0
85 88 0
96 38 5
3 46 4
69 90 6
45 19 8
73 34 7
41 35 6
46 53 5
49 66 4
29 3 0
10 49 5
100 94 6
31 71 5
48 81 5
19 11 6
18 15 0
48 68 3
56 11 2
36 97 8
48 33 0
1 4 4
86 7 8
23 65 7
59 54 0
64 95 2
63 90 1
17 19 0
88 60 7
6 7 0
87 60 8
75 3 0
39 3 0
55 77 7
15 5 5
29 67 8
53 72 5
33 90 8
33 42 5
93 66 6
41 38 1
4 81 6
53 43 3
3 85 3
93 37 0
97 64 5
5 66 8
10 94 5
84 6 0
13 47 8
7 83 8
50 86 6
59 44 4
40 16 6
29 1 3
50 64 6
88 23 8
69 47 2
82 35 0
98 32 2
12 71 0
35 24 1
28 50 1
20 12 7
63 22 7
14 16 7
72 80 1
40 76 3
18 47 3
20 49 4
68 12 5
17 39 5
47 26 7
44 12 6
46 21 5
97 45 1
94 42 3
63 60 3
93 27 4
71 13 3
82 1 1
85 76 1
7 50 7
78 13 6
78 67 0
11 47 3
62 1 6
24 32 2
40 96 3
84 76 0
31 48 7
40 21 6
36 79 8
19 71 7
40 32 5
36 93 3
95 32 1
16 7 4
30 3 8
59 15 1
14 35 0
63 34 7
66 46 0
46 51 2
32 15 3
91 93 2
3 14 8
50 40 0
70 89 7
19 39 0
100 71 3
82 69 3
42 36 7
42 18 3
20 27 7
34 3 3
93 10 1
67 6 1
4 22 3
79 56 5
55 49 6
90 43 4
29 77 5
83 77 6
94 86 4
92 28 3
4 100 1
32 13 1
82 41 5
34 28 7
35 99 5
55 45 1
15 24 3
42 38 3
79 57 3
12 33 7
29 98 8
96 31 2
91 82 3
38 81 3
1 57 1
88 55 8
5 67 8
65 4 1
80 69 5
96 68 7
60 31 3
86 93 6
22 21 2
37 20 8
28 58 7
83 72 0
95 76 4
8 19 7
55 64 5
91 27 6
23 10 4
9 51 7
4 6 5
10 56 1
35 68 1
22 10 8
30 38 8
29 64 1
70 71 3
11 13 7
25 74 1
66 74 5
71 65 6
22 40 0
69 10 6
68 58 5
83 8 8
41 36 0
5 88 3
13 76 0
15 71 7
93 26 2
27 28 7
66 77 3
33 65 1
18 36 2
4 51 3
97 88 3
27 74 2
70 33 3
22 47 3
53 44 6
27 41 8
88 59 4
78 87 0
58 13 5
39 70 8
85 35 6
59 35 8
66 79 7
5 59 0
1 34 2
84 28 3
96 69 3
29 70 3
39 30 2
75 29 5
74 10 3
82 18 6
37 67 4
89 3 3
12 93 5
82 11 7
42 2 6
52 3 1
76 55 6
51 1 7
21 28 5
67 61 6
6 72 0
87 3 6
77 8 5
41 26 1
100 78 5
13 16 1
50 100 6
56 89 4
62 38 8
39 77 8
44 82 6
9 7 8
16 43 6
83 69 6
38 27 4
49 15 4
13 36 0
51 15 5
41 60 5
1 53 7
39 41 0
21 43 0
7 37 0
57 56 8
75 21 7
12 5 6
76 90 3
26 85 4
67 100 7
61 1 3
32 94 8
90 79 6
42 32 4
86 62 4
42 7 6
66 12 3
5 41 0
12 32 8
27 56 8
89 40 2
2 81 6
82 74 5
40 57 0
95 51 0
73 81 8
63 61 8
39 75 0
6 68 8
70 64 4
61 76 6
32 56 0
97 83 4
4 70 6
68 86 7
68 93 4
89 59 5
49 38 6
84 58 8
84 29 2
34 70 3
1 48 0
83 24 8
21 86 5
57 33 4
69 27 6
86 20 8
37 49 3
52 44 2
29 15 4
3 20 7
90 94 7
58 49 7
4 3 1
52 30 6
13 99 8
5 78 1
21 67 3
68 74 4
96 90 1
60 2 3
66 57 3
60 75 3
55 95 7
18 64 1
23 87 0
26 52 0
68 20 7
74 18 6
7 2 1
82 29 3
9 79 4
55 70 0
46 54 2
31 54 6
47 25 6
98 6 7
80 62 4
29 39 1
24 69 5
58 78 7
10 4 3
51 79 4
58 99 6
18 76 5
41 67 6
68 52 1
80 3 1
64 33 8
88 28 8
68 4 4
96 35 7
75 40 8
72 75 2
62 94 3
29 68 3
79 25 3
42 6 2
24 11 2
13 57 4
68 91 0
75 78 0
99 79 7
45 2 3
40 65 0
82 78 1
64 22 5
65 79 5
35 62 7
95 63 6
67 68 2
32 44 0
23 99 8
4 28 8
89 45 1
36 87 4
9 15 6
32 8 4
74 54 1
67 52 8
15 46 6
36 40 6
58 42 7
86 35 2
39 22 3
63 52 6
86 55 3
85 19 2
57 29 8
55 6 6
27 3 8
12 8 3
97 48 7
80 63 2
97 71 1
4 99 8
69 63 5
96 16 1
16 23 7
54 8 1
59 30 5
18 23 8
82 58 6
20 16 7
97 8 8
13 23 4
3 49 7
40 92 5
59 95 5
7 100 7
73 7 3
74 20 3
50 97 5
6 53 5
40 23 8
39 100 8
93 63 4
76 4 1
9 21 0
70 43 8
95 48 7
64 15 4
37 10 0
77 78 6
24 63 5
7 80 4
59 100 3
96 64 7
89 26 7
17 72 1
78 73 4
1 69 8
26 90 0
40 100 6
67 11 1
27 44 6
95 97 2
77 38 0
19 100 2
48 39 8
26 27 2
2 23 8
4 16 2
39 53 4
23 70 3
51 92 7
61 77 1
72 62 2
67 1 4
93 78 1
97 85 6
40 61 2
32 81 0
98 88 1
32 3 4
31 64 3
83 9 3
2 30 3
59 74 0
15 48 0
63 92 7
70 30 5
30 95 2
42 50 0
73 97 1
95 46 5
59 39 1
53 16 8
68 79 6
36 44 1
64 86 6
72 85 1
66 91 2
91 61 3
97 30 0
92 31 8
5 82 6
57 47 3
53 98 0
32 86 7
94 56 6
62 28 6
68 100 8
1 30 3
56 45 2
18 79 7
84 99 6
72 95 3
10 80 0
53 80 8
24 78 5
6 97 3
64 93 2
51 38 4
48 43 7
36 95 2
91 25 6
3 90 1
8 56 8
61 3 0
81 30 8
37 83 6
2 52 8
64 79 8
51 76 7
23 95 6
26 59 5
16 9 5
94 54 8
80 17 5
20 100 3
79 85 0
28 80 6
49 91 0
59 72 6
65 81 0
93 13 0
33 98 6
34 36 0
10 48 6
91 45 5
51 63 0
61 49 2
37 56 2
82 51 2
48 26 0
45 30 7
21 66 4
52 50 3
69 75 8
11 6 4
68 59 7
33 6 6
82 22 5
60 35 4
11 31 3
28 10 3
9 20 8
57 2 6
36 75 4
62 64 4
5 43 7
90 68 7
6 5 3
83 63 5
36 19 1
7 81 5
82 34 0
27 60 4
52 18 6
69 37 3
65 57 5
77 23 3
82 32 5
82 15 1
81 85 7
69 35 2
50 65 0
50 2 2
99 6 5
78 54 0
72 45 3
32 83 8
47 34 8
80 31 5
81 9 2
16 33 1
41 6 8
26 13 7
70 31 1
52 91 7
42 48 2
21 48 2
51 28 1
12 13 6
77 92 1
21 15 6
27 9 8
39 47 3
5 69 0
22 65 1
33 24 5
44 57 7
26 79 8
19 88 5
92 93 2
65 73 0
19 48 4
8 93 2
73 14 5
69 20 7
62 8 2
17 93 6
8 95 1
45 75 2
92 76 3
94 20 4
44 25 2
40 86 2
59 86 0
56 58 6
29 92 3
38 35 2
89 18 1
67 79 1
85 45 4
98 43 3
37 54 5
99 39 5
87 79 7
72 30 5
11 53 5
6 65 0
3 18 2
26 22 1
79 29 1
37 47 1
58 36 0
43 22 7
60 68 8
20 7 7
65 38 1
80 41 6
47 35 2
46 5 5
1 79 6
53 32 0
68 14 3
30 35 1
33 35 2
46 55 4
92 9 8
10 63 2
5 54 0
75 4 7
13 52 3
34 8 1
42 68 0
66 67 2
80 88 1
30 65 7
82 85 0
31 90 5
3 28 1
24 18 2
79 12 3
27 50 5
40 13 0
14 96 4
71 41 3
30 11 5
81 74 3
40 55 7
8 6 8
9 100 0
11 94 3
51 99 6
31 47 5
99 47 2
72 61 8
92 21 2
19 77 7
54 26 2
96 58 3
98 91 1
67 57 2
54 38 6
2 69 8
8 5 5
65 43 5
90 72 0
60 30 8
62 9 7
96 27 8
19 32 1
96 39 1
98 58 5
71 69 1
24 68 5
44 4 2
4 69 3
25 93 5
87 65 5
78 11 4
8 66 6
72 5 4
33 11 7
5 91 3
12 34 0
2 14 2
39 34 5
96 83 3
41 83 3
10 78 5
85 77 7
36 54 6
86 97 0
34 62 6
78 47 5
80 27 0
7 54 2
85 18 2
16 81 0
30 10 6
98 86 2
77 57 7
80 18 6
40 88 0
51 31 3
12 21 3
8 82 5
71 10 6
84 14 1
46 56 0
75 86 7
49 77 1
57 95 2
82 92 4
5 55 5
22 100 1
96 87 4
52 19 2
98 62 0
56 86 4
20 63 8
33 77 3
13 34 1
7 15 2
84 74 8
54 41 4
9 84 3
70 49 2
43 9 1
22 68 4
91 55 6
38 23 2
17 69 1
94 81 4
10 25 3
79 95 0
90 7 5
54 32 8
55 32 8
59 11 6
25 86 7
19 75 6
28 95 0
9 34 2
33 27 4
22 70 0
57 78 8
19 30 8
90 88 7
83 70 4
13 22 4
7 89 8
55 24 6
92 13 2
13 31 7
70 74 8
80 52 6
69 36 1
84 23 1
65 69 1
79 100 5
11 89 7
88 66 5
99 1 6
96 77 2
8 72 2
74 73 3
30 23 4
64 20 6
11 18 7
20 77 5
92 89 5
32 47 1
42 47 2
36 73 1
91 46 4
91 54 5
38 84 2
25 92 3
14 6 8
23 69 4
19 62 2
30 64 4
22 60 3
68 82 6
44 19 0
98 35 7
65 67 5
32 43 0
87 11 2
34 84 8
11 26 6
50 30 0
5 31 7
24 58 7
73 98 5
74 50 4
70 3 0
57 11 3
43 76 5
93 74 5
2 75 2
49 34 3
23 93 2
50 47 7
93 45 0
83 42 4
8 42 5
72 26 0
70 46 6
94 71 0
12 25 8
95 14 1
82 31 8
9 53 5
57 48 3
61 78 8
60 67 6
70 20 0
82 6 3
14 80 0
21 51 0
48 78 4
57 94 6
89 44 1
23 90 5
94 88 3
83 66 2
57 55 8
18 51 8
91 50 7
71 36 0
63 42 1
52 81 5
52 57 0
72 98 5
11 83 6
7 35 5
36 9 3
18 17 0
3 5 0
12 10 5
96 17 5
82 2 7
83 56 8
22 33 1
72 33 2
64 51 4
77 52 5
29 35 2
40 20 1
86 5 3
69 88 7
61 93 1
98 94 7
98 83 0
3 68 0
8 68 6
48 89 6
48 100 4
29 54 2
30 46 3
37 70 2
38 75 8
69 6 3
66 16 5
83 58 7
14 100 7
42 9 5
80 39 5
11 44 6
59 93 0
68 1 5
12 95 3
74 3 2
14 12 0
25 2 6
70 78 6
87 50 0
95 66 5
61 92 0
35 10 1
96 51 3
3 13 7
13 15 2
23 76 4
20 48 8
52 87 1
7 41 5
39 15 7
73 10 6
67 87 8
81 61 2
14 25 2
3 92 2
73 26 3
25 35 4
70 58 4
24 65 3
84 40 7
73 12 8
80 83 4
66 71 4
73 47 5
82 30 1
91 74 3
6 56 1
16 47 6
47 3 4
6 71 0
42 43 3
64 45 2
12 83 4
43 44 5
91 99 5
91 35 0
40 46 4
47 15 0
7 65 3
23 62 3
8 48 2
39 2 4
70 62 6
15 4 1
16 80 7
14 31 3
12 1 0
75 52 5
99 24 3
11 48 4
19 53 0
1 46 6
69 98 7
51 86 1
12 18 8
66 52 8
11 38 0
50 79 1
61 37 0
88 68 5
85 73 0
29 53 0
42 40 3
12 92 7
81 53 0
31 79 4
39 74 4
28 91 1
31 78 1
52 40 0
17 11 1
4 33 7
4 5 7
11 71 1
22 17 0
28 86 6
49 99 7
52 58 0
35 63 2
31 3 8
1 22 1
40 38 0
70 73 2
90 73 1
67 47 8
13 65 8
2 8 4
69 94 1
1 64 6
83 40 5
32 17 4
100 96 3
56 88 0
26 92 0
32 70 4
81 5 6
46 52 2
25 28 4
53 84 6
90 46 5
85 37 6
36 46 1
40 19 6
3 66 8
23 86 1
77 3 3
49 28 6
43 24 5
81 82 1
77 44 8
35 90 3
29 51 7
90 12 2
13 87 2
95 38 3
12 61 6
94 23 4
5 74 0
33 69 2
73 79 0
71 72 5
99 43 7
67 38 0
52 90 4
49 59 3
4 77 5
55 28 1
28 61 7
61 75 0
20 51 3
64 10 7
49 68 3
56 75 5
75 87 7
79 58 6
96 2 4
62 53 5
69 8 4
20 71 2
72 58 1
38 88 6
46 62 3
28 66 8
77 11 0
10 41 1
74 99 4
85 12 4
11 32 5
92 83 1
98 64 0
30 26 7
87 37 2
75 97 2
34 72 2
89 79 1
29 60 2
18 81 4
65 18 0
59 42 1
3 45 8
20 24 0
4 7 2
77 90 3
45 88 6
90 95 7
16 85 8
44 65 1
94 6 8
75 12 6
21 19 8
78 56 3
71 3 7
83 82 0
15 75 3
48 76 4
14 13 7
66 75 6
89 57 3
44 70 5
71 49 8
63 57 5
74 71 1
75 99 2
29 36 2
79 35 8
6 76 2
97 21 6
31 10 2
33 26 0
28 5 5
45 41 6
43 84 3
75 47 2
54 22 7
44 80 1
87 5 7
58 60 8
2 20 5
72 60 0
60 82 6
91 53 0
69 97 3
45 65 3
2 54 7
80 49 7
34 68 5
25 34 8
69 45 3
24 42 7
89 100 7
43 89 8
42 99 7
74 92 6
52 15 6
56 41 3
79 20 0
25 50 6
39 43 1
39 31 4
46 49 4
23 46 3
54 73 0
12 99 1
16 48 3
49 2 3
76 21 7
96 88 8
11 15 3
85 33 1
91 100 2
27 14 5
82 87 6
92 71 8
52 43 5
27 83 4
55 44 4
48 87 5
64 82 4
76 11 1
18 37 8
8 45 8
98 59 2
46 16 3
41 21 8
42 64 5
22 28 2
73 86 8
13 53 6
93 6 6
64 9 8
31 21 5
27 94 0
87 4 4
52 69 7
93 70 7
40 2 5
21 78 0
67 99 3
61 96 7
100 88 7
66 36 5
70 63 6
1 18 0
90 40 2
50 34 6
14 58 5
45 74 3
5 85 6
96 55 0
92 68 2
35 77 1
84 22 1
45 78 0
77 93 8
41 66 2
100 5 0
20 81 5
75 5 7
21 83 6
14 28 3
30 43 4
56 7 3
32 88 6
59 51 3
62 17 0
100 24 5
99 22 7
18 87 2
41 78 4
27 7 5
81 11 6
5 97 3
10 26 5
15 22 1
29 17 8
61 90 7
18 77 2
100 21 2
85 49 3
76 53 0
9 78 2
15 10 2
54 45 0
31 22 0
76 54 6
41 92 3
57 69 8
53 82 3
42 25 2
93 48 8
47 56 4
4 72 8
11 95 2
12 89 5
5 38 2
53 24 8
49 4 2
84 100 1
27 48 5
33 63 7
56 24 0
69 70 1
37 82 4
26 86 0
76 93 5
2 9 4
29 9 8
80 32 3
14 21 8
65 21 5
19 68 0
58 26 3
17 15 3
100 60 5
11 43 8
56 63 7
96 71 0
10 13 3
37 65 6
81 68 3
19 86 7
95 100 8
90 84 8
96 75 1
39 87 0
83 62 7
78 20 8
79 76 1
21 16 1
68 76 1
56 82 1
62 95 2
74 7 5
7 32 5
17 66 5
19 55 7
49 95 3
58 73 5
60 47 2
69 21 3
74 75 3
13 30 4
51 75 0
28 73 4
89 19 3
24 75 4
16 22 7
79 55 6
55 8 2
31 84 0
4 40 6
48 30 5
42 19 4
88 58 4
89 27 6
51 60 3
90 25 7
19 59 6
85 60 1
88 43 5
13 44 1
44 38 8
2 62 8
49 57 4
26 39 8
71 39 7
28 63 8
58 17 8
25 66 4
59 76 2
68 94 6
18 44 4
84 56 5
28 24 2
40 97 4
55 94 5
4 60 2
83 18 5
16 32 1
86 54 4
97 98 0
95 20 2
99 11 3
56 38 0
40 15 2
3 36 6
58 71 5
50 51 7
18 92 2
67 12 0
14 69 8
19 92 1
10 83 2
46 18 3
22 69 3
57 24 5
67 4 0
1 26 1
62 18 5
85 50 7
24 12 8
5 65 3
25 48 8
40 60 0
57 28 4
9 49 0
51 91 1
62 55 2
90 41 2
59 3 1
99 17 8
84 42 1
73 82 8
80 4 5
90 71 6
20 99 3
48 61 6
41 33 5
94 96 8
92 95 8
74 52 0
5 84 0
92 27 2
58 86 0
34 24 0
43 10 3
92 49 2
87 62 3
74 90 2
41 70 8
70 2 1
17 37 0
28 52 5
73 32 2
9 14 4
39 62 0
94 89 0
90 42 6
33 19 0
93 16 4
98 99 5
82 4 6
16 26 2
32 14 3
45 70 2
40 45 1
35 20 5
50 35 6
1 95 2
85 34 2
68 13 5
91 69 0
29 31 4
27 49 6
1 3 1
7 52 7
83 60 6
30 61 8
3 7 3
10 39 2
85 54 8
98 4 8
51 19 6
65 97 7
81 17 1
69 12 3
91 23 0
17 54 0
59 16 3
76 63 4
60 80 2
92 65 3
81 71 4
97 44 5
44 96 5
20 45 4
65 52 2
65 61 6
12 58 0
32 31 8
69 58 4
19 69 7
89 22 4
86 10 1
47 79 4
50 4 5
53 12 0
35 36 7
15 63 1
57 36 2
24 86 4
2 87 3
96 41 2
79 78 5
86 61 4
6 86 0
11 35 5
57 73 2
70 26 6
96 34 0
63 84 3
38 28 6
7 57 6
92 36 3
72 96 0
100 10 0
82 16 8
65 80 2
72 89 8
67 88 6
82 17 1
82 39 7
55 56 8
99 68 5
33 99 1
58 15 6
47 48 8
93 41 5
94 25 4
62 79 5
83 1 0
92 48 8
75 10 7
55 72 6
17 31 1
63 77 7
50 78 2
66 29 0
31 26 5
77 37 3
75 32 5
39 73 4
77 60 1
26 88 3
95 18 0
23 96 3
59 77 6
66 6 3
36 8 5
93 88 0
48 74 7
52 31 7
84 50 8
72 20 4
98 50 8
49 44 8
3 41 6
96 89 6
62 6 0
32 62 5
88 99 8
7 85 2
62 85 1
25 33 1
28 83 3
71 53 1
5 99 6
8 21 2
98 27 1
62 7 7
61 87 7
8 67 5
83 3 0
46 75 4
55 98 0
45 37 4
62 58 3
56 65 3
16 64 5
76 60 8
34 6 7
32 93 3
63 46 0
92 14 6
2 48 0
40 28 2
73 56 6
31 57 1
9 18 0
92 7 6
34 64 0
84 77 1
100 46 6
6 50 1
93 2 1
23 60 8
87 84 1
22 52 8
90 64 3
31 85 8
14 59 0
6 20 0
28 43 8
23 17 6
76 86 3
15 44 4
99 66 1
89 47 7
17 45 7
55 36 8
3 64 3
19 97 2
37 24 4
13 18 4
53 14 7
35 2 1
40 24 0
13 55 0
99 10 1
10 46 2
28 30 7
32 37 7
60 48 2
45 94 5
14 66 5
35 66 7
20 14 6
53 96 5
14 4 0
39 83 6
98 21 7
59 38 6
13 90 8
95 91 5
59 6 0
46 47 2
13 72 8
25 82 8
45 99 2
95 25 7
49 6 1
82 43 0
28 45 6
58 89 2
76 50 3
64 14 7
77 95 2
72 87 7
7 59 4
48 41 7
100 76 8
62 13 6
48 45 1
85 80 6
67 69 8
8 44 1
92 44 1
61 34 4
23 15 7
76 97 5
11 14 5
56 98 2
74 34 7
77 89 8
46 13 4
22 79 1
40 43 2
23 73 2
14 93 3
83 49 3
20 59 0
30 84 5
69 87 2
13 1 0
76 34 6
93 5 7
30 100 5
83 100 4
36 49 5
39 25 1
80 75 3
61 45 1
14 90 6
88 22 1
76 87 2
33 94 6
19 73 1
31 37 0
35 44 4
47 90 5
35 97 7
34 79 6
50 11 8
32 78 3
8 37 0
97 31 4
13 66 7
17 75 0
57 9 7
86 85 8
47 40 0
91 78 2
1 6 5
54 28 3
34 45 8
74 47 6
97 72 4
94 83 1
48 63 5
76 81 7
68 69 5
37 21 1
34 52 7
77 48 3
76 8 7
18 20 3
36 100 3
92 60 6
29 99 2
73 91 4
48 17 8
14 98 7
43 69 8
7 24 6
69 56 6
86 15 1
40 72 1
90 21 5
21 34 4
29 61 0
67 86 7
20 26 0
31 99 7
42 11 0
82 80 1
69 100 0
52 8 0
54 60 7
1 56 0
68 80 5
87 94 4
2 4 7
79 61 4
49 32 0
2 73 6
59 87 8
14 87 7
47 88 0
57 75 8
87 27 3
84 67 2
11 4 0
18 35 6
84 96 4
29 44 2
65 29 3
91 58 4
55 4 0
13 5 1
19 38 6
62 26 5
52 37 4
74 41 0
23 100 7
39 88 7
95 99 6
57 53 1
49 63 3
14 72 0
3 17 8
42 10 8
56 21 0
27 36 8
84 41 6
100 87 6
25 63 4
80 13 4
40 70 5
27 43 2
97 33 6
76 19 3
27 55 0
37 12 1
6 81 8
42 45 4
82 67 3
72 91 0
1 16 8
12 38 6
5 39 1
45 36 7
65 12 1
16 84 3
47 27 8
7 11 5
7 79 8
18 75 2
51 3 1
33 14 2
59 79 7
7 49 4
35 40 8
38 2 7
36 20 6
39 24 2
58 85 2
33 66 1
79 86 3
81 15 7
58 39 5
54 42 4
85 11 2
16 29 5
76 96 5
98 54 7
85 8 3
59 90 5
42 41 0
44 88 6
34 27 5
14 44 6
27 10 0
49 26 6
39 1 8
87 86 3
25 76 8
49 64 6
36 37 1
34 48 7
7 45 3
13 8 0
1 11 4
34 17 8
46 44 7
57 10 8
60 37 2
64 8 5
27 77 3
50 75 1
46 87 8
54 67 3
55 25 0
56 49 3
34 54 6
40 49 2
24 54 5
19 58 4
41 32 7
6 22 7
63 66 5
82 70 6
25 81 4
52 10 5
87 28 1
84 54 4
67 32 5
14 47 5
38 17 2
57 46 4
17 98 4
54 43 3
73 61 3
23 28 0
3 54 5
83 91 8
84 93 5
81 88 8
9 72 2
78 26 0
7 12 0
46 98 0
93 43 2
46 82 3
14 67 8
80 58 0
91 48 4
70 84 2
62 76 4
18 68 8
87 10 8
98 1 2
82 57 7
56 64 0
26 56 2
70 75 0
29 18 4
29 6 1
29 63 5
87 38 7
17 83 4
97 56 2
20 5 8
40 27 2
20 4 3
87 85 5
17 56 0
74 43 3
32 72 6
15 14 2
47 2 8
39 9 8
50 80 6
89 15 5
74 96 7
92 78 0
75 22 0
94 77 8
28 15 0
88 27 8
26 19 0
23 55 7
2 43 3
25 17 8
2 19 4
84 4 6
51 41 1
49 100 0
28 16 4
76 69 8
64 77 8
18 86 3
72 28 4
53 78 6
61 98 4
70 24 5
39 4 6
43 31 0
40 59 6
30 37 1
25 49 2
65 20 4
62 21 2
8 27 2
87 92 2
34 14 4
87 54 4
78 23 0
71 73 1
68 85 5
11 36 4
62 74 1
44 60 0
64 69 0
6 89 2
32 23 7
33 53 1
21 80 3
100 28 0
100 11 7
25 1 8
70 85 0
19 43 6
81 83 4
80 11 1
84 60 8
63 9 2
52 24 1
50 69 1
21 79 6
25 84 4
8 14 4
18 40 6
11 86 1
60 7 5
54 79 6
36 16 4
2 84 4
10 19 4
42 21 7
62 78 2
76 72 7
86 31 3
55 18 3
9 91 1
65 26 4
53 74 5
24 5 4
30 86 4
9 97 7
23 11 7
47 96 6
7 70 4
90 48 2
70 38 7
61 83 3
46 35 4
20 90 2
80 19 0
93 44 4
85 63 5
100 35 2
57 39 1
22 66 0
71 28 6
43 35 4
72 48 4
35 52 4
82 62 8
65 55 2
15 94 2
67 75 8
71 99 8
47 30 4
71 22 0
37 43 2
61 62 0
57 42 5
2 56 2
90 53 4
99 80 5
22 85 4
42 30 6
86 49 5
34 26 0
7 87 8
91 60 6
19 63 3
100 13 8
62 15 5
74 76 1
8 65 4
45 22 4
49 97 6
4 83 4
32 76 0
71 79 1
31 12 4
41 19 3
22 19 3
11 49 1
92 91 3
31 1 6
91 75 3
50 21 5
50 53 5
44 67 4
36 14 7
85 59 4
50 55 6
85 66 1
89 42 6
60 38 5
31 44 1
93 18 8
24 17 7
36 91 6
52 47 1
92 16 6
74 63 8
94 59 6
96 95 3
4 46 7
77 41 0
84 11 1
52 78 3
74 33 3
64 38 8
47 44 5
21 11 7
15 50 0
45 11 7
90 29 5
53 63 0
36 7 8
62 97 5
70 14 0
88 83 4
9 12 3
63 3 0
67 62 6
97 42 8
3 42 8
56 29 2
99 92 4
42 61 0
51 57 5
98 47 1
64 39 6
51 54 8
84 17 0
96 5 1
47 38 5
28 36 6
12 87 8
44 99 2
36 15 1
96 66 1
37 41 4
5 16 7
84 98 3
43 62 6
64 60 3
50 19 0
66 48 7
44 72 1
80 24 1
74 57 1
22 87 5
23 31 3
87 73 6
97 24 3
46 88 7
17 95 1
22 34 0
65 84 5
70 94 8
100 61 3
70 12 6
65 59 3
23 22 4
4 19 5
70 21 0
65 11 2
42 87 7
56 51 2
43 1 2
43 59 8
94 35 8
43 95 4
40 14 4
27 86 6
4 43 0
84 68 1
85 95 5
61 99 7
24 23 3
30 7 4
10 76 0
44 81 4
76 45 6
70 98 2
10 97 0
81 60 0
23 97 5
28 11 6
9 69 4
60 32 1
98 93 0
72 37 5
90 54 7
46 26 3
52 21 3
81 75 6
7 38 1
53 66 8
7 19 5
68 7 8
44 33 1
78 12 0
17 30 1
67 77 8
49 54 8
51 88 3
7 31 4
64 41 7
77 50 8
54 14 8
31 24 2
57 4 6
83 84 2
33 29 0
51 68 6
25 19 4
96 56 4
35 54 5
40 62 0
40 95 0
43 81 4
69 89 5
32 85 0
5 98 7
81 80 4
73 35 7
36 78 6
64 23 0
45 24 5
48 51 0
38 80 8
85 42 7
73 17 4
37 66 5
89 4 6
24 64 1
45 68 6
89 64 7
99 81 3
3 62 0
90 50 2
16 39 4
11 69 6
29 26 5
9 80 2
98 66 7
83 30 4
67 56 2
47 91 8
34 51 5
77 69 4
96 67 0
53 68 6
67 71 2
70 100 5
43 67 7
40 44 2
15 42 8
79 52 3
64 5 6
76 38 8
9 32 4
59 84 4
36 43 5
1 70 2
59 13 4
85 15 5
85 30 0
91 10 3
70 59 3
60 90 5
89 90 2
38 14 2
17 61 6
6 91 4
38 29 8
28 6 5
66 2 4
90 11 1
7 75 2
68 70 2
36 32 3
94 26 4
35 67 1
91 17 5
21 33 5
17 14 4
18 84 3
18 8 2
21 2 1
22 49 7
44 5 0
66 90 0
31 4 3
73 31 4
8 60 6
93 65 1
17 9 5
100 6 5
33 68 7
3 60 3
29 7 4
31 55 3
95 35 8
92 39 2
21 20 4
95 42 6
3 73 7
62 45 3
64 88 7
67 40 8
66 1 4
37 6 4
13 89 4
31 30 0
32 39 8
50 32 2
75 73 1
94 37 6
71 89 7
9 67 6
48 7 3
20 19 4
84 32 2
5 11 1
27 25 1
17 4 6
9 77 0
58 51 3
20 57 8
2 29 0
36 80 4
89 67 1
8 61 4
59 31 8
57 21 3
46 34 0
25 52 7
39 21 7
76 58 4
22 51 1
19 79 8
50 8 7
13 51 1
72 31 5
72 93 7
62 42 7
85 10 0
36 70 6
37 51 0
19 12 6
8 89 3
66 24 8
22 97 7
57 23 3
9 41 6
4 52 2
31 36 3
100 65 1
37 64 1
15 38 0
41 13 5
18 7 7
13 48 3
91 63 1
34 37 4
9 28 4
76 20 5
41 14 6
24 27 4
22 7 6
20 17 0
56 71 0
27 68 5
87 47 4
25 96 1
100
23 68 23
128 61 128
138 15 138
385 24 385
446 33 446
520 25 520
784 44 784
800 3 800
840 94 840
859 32 859
899 59 899
967 3 967
1281 24 1281
1313 34 1313
1352 70 1352
1382 33 1382
1485 24 1485
1513 10 1513
1571 69 1571
1605 57 1605
1726 93 1800
1783 70 1944
1954 42 2013
2233 52 2233
2346 11 2346
2373 94 2373
2409 28 2409
2545 50 2545
2671 93 2671
2724 45 2724
2877 42 2877
2970 29 2970
3024 64 3024
3129 64 3129
3241 36 3241
3277 74 3277
3293 54 3293
3405 68 3405
3428 59 3428
3546 30 3546
3596 88 3596
3603 73 3603
3824 11 3824
4034 46 4034
4314 16 4314
4593 99 4593
4625 90 4625
4647 80 4647
4698 2 4698
4749 31 4749
4762 31 4762
4818 76 4818
4956 92 4956
4984 30 4984
4994 42 4994
5078 20 5078
5187 27 5187
5285 94 5285
5461 24 5461
5549 36 5549
5582 63 5582
5628 32 5628
5875 85 5875
6429 89 6429
6498 43 6498
6700 79 6700
6946 71 6946
7039 82 7039
7122 60 7122
7186 42 7186
7253 2 7253
7343 100 7343
7442 55 7442
7457 92 7457
7729 21 7729
7894 53 7894
8018 87 8018
8142 79 8142
8149 65 8149
8285 62 8285
8363 16 8363
8430 16 8430
8571 89 8571
8716 76 8716
8799 69 8799
8809 87 8809
8916 30 8916
8989 23 8989
9227 57 9227
9247 8 9247
9248 43 9248
9429 34 9429
9458 93 9468
9467 10 9485
9589 64 9589
9603 14 9702
9641 95 9748
9810 66 9814
9897 33 9916
9975 89 9984
