100 3960
14 9 7
61 23 4
49 4 4
42 92 2
53 55 7
11 98 7
24 71 1
19 3 6
97 27 5
8 32 0
39 61 2
69 64 3
16 77 2
54 14 1
61 14 6
99 70 1
49 32 6
78 25 5
58 39 5
97 87 4
83 24 6
29 82 2
8 91 4
78 8 7
25 98 1
79 72 8
78 6 1
36 13 5
74 61 1
69 22 1
79 92 6
21 18 5
59 24 8
22 24 4
2 43 2
18 65 0
86 19 1
25 15 6
75 79 1
61 90 6
17 99 3
20 36 5
8 96 4
9 17 8
38 42 8
29 39 0
26 42 2
10 20 4
29 54 3
73 45 4
82 98 7
2 100 1
9 88 0
59 15 2
27 92 7
23 49 0
51 4 1
14 36 8
58 74 0
5 38 8
42 76 6
17 70 2
6 81 3
89 64 0
20 97 6
53 57 1
32 24 3
97 91 3
46 76 4
52 47 7
16 78 0
32 41 8
16 31 0
31 74 3
1 76 0
61 75 3
13 53 7
41 57 2
56 34 7
90 78 8
31 63 6
100 7 8
3 33 8
67 7 3
51 9 8
46 83 3
63 4 8
66 51 8
19 29 1
41 89 6
77 20 5
85 16 7
38 85 6
45 95 4
33 96 7
36 60 1
77 87 2
58 92 0
33 74 7
49 70 4
5 42 5
92 60 2
52 69 3
27 94 4
84 51 1
27 83 1
72 40 2
66 82 4
20 89 0
86 93 1
73 47 8
87 43 5
75 74 0
44 69 4
35 11 4
19 42 8
64 79 1
94 6 4
86 74 2
45 43 7
2 37 0
28 59 3
26 96 4
50 91 8
33 47 8
9 57 8
68 42 2
51 16 5
48 20 1
48 33 8
27 13 5
25 20 3
3 44 8
41 20 5
8 54 6
14 89 4
19 93 2
99 8 3
10 13 0
75 19 8
50 80 4
44 57 3
41 52 5
45 76 4
51 44 2
97 9 4
67 2 6
19 11 1
45 61 4
8 24 1
57 10 1
86 31 8
96 15 1
68 38 2
34 36 4
1 90 2
18 4 3
88 3 4
92 35 7
2 15 1
88 45 4
90 92 4
54 11 4
83 52 1
51 22 2
87 86 6
12 75 1
84 74 8
94 67 0
66 60 3
36 75 3
40 26 0
20 65 0
18 94 8
42 70 8
97 15 4
17 75 8
17 36 5
18 29 6
82 13 1
81 74 2
23 60 7
18 95 0
99 78 8
6 33 0
58 99 7
2 65 4
27 8 5
74 10 8
46 82 0
72 49 4
74 40 3
31 52 4
33 88 8
90 87 6
48 67 5
23 13 6
36 43 4
42 61 4
75 40 2
37 87 1
34 10 1
20 93 4
95 87 0
34 84 0
89 71 2
84 17 1
41 61 7
74 54 6
92 61 5
90 30 4
80 55 6
96 85 7
35 77 0
49 5 5
81 34 8
81 67 0
9 40 8
19 62 2
99 93 7
95 51 6
6 75 7
21 58 8
63 78 3
1 5 5
33 19 0
52 82 7
52 63 3
37 42 7
81 12 2
12 61 6
93 64 2
80 34 2
62 61 1
87 30 7
5 84 6
44 72 8
19 8 0
30 70 5
93 85 0
83 37 3
64 41 3
18 85 5
34 68 8
41 50 4
36 22 4
16 40 1
15 76 2
41 87 1
33 15 2
78 93 8
5 9 3
86 52 7
87 96 1
70 90 0
38 93 7
51 72 6
33 43 6
99 71 0
12 10 8
59 74 6
73 80 3
63 32 5
61 7 0
7 45 1
59 20 6
100 70 2
7 19 6
64 51 2
44 75 2
62 88 4
79 47 8
34 41 3
85 20 3
4 6 0
8 45 7
46 92 6
63 90 4
7 80 8
14 3 6
94 66 1
35 34 0
57 36 7
62 5 7
18 5 4
75 11 0
26 33 5
36 6 7
38 15 8
85 27 2
59 99 7
17 93 5
55 79 1
17 28 6
84 73 8
37 81 0
65 29 7
38 57 6
46 53 7
26 100 7
2 61 8
35 17 8
75 53 2
51 94 5
77 3 3
97 42 7
24 98 7
58 11 4
31 98 8
70 71 1
90 20 0
69 20 8
10 17 8
32 28 6
9 53 1
56 38 6
3 11 4
100 13 3
25 94 8
34 31 6
40 81 5
85 67 4
84 8 4
44 39 2
56 29 0
98 37 2
39 9 4
69 51 1
61 93 6
39 88 3
40 19 1
75 83 0
32 80 4
26 10 5
90 47 0
22 74 5
66 79 7
3 16 4
68 57 6
65 94 4
36 56 5
68 41 2
14 11 8
16 70 3
57 62 4
11 93 3
89 52 7
88 97 4
91 32 8
47 66 2
73 8 4
25 67 0
46 99 6
34 99 2
45 68 1
41 49 1
26 27 4
36 91 8
18 91 5
58 10 1
10 71 6
98 86 5
34 33 1
84 10 4
17 86 5
30 54 5
66 48 0
76 87 3
83 98 4
47 40 5
32 5 1
85 76 2
20 40 5
54 36 4
4 32 5
32 18 7
41 74 1
25 53 4
39 69 4
42 53 2
83 32 1
72 43 6
10 65 8
98 35 4
6 82 6
19 1 0
58 41 4
38 82 5
42 88 3
84 1 5
77 86 4
91 99 3
81 11 6
64 60 8
97 47 0
45 19 3
17 50 6
49 48 2
11 82 2
7 39 7
75 15 2
2 57 3
39 98 4
5 78 5
17 4 8
79 84 6
16 53 0
21 88 1
76 67 1
14 90 4
31 96 6
28 18 8
63 12 3
92 75 3
93 9 5
15 70 4
91 38 3
36 62 6
30 88 4
4 64 4
62 29 0
66 91 7
80 52 7
50 56 6
12 19 1
75 26 2
93 53 1
52 2 0
42 63 7
59 26 1
25 37 5
9 1 4
16 87 2
31 46 3
30 7 2
99 19 1
62 71 0
6 49 1
75 20 3
48 2 0
76 100 1
61 91 0
88 78 1
27 75 1
87 79 7
13 72 2
19 91 7
62 22 5
100 44 0
91 62 7
45 4 4
36 42 0
85 100 3
5 22 2
63 65 2
94 33 0
3 15 1
56 80 1
23 53 1
32 11 0
55 16 4
28 20 5
57 42 4
69 59 2
84 80 6
61 24 1
1 48 8
47 83 8
89 32 4
35 76 4
32 47 8
7 13 7
32 65 1
87 21 3
12 38 6
1 12 8
20 74 3
27 6 8
88 23 8
99 3 1
61 82 5
42 30 6
48 78 2
80 35 7
69 75 5
96 22 3
71 19 7
13 56 5
82 89 3
7 65 4
42 95 4
40 64 0
7 18 7
30 43 2
54 6 0
6 26 0
77 92 7
20 19 2
23 96 8
63 57 3
99 74 6
74 50 7
38 61 4
100 55 8
23 83 6
92 20 8
96 59 7
87 85 6
38 100 8
24 26 6
14 34 3
93 90 7
69 23 7
100 72 4
64 67 8
33 2 8
5 72 5
84 23 4
75 14 5
19 55 6
55 84 1
91 83 8
4 29 0
85 94 8
83 80 0
10 36 0
91 79 1
49 31 6
35 84 6
98 53 3
80 60 8
40 63 2
61 9 0
62 40 3
57 61 6
48 28 2
100 78 2
59 64 0
2 64 3
74 49 8
52 90 4
93 26 0
47 56 0
30 77 4
54 21 5
24 38 4
89 28 2
21 46 1
89 80 6
8 38 0
57 47 4
3 37 6
64 99 7
35 82 2
96 68 3
4 27 5
64 57 7
96 29 4
54 88 6
49 28 5
69 80 4
32 75 8
51 11 8
41 63 3
95 17 1
64 65 4
94 56 5
34 90 1
83 28 5
99 23 5
58 47 5
73 65 8
79 21 5
66 2 7
33 1 3
56 67 3
11 47 0
23 85 0
76 51 7
96 12 3
35 52 2
90 71 0
98 74 8
40 59 6
42 54 1
83 31 4
70 28 5
67 84 8
16 34 3
6 73 5
23 86 6
48 62 8
2 87 8
30 22 7
88 63 3
76 6 2
15 43 6
24 5 8
69 24 0
34 62 3
48 36 2
60 83 7
52 96 5
45 47 8
22 7 6
78 85 5
70 58 6
48 57 7
2 85 0
11 87 3
51 54 3
90 29 4
28 68 2
57 6 3
78 72 4
7 10 0
89 13 3
98 22 1
6 17 1
41 97 1
99 55 1
66 32 7
42 33 7
27 98 5
42 75 4
87 58 3
1 26 0
85 43 7
22 20 3
88 25 6
78 18 7
54 91 7
69 66 0
2 21 4
1 70 5
10 38 8
22 66 8
51 65 3
79 9 2
18 3 3
42 62 1
86 92 6
36 5 0
1 97 4
62 69 7
81 51 7
57 28 2
26 63 5
55 41 4
74 44 6
4 77 0
81 24 0
62 81 3
62 60 4
23 33 8
18 98 3
90 5 0
4 68 2
64 81 0
59 91 8
49 27 4
7 59 0
26 53 0
100 65 7
52 75 7
15 14 7
7 3 5
87 81 8
13 33 5
90 69 3
83 34 4
46 52 5
76 4 7
82 62 4
29 23 4
21 67 3
88 48 7
31 4 4
69 2 0
45 39 3
93 88 4
83 99 2
81 33 2
12 70 7
87 14 1
19 37 3
50 66 8
92 52 8
84 25 3
68 3 8
71 79 0
86 46 5
80 8 6
73 82 8
95 20 8
50 6 1
33 92 2
75 65 0
66 7 7
29 47 3
11 84 5
46 88 2
92 8 0
32 23 0
6 1 4
32 94 7
71 97 3
41 90 6
29 75 3
90 44 7
50 94 6
24 96 7
15 11 1
74 26 2
73 71 7
50 36 8
81 46 1
27 37 4
41 79 1
54 40 1
84 75 8
24 58 3
41 81 7
53 36 5
12 29 6
41 65 4
87 61 4
73 92 4
12 14 2
95 19 4
30 64 1
16 26 4
94 31 5
40 49 4
20 53 4
47 77 7
72 92 4
87 12 4
46 4 2
76 57 6
97 22 6
96 62 2
97 12 1
71 92 6
1 11 7
17 1 7
28 92 5
87 83 6
88 36 1
35 49 5
54 60 8
42 94 5
31 5 3
94 83 6
32 14 7
15 20 4
29 30 4
59 18 1
57 89 1
62 24 1
18 88 6
69 74 3
85 74 4
64 46 2
75 56 1
9 45 1
96 73 5
82 41 6
35 20 6
85 17 0
38 44 0
93 57 4
89 42 8
64 74 3
82 75 3
40 37 6
20 66 2
9 60 7
28 37 2
25 74 6
67 42 1
15 66 2
79 61 3
95 61 7
13 65 6
97 89 6
60 21 1
98 70 1
3 39 8
71 44 3
63 60 1
34 2 0
69 26 2
56 81 6
89 34 1
29 24 7
2 19 3
53 37 0
99 30 7
24 4 3
58 61 1
67 90 8
53 3 0
73 21 3
32 44 5
76 69 8
85 68 8
80 37 7
45 72 3
22 91 7
93 34 4
12 53 1
95 68 1
51 38 7
5 8 8
43 60 8
99 81 6
6 3 1
15 46 4
10 66 5
92 36 7
18 40 1
62 83 7
83 97 8
76 21 4
90 32 3
34 11 2
35 73 5
14 13 6
11 46 0
16 69 2
37 8 4
4 92 1
69 49 0
63 73 7
73 49 3
62 28 6
41 15 4
65 89 3
45 71 7
31 80 2
96 91 8
58 2 3
66 65 2
91 44 0
78 79 8
35 96 6
86 57 3
73 37 8
33 21 6
59 54 6
85 54 2
4 1 5
70 78 3
37 88 0
66 23 5
44 8 2
43 88 4
26 89 7
45 90 2
6 87 7
55 29 7
16 86 3
98 48 8
28 43 6
97 53 1
18 53 2
64 27 4
63 75 1
72 89 1
6 9 0
96 10 6
55 37 3
48 25 7
52 29 2
99 85 7
96 93 1
1 7 1
69 21 4
57 45 8
51 93 0
37 7 2
4 33 2
50 53 3
78 31 0
100 92 3
55 82 0
7 17 5
59 97 1
44 89 3
45 96 0
53 8 2
73 93 4
3 90 4
89 5 1
83 40 1
61 6 2
97 33 0
26 82 6
72 86 5
42 85 1
77 23 7
69 98 4
26 8 1
80 58 5
89 83 7
100 86 7
97 49 2
97 77 2
64 38 1
28 66 4
24 15 2
87 47 6
4 43 1
97 18 6
44 61 6
26 84 0
56 91 4
38 19 5
72 18 8
14 85 8
39 2 2
91 47 7
55 7 3
32 69 2
26 66 0
54 9 6
6 24 0
90 12 0
48 64 7
4 11 6
53 14 5
71 1 2
54 53 1
43 91 4
12 79 7
45 85 3
22 52 7
74 3 0
73 43 5
67 46 5
26 60 1
29 2 6
66 40 3
65 45 1
52 51 6
99 5 1
92 67 0
52 81 5
30 98 5
76 74 8
98 15 4
11 18 5
60 87 5
83 15 5
65 56 3
48 26 7
57 31 6
91 12 2
59 68 1
31 67 2
16 94 1
91 3 5
7 97 4
9 64 0
25 66 2
32 40 2
56 6 8
36 40 1
90 89 4
75 50 7
44 83 8
30 40 6
76 30 7
86 62 8
70 84 5
49 57 0
28 50 7
95 69 0
29 21 5
100 61 6
37 45 4
45 46 7
29 32 6
49 80 2
89 99 1
22 25 3
49 92 3
33 75 0
35 89 3
95 8 7
61 73 1
40 55 8
55 91 2
81 91 2
71 27 7
32 100 8
53 72 8
41 9 2
53 76 8
58 65 8
8 82 4
91 77 2
4 60 8
60 10 3
84 49 8
9 11 8
46 96 1
41 94 6
82 15 4
30 5 5
72 63 1
9 27 1
75 90 0
42 82 6
86 91 1
99 75 6
29 37 3
42 93 3
39 74 7
79 59 3
11 89 2
38 35 2
44 93 2
72 99 1
46 39 0
35 21 6
11 55 1
81 75 4
70 62 0
62 10 2
76 90 5
11 29 6
82 80 5
80 13 4
64 52 4
100 91 0
27 47 0
26 52 5
46 59 6
57 1 0
96 30 2
44 70 4
30 20 7
28 96 4
100 82 0
93 7 7
42 14 5
58 20 3
47 25 7
40 96 8
32 93 6
100 57 4
61 4 8
37 44 3
91 65 0
73 76 7
66 1 7
99 12 2
94 61 4
77 71 6
9 35 8
42 45 7
15 99 4
75 87 2
48 83 2
31 35 1
82 27 1
76 95 0
98 9 3
17 97 3
27 19 3
99 98 3
72 4 2
54 39 1
75 98 1
12 6 3
45 77 8
49 26 6
76 22 6
28 7 7
57 34 8
87 40 8
68 69 5
46 3 5
78 92 3
47 54 3
3 1 0
31 45 4
11 10 4
100 64 5
42 52 4
70 64 5
34 27 7
21 85 0
57 43 1
21 89 6
88 31 1
46 69 0
95 91 6
85 60 7
59 70 5
4 48 8
84 21 7
21 39 3
8 7 1
37 54 4
49 45 3
33 37 5
90 36 5
75 64 7
28 90 6
16 89 2
48 96 0
24 49 3
87 8 2
4 96 7
73 95 6
68 50 4
77 31 0
97 67 2
39 18 4
49 65 7
98 59 8
61 20 3
71 15 3
73 42 0
73 81 5
55 44 1
35 29 1
34 70 8
78 38 1
49 81 5
78 17 8
18 82 8
37 71 5
39 30 2
9 68 6
55 36 3
15 63 6
56 70 5
65 27 4
50 35 3
48 85 2
52 57 4
90 33 0
29 40 7
53 92 3
49 14 7
22 14 8
42 78 2
37 94 2
32 22 8
9 48 7
94 35 0
98 85 3
98 7 4
34 37 2
22 1 5
66 63 6
85 56 1
67 70 0
35 25 7
34 96 4
47 84 8
56 99 2
80 65 7
40 67 4
59 82 3
16 15 7
88 73 8
19 18 0
29 43 2
42 55 1
94 39 8
13 86 8
55 66 4
21 97 2
99 37 8
34 51 7
18 45 3
33 10 2
29 3 5
8 33 7
28 5 0
55 87 8
77 84 6
58 12 1
49 99 7
87 9 2
73 22 2
100 40 0
58 16 1
21 90 2
67 88 5
18 92 1
62 35 5
49 42 3
77 36 0
5 11 0
66 5 8
31 81 6
56 21 1
38 41 5
90 35 0
16 68 1
68 7 3
46 95 6
76 39 6
63 36 2
92 81 0
51 59 3
34 8 3
21 36 2
46 93 4
87 82 8
29 67 8
39 8 8
69 48 5
89 73 1
1 60 0
39 67 8
15 58 5
1 49 6
56 52 2
71 26 6
21 74 1
25 17 0
58 66 1
34 46 2
65 16 6
42 59 3
25 57 4
47 43 6
68 80 3
97 2 0
56 74 1
45 84 3
64 12 6
75 80 1
55 77 7
33 100 5
35 18 3
28 80 1
83 11 0
19 77 6
25 2 1
50 59 5
29 86 7
75 31 1
40 93 8
66 80 4
92 31 5
60 25 6
38 20 6
87 89 4
5 35 4
14 16 0
72 98 3
22 81 5
83 78 7
70 61 4
13 49 3
70 55 8
55 46 8
67 60 4
7 71 0
26 98 3
2 99 2
66 29 7
2 79 1
6 22 3
37 65 2
53 43 6
52 27 8
13 66 6
66 87 4
51 75 8
66 8 3
25 52 5
20 43 2
100 47 3
70 94 7
1 43 7
6 84 6
38 58 8
14 71 4
47 50 4
79 28 8
58 56 1
93 41 2
56 15 6
27 95 0
33 30 3
63 14 7
13 21 7
97 39 0
78 65 0
22 58 4
3 58 3
19 30 4
21 22 0
20 7 1
2 36 2
15 94 0
5 53 5
1 73 5
42 98 0
24 11 0
32 73 0
76 96 5
67 100 6
37 57 2
20 88 2
31 87 8
47 24 7
79 53 0
22 59 6
82 23 8
36 71 2
100 22 5
16 73 7
37 82 4
77 33 6
4 30 2
71 34 2
70 23 1
95 96 5
24 21 0
72 81 1
47 10 0
18 73 3
25 41 4
100 31 1
15 9 0
39 66 5
28 36 4
30 75 3
4 99 7
66 21 4
64 71 7
18 84 6
50 87 5
17 80 1
25 43 4
91 42 6
15 60 7
16 13 3
45 32 3
67 3 8
51 74 5
18 61 3
60 22 6
64 87 5
59 75 6
63 91 6
53 91 3
44 23 6
38 2 3
61 22 5
81 71 5
70 95 7
50 14 8
56 92 6
18 81 6
5 29 6
6 70 4
16 30 5
52 67 2
99 54 4
97 4 5
32 97 7
10 48 3
72 88 4
94 34 8
32 38 4
43 82 6
66 14 1
18 42 4
65 92 8
8 21 8
30 74 7
71 40 4
75 55 3
13 28 4
46 25 3
32 81 8
33 29 1
60 77 0
57 8 4
47 23 8
62 41 1
27 25 5
73 87 1
30 18 1
29 42 1
5 96 4
60 88 4
91 2 5
1 77 2
87 65 5
22 77 0
58 50 5
75 91 2
70 91 3
61 50 6
53 22 8
29 53 4
24 39 3
24 76 4
53 7 5
36 79 7
44 15 6
71 100 6
11 68 4
2 77 3
80 6 5
12 33 4
58 6 7
32 42 0
18 8 3
75 66 2
100 17 0
49 82 2
17 68 5
92 30 2
62 50 1
68 23 3
32 3 7
44 59 7
51 29 0
86 7 8
37 58 6
39 15 4
89 2 2
76 8 5
83 33 2
90 85 3
73 52 6
34 28 6
99 16 1
9 76 8
34 9 4
92 2 4
39 38 0
61 31 6
83 65 4
73 90 4
34 54 4
57 79 8
17 43 7
92 51 1
36 41 3
13 93 8
7 24 8
18 16 8
27 14 4
7 50 7
4 54 2
92 25 2
27 51 4
55 26 4
2 54 2
73 51 4
66 76 0
98 91 3
62 92 7
45 86 1
87 36 0
84 14 1
67 62 0
63 83 7
20 72 0
74 2 5
98 76 2
17 54 3
1 89 6
87 67 7
48 16 4
3 69 4
85 7 3
61 80 4
68 22 4
9 19 4
30 8 6
43 13 4
27 58 6
28 73 0
9 4 4
60 37 4
21 55 3
34 58 1
10 3 5
89 40 1
54 44 7
34 1 5
11 100 8
68 100 3
14 20 4
12 28 6
17 64 7
48 32 5
14 80 2
20 83 7
65 70 2
38 28 3
56 25 0
70 37 7
55 14 3
1 74 5
35 23 2
59 93 4
60 31 7
53 96 2
16 44 4
43 95 5
49 12 8
48 21 3
28 74 1
46 28 7
77 17 3
100 24 5
27 24 4
9 2 5
2 51 7
49 36 0
24 35 1
92 16 7
88 26 7
40 56 0
85 52 6
91 58 1
45 89 3
94 76 5
96 41 3
75 37 6
43 38 6
91 35 8
72 93 1
62 32 0
49 95 6
66 71 0
87 4 4
35 43 0
28 41 2
70 88 7
1 68 5
96 67 6
47 95 3
30 65 3
68 92 5
59 32 8
22 19 1
67 10 5
70 69 1
39 89 6
61 52 2
61 71 6
95 32 2
23 78 7
59 58 7
59 84 6
35 33 7
41 5 7
64 31 0
58 75 8
18 26 1
60 41 7
17 60 5
90 51 3
27 30 4
12 89 8
22 41 1
78 74 5
27 40 6
96 55 7
3 38 1
54 56 4
94 72 2
74 57 3
57 4 3
57 11 7
7 58 5
78 76 1
10 55 5
75 38 3
14 64 8
3 20 1
57 70 3
87 39 8
34 63 6
74 11 5
79 27 5
49 3 2
23 91 4
17 18 1
73 13 6
38 62 4
37 90 0
20 46 3
61 34 0
76 92 6
60 57 1
72 90 6
56 95 5
35 67 5
84 57 4
54 25 6
3 13 6
43 78 5
37 50 3
10 40 5
96 43 0
66 88 2
71 83 1
39 42 7
9 32 1
22 46 5
23 95 8
81 27 2
90 10 0
90 40 4
17 19 8
18 54 6
48 91 8
52 14 3
23 21 5
91 84 2
95 12 3
54 3 5
94 24 1
1 63 4
30 10 3
91 13 5
53 15 1
51 40 5
21 31 4
82 2 4
71 72 5
51 79 4
91 46 6
36 18 6
81 85 0
33 41 8
82 17 7
93 21 2
31 62 5
28 47 2
34 77 7
31 69 5
52 5 0
1 39 2
83 79 8
11 40 6
67 86 3
19 24 1
63 79 7
96 89 7
50 89 4
100 29 2
24 34 1
51 58 5
100 19 4
70 52 3
22 95 7
81 44 6
61 64 8
67 32 3
41 2 4
78 7 2
75 46 1
90 62 0
31 36 8
63 37 0
58 33 0
72 32 0
72 82 2
58 54 3
32 76 8
67 26 5
12 41 5
99 1 4
38 99 4
83 12 0
14 28 4
70 48 2
4 2 6
44 26 1
75 93 3
43 77 7
96 13 0
58 93 3
17 13 7
10 80 8
65 22 6
27 56 6
69 42 8
76 12 2
50 70 1
31 72 0
30 61 1
72 95 0
17 44 2
79 73 3
84 44 5
46 30 3
85 71 2
7 15 2
47 6 3
80 94 8
29 1 3
81 69 5
54 79 7
76 27 3
5 76 3
9 52 0
92 91 5
83 100 4
1 36 6
9 24 7
89 22 4
97 30 2
52 39 7
55 34 0
13 15 0
43 83 7
24 97 1
95 88 8
27 23 4
72 29 4
69 93 4
60 99 1
45 97 3
49 56 8
82 48 2
79 49 5
73 19 2
44 92 8
53 27 6
38 13 3
78 96 7
54 62 5
38 96 6
77 75 8
1 30 7
1 46 3
68 21 6
7 84 7
88 52 5
74 67 6
79 82 3
40 44 8
5 56 1
92 39 8
61 85 0
68 70 7
18 41 5
83 49 5
86 63 2
45 11 8
89 86 1
84 68 4
86 2 2
21 41 0
15 79 4
39 84 5
91 26 5
5 17 5
36 24 8
89 93 6
95 99 7
55 18 2
13 75 7
83 55 6
77 72 7
47 34 1
28 78 3
46 73 7
45 50 5
77 90 6
21 51 3
13 94 2
98 13 3
80 47 8
80 48 1
66 38 2
10 1 7
31 2 2
87 45 7
90 17 5
66 6 8
62 97 0
81 96 3
29 69 3
82 33 2
24 64 7
45 75 1
81 63 8
36 67 3
90 2 7
37 20 7
23 75 7
56 30 3
5 10 4
39 55 2
2 12 2
59 49 1
29 26 8
80 70 5
64 62 1
10 28 6
99 18 0
100 27 5
42 100 3
29 17 1
29 80 0
19 48 4
10 42 4
32 78 4
10 82 3
22 27 2
74 42 3
26 15 3
56 55 0
4 73 0
38 26 8
81 66 2
70 8 0
93 31 4
45 22 7
8 51 3
63 28 3
98 87 4
52 19 8
11 13 3
49 25 0
18 80 1
92 32 0
60 14 3
65 25 0
79 38 0
94 52 1
26 19 4
33 49 8
20 44 5
98 47 2
63 38 5
95 33 6
82 70 7
75 21 6
89 10 8
83 96 2
79 39 0
28 24 1
61 13 1
80 64 6
15 30 7
74 12 8
24 66 5
14 65 1
80 78 1
65 99 6
51 89 1
43 14 8
94 64 7
8 41 0
45 21 1
19 66 1
87 20 3
5 25 5
44 97 1
47 78 3
59 73 7
95 38 6
12 67 5
48 6 7
6 37 8
34 30 7
92 99 1
52 30 1
64 95 5
76 48 7
9 82 4
25 39 4
33 40 2
88 91 4
73 62 1
66 61 3
53 81 3
8 89 6
66 83 3
13 1 1
26 7 4
84 87 8
36 84 3
11 31 7
97 43 3
68 91 3
36 9 4
2 32 2
26 4 5
64 3 5
7 21 2
89 94 4
72 62 4
2 17 0
33 71 1
34 20 0
38 34 7
8 55 2
89 75 5
36 85 2
72 27 5
36 76 0
34 72 1
51 3 0
32 52 4
86 44 3
83 67 2
59 11 8
30 17 4
95 35 1
46 87 3
14 46 8
62 4 1
98 90 8
40 94 3
92 97 0
35 100 4
55 58 2
51 53 7
94 11 8
65 77 3
77 44 7
62 33 0
53 99 1
63 82 6
66 72 4
22 29 1
24 70 2
3 55 0
82 7 3
86 14 8
73 34 8
97 70 0
14 8 0
8 17 6
88 5 6
86 51 1
99 10 5
29 38 6
43 62 8
7 75 5
85 49 5
53 78 2
57 23 2
13 88 5
4 12 3
59 81 7
49 54 2
8 3 3
9 96 6
88 81 2
3 62 0
35 32 1
28 75 0
61 51 6
7 90 5
57 73 1
91 45 2
35 59 0
82 22 1
45 98 8
82 30 0
74 82 4
47 26 8
51 39 7
44 7 1
78 30 0
75 85 8
90 8 8
46 48 3
82 16 7
9 47 5
71 93 7
47 59 4
25 62 3
5 43 4
90 11 5
57 88 5
18 37 5
56 76 4
46 85 1
90 50 1
76 83 0
15 27 2
24 25 2
75 18 4
50 52 2
11 2 1
5 77 1
70 10 8
88 7 7
24 88 8
65 1 5
78 94 4
96 51 8
18 71 4
27 35 6
23 87 6
93 76 6
66 59 7
58 68 7
63 33 5
85 24 8
93 79 7
21 49 7
76 28 3
22 79 6
30 11 2
17 98 4
26 70 1
9 78 4
29 70 2
70 92 8
57 15 3
89 69 6
16 45 1
80 71 4
36 99 6
97 13 6
90 58 6
19 90 0
83 77 6
93 50 7
25 29 3
66 35 3
4 78 1
88 55 3
87 91 0
26 56 7
98 14 1
38 40 7
76 3 6
14 58 7
76 34 4
85 35 0
31 1 6
56 19 5
52 3 6
56 42 7
60 81 8
45 66 6
5 26 0
62 76 0
16 66 6
19 97 0
84 92 5
91 27 5
64 42 5
84 96 5
11 99 4
50 3 4
58 1 2
97 78 8
58 18 0
15 100 0
14 41 8
65 8 1
23 9 7
94 14 8
57 5 5
13 34 4
89 84 8
95 15 6
77 50 1
79 67 2
99 69 3
24 30 7
62 17 2
12 5 2
98 34 2
81 86 4
38 80 5
86 83 3
19 60 5
59 45 4
27 73 5
50 46 8
49 62 7
71 22 5
20 76 5
2 5 2
62 26 6
64 19 2
95 82 6
91 69 3
68 98 2
21 10 6
86 59 3
15 45 3
60 44 4
78 75 7
55 6 0
1 51 8
47 92 4
62 94 0
44 45 1
54 80 2
67 8 0
80 22 5
70 75 0
11 92 1
1 40 7
13 42 1
20 52 3
27 74 3
31 71 5
92 41 3
96 99 1
51 28 3
28 11 8
14 57 0
83 93 8
49 61 5
77 32 1
20 4 3
58 46 1
75 4 1
90 49 1
78 86 4
86 8 1
98 73 2
30 14 1
9 28 3
13 79 7
14 26 3
39 26 8
74 32 1
29 79 1
6 29 2
28 52 2
89 63 2
25 73 6
40 4 1
17 76 0
64 58 2
81 57 3
30 47 0
5 3 1
98 43 4
89 81 7
54 48 5
99 31 2
98 54 3
13 74 5
25 8 2
4 71 6
29 95 2
44 24 7
88 77 8
28 98 8
2 62 4
12 36 0
80 51 4
88 61 8
67 73 4
50 13 6
70 60 4
85 33 5
100 74 8
92 21 4
40 6 5
29 27 7
62 45 2
55 52 2
94 28 8
97 55 0
9 63 0
17 11 5
77 27 5
49 89 3
12 94 3
13 81 1
63 77 6
23 56 0
65 12 3
35 56 1
86 3 1
67 95 2
94 82 5
80 44 4
69 11 8
13 45 2
13 62 8
85 39 7
71 56 3
72 30 0
96 72 5
39 72 8
92 48 4
84 85 8
84 33 4
2 59 3
67 78 6
43 81 3
44 19 7
28 61 2
38 71 1
63 70 2
100 77 8
38 36 8
22 23 8
48 50 8
40 79 0
55 72 0
28 82 6
93 52 8
68 29 3
1 32 2
13 32 5
48 89 6
9 85 5
57 46 4
4 90 0
8 46 0
15 87 8
37 39 1
10 86 4
100 93 0
58 82 3
43 19 6
48 94 6
88 19 2
40 91 1
93 74 4
82 14 1
37 21 5
44 50 4
61 68 8
47 21 2
92 87 3
18 49 5
68 93 0
36 44 6
20 45 4
65 71 7
58 32 8
70 19 0
94 75 7
25 72 7
51 19 4
71 63 2
90 38 1
31 38 4
48 59 2
19 94 0
79 46 4
61 53 3
23 98 4
81 68 8
41 13 3
73 41 6
14 76 8
69 47 0
10 44 5
75 25 7
4 56 7
89 95 6
58 97 6
14 48 2
25 51 8
32 54 8
48 79 1
45 60 0
10 92 4
73 70 6
1 35 8
13 52 8
98 57 2
72 97 4
85 10 3
83 72 1
5 68 0
54 52 1
6 18 2
2 98 2
82 32 4
21 42 4
4 41 4
4 3 0
48 22 5
74 65 6
35 46 3
72 91 1
71 82 2
35 39 6
30 28 2
4 52 2
40 48 2
73 9 6
88 44 7
77 78 3
31 66 7
18 89 2
5 75 4
82 5 4
26 35 4
31 58 5
77 64 4
50 10 7
74 46 3
41 72 3
58 94 4
81 65 3
75 47 5
51 56 5
32 71 8
88 34 5
18 27 2
60 59 3
32 31 5
68 54 3
82 84 4
15 84 3
11 62 4
4 67 8
20 57 3
21 98 8
77 95 8
41 99 6
74 18 6
72 21 8
76 55 4
4 10 7
28 4 6
28 85 8
84 58 0
98 71 7
79 16 3
39 36 6
71 84 5
92 5 2
22 35 4
76 82 3
81 78 3
10 64 3
7 41 5
15 35 0
19 76 0
77 41 0
76 25 5
41 78 2
69 45 5
74 89 5
48 51 1
53 86 7
93 45 6
6 34 1
57 51 0
8 68 8
52 18 6
95 48 8
22 85 2
75 16 4
14 72 7
48 17 3
31 3 8
33 66 4
64 22 2
96 97 1
62 58 8
62 15 6
68 55 2
79 85 5
21 53 8
94 4 8
36 32 7
13 67 8
51 63 6
75 86 5
57 66 5
8 10 1
28 91 5
8 94 6
58 95 7
71 21 1
49 39 6
29 64 8
50 82 0
57 69 8
21 59 0
10 49 5
19 53 0
37 15 7
29 81 5
20 63 2
89 91 7
60 72 5
24 75 5
91 41 6
16 56 4
17 59 0
69 96 3
19 89 0
90 56 7
47 38 0
1 41 8
94 91 6
46 36 8
17 49 5
2 13 7
47 64 2
34 7 4
4 23 3
73 56 0
53 11 8
22 3 6
5 100 6
94 86 6
51 46 6
100 90 2
42 51 3
14 23 1
20 100 6
93 14 6
70 54 3
37 68 1
74 45 3
74 70 7
75 57 8
98 49 1
88 90 2
47 65 0
99 76 4
100 28 8
56 46 7
52 1 5
61 86 1
78 35 8
33 79 1
88 64 7
10 6 0
43 52 3
37 41 7
30 23 6
90 42 1
6 100 4
74 96 0
16 61 0
100 4 8
83 30 8
11 37 5
45 70 4
47 86 4
20 24 8
39 99 2
25 11 1
71 67 8
5 14 1
52 12 4
67 80 1
43 63 0
44 53 4
94 55 0
67 89 4
49 52 3
48 55 8
22 13 1
60 73 3
36 45 3
99 100 6
6 95 8
85 53 3
94 84 7
51 6 2
42 9 1
33 28 2
18 25 5
64 8 4
90 31 4
1 53 1
81 77 4
85 95 4
42 77 5
6 85 4
16 74 8
32 46 6
22 37 6
85 65 8
16 8 8
66 74 4
9 21 2
12 9 1
11 12 1
52 98 5
88 10 6
42 58 3
34 21 7
85 1 6
4 42 7
50 19 2
93 60 0
77 51 8
40 82 8
33 45 0
96 49 0
3 34 0
7 77 0
86 15 0
59 29 7
16 63 3
13 30 8
85 83 7
93 10 7
95 63 2
73 10 3
63 29 4
88 96 1
8 1 2
6 16 5
18 10 2
46 72 4
36 7 6
7 54 0
72 76 6
58 17 6
33 99 5
15 12 6
59 83 4
93 28 0
54 83 0
68 13 6
3 80 3
90 24 7
44 98 0
84 61 4
64 49 8
53 95 4
98 89 5
51 41 0
23 62 8
14 35 1
1 79 8
88 51 1
77 54 2
4 7 4
19 85 4
100 84 6
28 29 3
25 7 5
60 32 2
90 22 6
18 34 6
56 20 2
78 54 8
6 74 4
99 57 2
47 49 2
20 98 8
19 61 0
1 64 6
15 22 3
87 57 5
69 61 5
8 35 2
70 27 8
32 57 3
10 9 0
37 78 4
2 26 3
80 85 7
59 52 2
43 51 4
94 97 3
90 15 4
64 7 2
37 95 2
54 43 2
88 89 7
79 80 7
65 31 0
13 92 4
14 17 7
59 95 1
59 1 4
10 25 5
32 96 1
8 62 3
2 81 4
51 10 3
55 1 7
86 38 7
59 27 5
56 44 7
72 19 3
35 3 6
24 91 3
31 97 3
48 42 5
79 97 7
100 41 1
73 29 0
60 55 4
43 100 2
20 8 3
26 9 2
13 57 3
100 73 0
77 38 7
10 29 8
16 11 8
60 53 3
52 87 2
61 99 5
17 83 7
65 61 3
22 39 5
26 28 6
12 54 0
2 83 0
88 82 8
10 54 0
98 61 5
35 10 6
29 20 4
67 49 8
98 38 3
16 83 5
71 78 8
27 17 7
57 91 2
92 12 2
16 71 2
94 53 0
59 34 5
62 100 1
84 24 6
98 19 0
43 56 5
60 89 2
89 76 7
83 13 6
56 48 4
14 47 4
90 82 1
5 71 4
91 82 0
53 48 6
48 84 8
20 51 6
43 10 2
38 88 0
48 31 8
26 68 7
87 80 6
82 31 6
83 19 1
71 75 1
30 12 3
80 15 7
53 59 6
71 12 2
100 12 7
36 68 6
64 66 8
42 81 2
7 91 1
66 95 1
38 33 5
45 29 0
16 9 1
9 70 7
30 50 4
71 96 6
38 1 3
28 71 1
88 100 4
73 91 0
47 53 2
58 60 5
24 89 7
13 35 7
71 11 8
88 92 0
17 87 0
9 25 4
59 88 2
66 96 8
64 6 8
91 5 3
46 61 8
40 85 0
17 61 3
70 53 5
21 57 0
33 87 8
90 91 4
57 29 4
91 67 3
73 31 3
4 53 1
19 28 4
44 34 1
87 38 0
39 65 2
40 80 0
81 8 6
22 93 4
19 49 0
52 71 5
43 75 4
66 84 8
59 90 0
64 34 1
88 1 7
47 68 4
13 69 8
70 83 0
38 72 1
77 10 1
72 33 4
54 92 2
91 76 7
84 64 8
18 43 6
13 31 1
89 33 4
63 47 7
48 23 0
88 16 3
97 100 4
66 62 4
67 58 2
93 18 4
78 73 2
97 50 1
60 20 6
11 65 6
94 71 0
30 94 2
95 1 8
56 41 1
94 87 1
43 74 7
68 40 6
21 65 5
35 83 8
56 12 1
70 22 1
43 42 1
79 23 8
44 67 7
87 7 6
100 94 2
80 23 7
3 72 5
93 49 8
79 77 0
95 14 7
11 56 8
16 91 4
49 7 5
64 45 6
85 12 5
8 58 0
8 77 0
44 9 7
94 23 0
23 76 7
26 20 5
31 33 2
30 51 6
21 77 5
26 95 3
39 43 1
25 81 3
6 25 2
33 76 2
89 100 2
10 61 3
28 16 6
62 46 4
85 57 5
9 66 6
49 78 1
55 81 1
35 51 5
2 55 8
3 85 1
84 88 5
50 99 2
51 47 1
82 93 4
54 86 3
39 19 7
39 16 5
7 23 7
50 72 6
22 38 5
48 39 2
31 17 8
51 71 6
53 64 4
60 68 3
4 22 0
51 62 3
59 14 4
8 83 3
67 18 8
71 55 6
38 48 5
2 47 7
82 3 4
3 79 4
65 28 8
57 19 3
92 59 5
88 47 6
5 80 7
38 21 7
4 59 7
56 61 8
38 53 3
49 53 4
53 73 8
54 33 3
95 44 7
45 23 0
6 98 6
63 53 8
79 70 3
59 87 5
44 96 5
59 37 0
9 3 2
86 69 2
96 98 1
17 71 0
92 50 2
21 94 4
7 31 1
91 71 6
30 53 5
72 87 2
7 83 8
65 52 2
20 17 3
22 56 6
94 69 5
35 75 4
12 7 7
39 62 5
96 80 3
92 94 0
69 83 6
17 67 5
14 97 8
81 98 5
34 52 5
85 47 0
9 13 3
41 53 8
88 50 3
11 23 4
76 26 2
5 6 1
11 76 3
37 46 0
22 11 1
15 52 4
69 97 2
9 7 1
93 98 7
46 19 5
37 10 6
79 5 5
95 60 2
99 68 7
98 58 7
43 23 6
78 1 3
95 21 0
39 91 4
84 40 5
61 59 1
41 83 1
5 40 1
89 27 7
19 21 0
37 43 1
65 33 6
50 98 4
42 11 1
53 100 7
93 24 1
23 16 0
88 2 8
85 58 2
50 79 1
68 52 2
23 46 2
67 37 2
25 16 5
28 39 1
33 86 2
98 12 7
49 87 0
5 15 7
36 69 6
17 37 3
11 50 5
87 51 7
50 49 5
51 24 8
42 79 4
83 14 4
62 37 4
21 82 4
74 52 5
89 17 5
65 98 1
30 71 8
58 23 0
61 55 3
27 69 8
23 100 3
86 49 7
60 74 2
20 31 3
20 84 6
36 47 2
78 50 6
58 25 8
68 87 6
46 47 7
42 87 1
72 47 1
38 54 1
16 76 4
87 28 3
47 22 3
94 73 5
2 75 8
58 81 5
54 84 7
80 76 8
12 13 7
49 43 4
64 85 0
60 5 4
46 100 7
96 64 5
11 20 6
49 58 0
80 9 0
22 94 1
83 68 2
8 43 2
20 99 4
25 100 1
86 37 6
8 28 5
10 69 0
19 65 5
67 77 1
74 71 7
84 63 1
72 12 7
30 31 2
23 63 2
57 7 7
4 39 6
81 23 4
49 76 4
3 40 3
66 85 5
98 16 5
44 2 7
86 68 2
51 99 1
10 52 7
83 73 3
42 34 5
63 49 6
87 63 8
40 28 4
68 14 2
85 13 1
98 5 8
89 6 3
23 65 1
13 46 2
48 44 5
67 14 3
38 74 1
54 94 3
91 21 7
84 27 5
80 39 0
83 61 0
48 74 7
79 62 6
3 63 3
79 96 8
12 84 6
12 60 8
9 89 0
2 72 7
61 89 0
92 63 0
82 51 5
15 21 3
97 65 2
98 32 6
22 63 5
18 79 5
42 25 1
71 43 3
74 94 6
48 41 5
100 95 3
43 99 1
69 7 2
35 70 7
50 51 6
79 89 2
80 63 6
90 80 2
59 94 3
26 41 2
82 47 5
72 70 3
94 68 1
47 74 1
86 55 2
31 24 0
30 6 3
11 96 7
48 37 1
40 25 0
91 93 4
17 16 0
4 81 8
4 74 0
62 7 3
79 10 5
55 33 8
36 37 1
67 24 0
84 86 7
88 41 1
80 19 8
39 13 1
15 42 1
79 37 0
59 38 6
5 70 6
93 36 0
97 29 6
3 23 1
72 73 3
1 98 3
43 16 2
37 66 2
12 44 1
80 16 3
51 14 5
57 33 6
95 3 6
39 12 4
9 33 6
86 99 6
87 3 1
76 7 8
38 17 1
49 44 8
98 10 2
93 63 4
20 16 2
88 53 8
82 60 6
44 62 3
77 53 7
26 45 0
31 10 6
54 95 4
81 70 6
25 32 2
63 64 4
85 70 8
66 100 0
47 44 5
64 98 7
18 2 0
14 40 6
60 29 1
27 67 0
50 31 5
54 66 2
15 92 1
43 12 2
53 56 0
65 38 0
60 7 8
63 6 8
55 93 2
72 15 6
40 43 1
99 67 7
84 76 1
8 48 0
43 61 7
9 37 3
54 89 4
13 20 4
1 2 8
69 55 6
59 65 1
48 45 0
92 29 2
92 74 6
42 35 3
67 53 0
65 76 0
29 49 7
81 35 1
30 60 8
78 40 1
76 64 7
8 93 1
5 83 6
93 15 5
30 95 4
82 68 4
37 69 3
7 16 3
5 33 0
5 4 0
78 27 0
96 58 3
14 100 5
64 44 6
12 46 1
90 39 3
6 59 3
15 77 8
81 47 1
8 71 2
43 44 8
43 93 0
86 4 5
28 72 1
86 64 5
86 95 8
55 45 5
45 30 8
68 75 0
27 21 6
94 60 4
87 44 6
33 44 5
60 35 8
19 41 3
89 92 8
85 26 0
79 34 3
55 9 5
31 25 1
21 14 2
2 30 0
44 30 6
91 52 0
12 47 2
90 13 5
28 77 2
9 86 3
54 20 3
44 14 6
12 69 2
63 69 4
89 4 4
47 31 7
20 1 1
36 19 4
95 75 6
71 6 6
98 3 3
63 68 2
5 21 7
91 78 4
81 7 8
13 51 8
31 37 8
67 1 1
72 6 0
64 25 8
46 10 0
56 18 2
2 40 6
71 58 2
97 54 3
71 88 5
43 26 2
34 48 4
90 74 3
25 96 7
20 64 6
93 56 6
92 96 4
70 7 7
25 79 8
38 14 3
10 24 4
99 79 0
95 62 7
17 96 7
76 75 4
39 96 0
78 84 7
94 99 3
63 7 8
85 37 0
18 70 8
38 6 4
45 79 0
41 67 1
70 93 1
69 77 8
90 86 0
95 9 6
66 42 1
41 10 7
32 64 3
75 10 0
43 22 1
17 46 1
66 67 5
53 74 7
76 44 1
53 45 4
85 69 3
90 66 6
40 58 6
28 27 5
40 77 8
59 67 4
14 31 0
2 93 4
78 82 7
21 30 0
55 25 0
70 32 3
70 86 1
33 69 1
52 100 1
98 40 1
28 64 0
24 86 4
57 22 6
2 23 5
67 22 7
53 84 6
18 86 6
99 9 4
100 58 7
87 29 4
17 88 6
4 70 2
18 77 5
21 52 8
60 33 0
18 60 5
23 39 5
20 68 0
2 68 7
5 85 4
15 89 4
64 15 5
68 43 2
54 15 6
12 3 2
90 65 7
42 31 0
21 20 1
6 2 3
27 20 6
73 50 2
98 56 3
2 28 2
94 36 4
80 30 1
13 54 3
6 99 2
54 73 2
15 32 7
13 95 6
1 56 2
16 36 2
14 62 7
79 44 3
61 81 2
76 47 2
66 3 1
94 38 6
41 11 8
72 35 5
79 60 1
3 42 7
26 30 8
35 41 0
49 37 3
17 53 3
85 97 0
94 95 6
51 60 8
6 68 6
8 11 0
14 45 8
89 56 3
38 4 1
41 98 4
73 3 7
61 78 3
99 29 6
44 5 8
73 69 7
85 29 7
15 88 7
35 37 5
28 21 0
51 55 1
44 85 8
66 99 1
26 11 1
21 11 1
99 63 1
16 60 1
23 25 0
9 22 7
70 76 7
15 28 5
13 99 4
96 14 2
4 58 6
13 40 4
100 18 5
29 71 4
86 26 4
36 52 6
32 85 1
33 67 3
19 87 1
87 56 1
4 8 4
62 98 4
71 87 2
86 66 2
17 34 0
6 97 4
86 80 8
27 2 3
53 58 4
11 70 1
58 72 4
14 70 7
36 26 1
6 91 1
62 93 7
56 7 7
49 66 7
69 41 8
6 45 4
6 65 1
73 58 0
20 9 1
81 54 7
34 45 3
93 39 5
56 66 4
50 22 3
59 43 6
4 93 2
6 32 7
21 4 7
47 41 5
56 3 2
96 90 6
24 17 8
55 24 3
53 33 3
78 10 6
5 61 8
71 3 3
93 33 7
75 72 7
54 76 4
43 46 7
15 8 0
52 84 6
25 13 7
25 34 5
12 66 8
34 82 4
70 66 4
41 46 1
21 40 4
58 43 0
15 68 7
35 87 2
99 48 4
60 3 4
45 100 4
32 17 8
67 28 4
52 77 0
81 94 6
25 1 2
93 67 8
3 45 2
64 56 2
69 72 1
88 4 4
7 95 0
49 38 1
83 74 5
29 98 5
39 57 6
24 54 1
78 62 7
44 68 2
5 46 0
50 34 0
20 71 8
39 27 7
12 27 5
59 25 3
60 42 2
67 9 7
77 68 7
4 50 4
13 26 5
98 36 6
13 48 7
68 73 4
20 86 0
72 52 2
15 55 5
73 48 0
22 31 6
15 4 6
89 37 3
23 38 1
13 5 6
91 60 8
41 24 5
54 64 7
33 56 7
79 69 4
77 85 0
20 94 5
59 63 7
96 1 3
71 41 0
40 57 2
63 2 0
37 30 1
69 87 1
69 67 4
65 3 3
40 17 5
43 41 8
69 18 3
53 32 2
6 93 7
37 5 8
5 50 5
40 86 2
50 43 7
24 45 4
63 21 6
42 83 6
28 25 2
42 28 1
100 9 8
18 83 4
63 46 0
52 58 1
13 63 5
74 55 8
65 26 8
75 67 8
68 71 3
17 21 2
14 6 6
18 9 0
16 33 3
61 47 0
14 2 3
10 16 8
65 34 1
72 24 1
38 73 7
84 28 4
78 59 4
47 8 2
45 63 7
72 59 2
36 30 6
23 5 3
77 14 7
44 94 3
47 37 3
75 34 8
72 54 8
4 36 0
33 20 2
53 39 0
93 48 8
97 63 6
99 52 7
43 34 5
50 54 8
99 35 1
27 10 2
18 44 8
68 25 5
58 48 6
60 52 1
44 65 0
39 59 0
30 9 3
44 46 4
27 31 7
27 96 5
99 88 0
77 94 8
35 71 6
39 73 8
12 25 2
85 92 1
24 14 8
41 85 2
97 74 0
85 86 8
77 26 7
26 32 5
54 69 0
86 22 5
19 4 5
63 58 0
31 55 4
69 1 1
25 70 2
25 14 1
73 12 1
17 42 8
25 90 8
36 78 5
90 55 2
53 35 2
81 26 2
22 28 0
88 74 8
16 37 8
17 52 0
68 66 6
8 6 7
87 93 5
60 90 5
74 80 3
26 31 4
25 82 8
47 3 1
29 91 7
96 36 5
12 93 2
89 70 6
1 23 8
53 40 3
66 98 0
36 15 3
68 90 6
78 56 1
21 3 6
64 82 0
33 17 3
19 15 4
38 25 1
39 64 3
36 97 5
35 88 2
69 25 8
44 82 4
35 55 0
47 70 2
4 44 8
76 50 6
5 7 1
63 76 2
47 89 7
9 81 2
92 1 1
58 83 5
20 6 1
80 26 2
20 42 8
23 74 4
67 19 0
31 76 4
17 56 8
36 82 8
78 44 5
3 57 8
63 24 6
47 16 1
69 19 8
60 75 3
58 35 4
84 13 7
45 67 8
29 94 6
36 25 2
77 37 4
73 44 7
2 71 2
49 51 4
24 60 5
29 13 1
53 31 3
43 48 4
25 83 6
31 12 5
77 12 6
1 27 3
10 95 4
1 28 8
9 71 8
67 11 2
4 47 1
83 64 1
27 11 2
76 38 0
23 15 7
60 40 2
94 63 5
2 7 8
4 69 2
17 26 6
95 80 3
90 64 7
53 68 2
45 56 8
60 8 7
80 43 4
95 78 8
31 43 0
13 37 8
58 79 8
59 85 5
32 79 7
98 95 2
56 63 0
6 19 0
96 65 7
49 68 2
73 77 0
27 38 0
27 61 8
9 58 2
24 46 6
19 10 1
1 24 4
33 46 2
65 5 3
43 6 0
95 79 8
51 26 5
11 73 6
30 41 8
23 92 3
32 20 1
74 14 5
39 82 3
57 26 7
78 58 8
81 36 6
97 16 4
78 13 6
12 48 7
95 50 3
82 96 8
63 18 3
43 94 4
20 62 8
78 64 5
30 86 0
49 88 0
96 6 5
15 49 1
26 79 5
33 7 5
71 76 8
19 58 3
74 68 0
85 63 5
31 39 4
96 77 4
27 42 5
56 9 5
92 38 6
21 44 3
97 11 8
81 90 6
25 99 5
89 46 3
43 27 1
11 36 2
32 55 2
43 67 4
27 54 1
63 74 6
18 24 8
19 35 2
70 20 3
28 3 4
95 65 2
66 27 5
11 86 1
6 21 3
60 49 6
84 30 8
84 42 8
64 33 0
31 91 6
31 23 4
55 95 3
78 11 3
1 42 4
97 26 1
60 71 8
37 96 4
13 87 7
45 12 5
2 70 4
57 12 5
77 11 0
18 33 3
48 61 3
43 7 3
50 15 2
16 46 7
1 94 1
96 2 0
62 59 7
30 3 6
4 35 7
9 77 1
85 88 4
56 14 5
11 79 7
21 70 1
55 28 0
97 34 6
51 97 0
14 37 7
37 56 2
76 43 6
47 94 6
22 34 5
78 98 4
32 34 2
23 36 2
2 3 0
84 2 7
69 53 5
6 39 6
63 25 7
90 57 7
52 7 2
19 13 1
71 57 4
52 37 8
46 66 2
18 51 1
72 1 3
100 10 5
93 54 8
47 7 2
42 41 6
4 85 2
69 38 3
100 79 1
68 18 0
29 84 0
22 26 4
77 99 7
32 84 7
83 90 5
78 89 6
35 36 7
49 11 6
77 93 6
68 32 4
9 90 2
48 100 0
1 62 5
29 46 4
12 35 2
51 17 6
10 2 2
58 26 7
11 48 5
80 98 5
63 67 1
54 96 8
64 11 1
14 91 2
31 18 5
4 66 1
54 61 1
97 3 7
30 66 7
62 21 5
20 67 0
75 1 3
1 91 6
43 32 4
56 79 7
6 60 2
75 97 4
95 24 0
36 72 4
5 54 0
19 68 3
50 29 3
71 39 5
82 53 1
38 52 7
19 14 7
69 15 2
42 7 2
22 84 1
52 44 5
16 84 0
12 22 4
7 6 2
90 27 1
79 65 8
56 39 3
100 69 0
62 85 1
74 37 0
16 49 3
33 78 1
69 8 7
62 27 5
48 97 2
79 7 1
2 80 3
63 100 6
55 12 4
38 70 2
80 41 0
83 92 5
23 17 8
41 84 7
58 86 0
19 25 8
90 97 5
80 53 0
6 90 6
4 79 6
5 67 2
91 20 5
72 37 8
5 27 6
73 7 6
26 54 7
77 74 4
82 65 3
80 33 4
89 30 8
42 99 4
90 16 5
1 80 0
7 99 8
15 48 1
77 70 1
30 57 5
61 72 4
83 50 5
4 14 7
71 53 7
67 54 4
43 66 8
10 76 8
36 95 8
8 98 2
54 16 1
48 81 2
97 25 2
38 81 8
78 2 6
95 52 2
51 83 4
78 3 5
57 97 2
46 9 4
48 87 1
95 74 4
3 41 4
38 7 0
55 98 4
16 29 0
63 39 2
97 60 5
40 50 8
28 54 7
48 30 4
86 82 3
94 46 2
40 42 7
15 1 8
42 23 2
12 23 8
99 82 0
70 46 1
24 77 3
97 66 4
72 85 3
27 44 8
76 2 6
4 37 1
39 34 8
61 33 6
19 31 8
46 42 6
23 6 0
96 21 4
63 61 0
83 82 1
73 66 6
24 37 2
23 55 5
42 12 2
47 99 0
30 55 8
55 47 8
89 43 2
38 11 0
50 38 0
51 33 7
39 40 3
64 55 4
15 17 2
54 57 1
85 89 6
78 29 3
13 18 1
100
33 50 33
35 6 35
77 21 77
85 33 85
98 92 98
101 12 101
104 95 104
105 62 105
108 58 108
113 22 113
118 80 118
123 50 123
152 57 152
154 96 154
161 16 161
168 65 168
181 67 181
182 95 182
212 22 212
236 31 236
238 5 238
240 49 240
242 75 242
267 85 267
272 87 272
282 71 282
283 19 283
290 20 290
304 2 304
309 23 309
318 66 318
331 7 331
341 76 341
365 48 365
385 44 385
388 44 388
392 32 392
393 98 393
396 92 396
415 32 415
418 32 418
433 18 433
458 8 458
464 8 464
475 100 475
483 71 483
509 6 509
517 52 517
545 78 545
549 89 549
552 40 552
553 90 553
558 53 558
565 71 565
570 38 570
578 77 578
591 74 591
592 63 592
612 10 612
618 61 618
627 39 627
639 45 639
658 7 666
667 33 676
670 4 692
680 51 714
689 66 716
691 95 723
698 8 725
718 16 726
729 53 736
733 9 745
759 79 769
761 38 783
762 69 800
770 23 805
787 100 807
789 95 822
822 43 829
825 79 837
837 68 858
839 5 862
853 45 872
854 24 873
859 28 875
863 54 880
885 60 885
888 54 891
896 82 896
911 63 911
915 85 915
935 85 935
936 53 958
952 51 960
955 86 962
960 53 965
984 92 984
991 12 991
996 27 996
999 36 999
