100 3960
91 18 8
67 10 5
18 90 4
32 21 3
26 14 6
38 71 0
79 66 5
9 77 7
35 39 4
88 92 6
65 67 3
41 92 0
53 95 3
93 76 7
46 62 8
35 6 6
89 50 4
29 36 0
32 93 0
91 27 0
94 85 0
30 83 7
75 5 2
86 29 4
71 23 6
54 22 4
18 17 6
67 43 0
9 72 0
21 70 0
26 68 7
2 6 2
79 85 0
97 31 0
87 51 4
47 33 4
80 89 6
70 9 7
91 92 3
81 90 3
24 58 0
62 73 4
43 93 8
84 26 2
56 49 5
73 77 6
59 37 4
19 4 7
26 29 7
6 1 7
30 51 7
82 4 3
47 39 0
68 5 4
38 49 7
43 92 1
7 65 4
94 92 8
5 93 4
24 75 2
90 10 7
32 62 5
54 71 8
67 57 5
19 50 0
5 73 4
97 59 2
42 36 1
60 90 8
91 4 7
75 56 1
50 51 2
6 46 0
82 95 0
58 88 7
29 39 7
53 11 2
43 26 6
58 12 6
19 55 6
74 89 7
88 90 5
87 63 4
97 1 8
27 59 6
43 36 7
84 32 6
16 92 6
97 26 5
21 74 2
86 47 1
23 52 8
98 63 4
37 64 8
30 80 2
76 61 7
13 94 1
52 77 7
99 13 1
5 19 1
27 44 6
22 61 0
69 3 2
74 93 4
88 30 6
12 61 1
45 18 8
29 81 6
98 6 5
23 66 8
34 53 0
15 98 0
51 55 3
72 38 7
7 29 4
75 29 3
54 80 5
11 21 0
29 40 1
38 1 0
73 89 6
80 34 5
48 80 7
50 49 4
6 67 0
75 13 8
30 15 5
35 62 8
15 5 4
1 91 3
36 83 3
100 16 0
75 35 8
70 39 0
48 47 7
80 56 6
77 99 1
29 85 8
90 26 2
15 8 0
91 81 0
59 24 4
91 64 6
37 50 0
97 18 8
62 40 6
3 32 5
65 59 3
92 40 2
86 23 3
57 100 5
73 69 0
62 100 1
76 80 2
76 20 6
7 90 6
1 59 0
63 17 8
1 19 0
54 35 3
62 30 0
93 64 1
100 30 0
59 71 8
68 45 5
29 10 6
43 35 6
19 88 6
28 66 3
61 79 3
47 83 8
51 88 7
31 13 6
67 44 8
79 5 2
14 100 0
73 72 5
93 90 0
33 60 1
30 70 7
11 35 3
43 32 0
15 97 4
14 63 5
26 61 0
18 15 5
36 34 2
99 28 3
46 86 8
27 37 1
92 83 0
77 26 6
79 15 1
19 2 8
33 14 7
31 52 4
66 78 0
41 47 3
60 96 8
57 19 6
76 12 1
4 57 1
90 38 1
100 24 8
13 83 7
15 95 1
50 63 7
37 98 6
79 69 6
70 49 4
75 42 3
85 74 1
9 95 7
78 44 0
36 87 4
53 67 4
46 100 1
75 12 8
43 99 7
84 43 8
3 100 5
8 23 3
28 6 1
46 40 6
46 95 1
21 22 2
27 76 1
69 49 1
10 3 1
92 51 6
96 14 0
97 34 0
26 2 8
62 52 7
13 90 5
42 67 0
16 58 5
18 21 2
56 37 1
1 49 0
57 33 1
25 47 6
60 74 6
27 1 1
100 13 6
91 25 2
31 44 0
2 42 1
63 23 4
20 23 0
9 80 5
76 83 1
16 11 8
48 78 8
55 87 3
85 56 4
70 23 8
86 69 1
59 23 7
4 10 0
44 18 3
57 66 2
76 36 1
49 37 1
85 76 3
48 31 8
83 77 8
64 55 5
13 73 0
28 73 0
12 17 1
9 38 1
66 91 8
88 22 4
26 35 8
55 38 8
36 72 3
97 16 6
66 10 5
96 97 2
35 50 4
44 66 8
26 94 3
44 55 5
48 15 0
83 16 2
31 39 0
29 89 3
7 98 7
61 98 0
85 33 4
19 43 7
74 30 8
29 15 3
78 35 1
45 69 1
88 18 4
28 89 4
64 60 7
2 93 5
55 24 0
37 89 3
1 94 6
45 51 2
14 32 0
83 78 8
17 48 7
6 59 2
86 95 1
41 36 3
71 14 3
83 84 7
67 84 8
97 99 2
63 77 1
8 95 0
68 16 7
56 57 2
55 16 1
79 12 1
86 94 7
68 56 0
99 53 6
98 17 3
6 54 4
45 53 4
96 61 6
67 46 4
73 25 0
89 53 5
33 2 0
88 87 2
9 7 0
19 99 2
39 61 4
100 58 0
77 79 1
25 87 8
77 37 1
75 7 4
69 24 0
77 47 6
65 48 0
74 70 5
67 27 6
59 53 3
74 31 6
41 46 7
89 93 6
1 81 8
84 82 7
96 29 4
9 81 4
65 19 8
9 18 1
63 79 2
49 14 7
1 22 7
63 33 1
51 90 5
89 58 2
82 71 1
42 74 4
30 37 4
34 14 5
86 70 5
57 84 4
39 25 0
95 30 5
36 57 2
46 76 8
53 93 8
57 85 7
12 78 0
18 36 7
21 59 2
51 57 5
49 81 1
90 75 3
51 18 2
74 11 4
61 1 1
37 97 2
89 4 7
41 77 2
32 66 6
71 13 1
62 92 1
59 12 3
34 44 5
78 57 5
71 41 5
91 5 0
40 31 3
100 59 5
69 52 1
77 3 3
43 59 2
84 8 0
91 96 8
3 34 3
66 24 8
94 48 8
35 88 6
62 33 8
14 99 7
1 37 3
62 28 2
42 59 7
96 41 3
58 60 0
17 84 5
40 4 0
87 81 3
80 69 3
34 22 5
74 34 0
95 73 0
88 95 1
96 11 1
46 75 4
79 92 7
4 55 8
64 100 1
53 41 8
21 43 2
36 15 1
68 86 8
99 60 6
35 37 2
50 70 7
11 26 2
55 92 2
72 88 1
95 57 7
29 32 1
95 75 2
81 92 8
31 34 0
44 5 7
88 42 1
32 71 2
45 86 8
63 52 5
28 21 4
27 81 7
81 73 3
65 9 3
52 25 0
14 80 4
69 70 4
37 9 3
38 100 5
30 46 2
93 45 0
22 70 0
27 99 7
50 78 0
39 45 2
95 59 7
28 53 8
24 19 1
68 35 3
38 4 4
88 6 7
55 36 8
52 15 8
16 90 5
49 21 3
88 29 7
2 68 8
2 70 8
64 21 0
43 51 2
3 2 1
85 53 2
16 63 5
49 67 1
56 96 8
33 29 7
3 97 4
76 10 6
19 74 4
50 32 3
92 18 5
33 95 2
58 87 1
67 20 0
58 31 6
16 82 2
73 80 4
10 25 5
64 65 8
53 81 1
60 46 5
30 56 5
31 64 5
2 15 2
90 61 5
88 40 4
44 36 1
33 83 3
74 4 1
42 13 1
82 97 6
40 61 8
23 72 3
5 32 0
86 1 6
36 70 6
10 99 7
6 53 7
75 20 7
16 71 0
14 11 3
50 99 8
60 65 8
41 61 6
16 17 4
20 61 1
64 10 8
77 81 1
45 76 0
50 46 8
98 65 2
4 23 8
55 54 7
34 85 1
78 40 0
78 92 8
64 26 2
79 80 1
12 39 3
3 91 4
6 48 5
75 43 5
36 66 1
27 4 2
49 82 3
100 36 6
94 57 3
10 27 7
7 86 6
69 62 5
5 8 0
28 37 2
49 41 7
14 1 2
50 20 5
70 17 5
31 57 2
19 93 1
19 10 0
49 4 1
68 64 7
67 23 7
99 91 1
87 26 3
31 14 2
96 81 1
26 8 5
85 92 6
88 56 3
53 55 8
77 57 8
98 85 0
25 48 2
65 77 8
19 91 6
99 89 1
45 19 2
22 83 2
37 94 3
55 68 1
81 18 1
52 11 3
97 66 1
20 71 5
91 41 4
40 56 5
75 82 2
87 86 2
21 35 8
86 53 5
29 38 8
44 52 4
52 37 2
77 66 3
66 80 3
48 5 3
46 63 6
37 16 8
12 63 7
26 93 0
6 89 7
24 13 3
71 75 2
85 72 4
36 11 7
80 39 6
37 87 8
15 86 1
75 26 8
8 46 3
87 73 2
46 53 3
18 22 5
93 55 0
28 84 5
87 89 7
71 42 7
86 98 7
3 36 2
88 21 2
23 65 4
54 77 5
11 80 3
33 32 7
20 48 6
35 100 1
2 82 7
30 10 0
53 15 6
9 67 6
17 56 4
38 63 2
66 1 1
74 53 1
41 70 8
56 3 6
20 46 7
16 96 2
73 17 6
31 88 0
18 24 4
4 62 6
53 36 5
89 77 8
15 26 5
8 21 2
19 12 0
84 74 7
91 93 4
20 65 5
63 5 1
25 80 3
54 67 3
63 86 6
24 44 1
55 46 8
21 7 0
33 79 7
82 40 3
91 55 4
97 13 8
72 4 1
92 73 7
53 100 4
83 68 2
19 44 7
6 81 4
78 51 0
20 45 6
18 99 3
86 35 6
86 75 8
43 41 2
32 44 7
71 29 8
70 78 6
51 27 4
33 31 5
68 9 6
35 36 4
52 87 1
8 65 3
25 74 7
32 69 4
31 96 6
40 53 2
47 44 6
83 64 7
25 78 8
41 3 6
62 5 7
9 5 4
61 94 5
9 20 5
46 22 5
96 3 1
97 57 4
61 63 6
87 96 8
87 72 8
47 68 4
71 96 3
14 84 7
37 84 1
36 14 0
35 74 4
97 52 0
39 8 7
40 28 6
86 43 5
60 69 5
39 15 5
17 47 3
71 52 0
47 99 0
38 40 5
41 73 5
3 20 8
25 1 1
76 84 6
50 98 0
52 56 2
26 5 7
14 94 3
50 97 5
44 26 3
25 46 1
89 92 3
40 26 8
5 28 5
67 70 3
87 76 3
2 86 7
77 35 1
26 49 4
36 56 0
65 49 1
68 4 4
52 9 1
94 82 6
12 38 0
32 96 3
99 79 1
4 51 7
23 85 0
70 28 4
17 40 7
38 27 8
92 65 7
44 41 4
90 58 2
43 38 3
90 84 0
24 25 6
1 67 7
18 72 4
96 2 5
48 14 8
78 4 1
93 38 0
80 68 6
89 67 4
31 18 1
52 42 2
81 55 2
68 98 7
5 87 6
87 11 5
57 72 1
61 37 5
49 11 0
77 15 6
85 43 1
29 100 4
42 69 5
19 28 8
99 20 1
62 55 1
50 91 6
100 23 5
42 97 1
43 34 0
36 82 1
73 37 3
41 59 8
2 60 7
64 15 8
9 93 0
54 21 3
71 92 4
89 15 6
52 79 3
27 52 8
66 86 1
32 64 1
7 37 2
80 6 7
85 100 5
55 50 8
7 22 8
26 71 0
57 39 6
4 5 0
56 51 5
5 84 0
6 92 4
30 73 2
89 2 6
27 41 2
91 61 8
27 55 8
98 96 7
4 34 6
98 82 5
82 13 5
41 48 4
50 39 6
91 60 4
86 85 1
80 10 1
50 81 1
38 68 3
12 25 2
30 69 5
90 85 4
70 53 6
28 71 4
93 83 8
70 7 7
83 42 4
88 59 8
31 2 0
34 64 5
36 88 6
16 19 2
37 90 2
28 59 0
16 48 2
70 60 7
47 40 8
31 51 1
27 93 1
51 65 4
70 38 2
22 11 4
100 47 5
65 53 8
2 14 7
95 54 6
91 59 7
79 58 5
50 21 7
83 37 7
59 30 3
71 67 4
74 5 4
76 58 5
70 1 6
23 2 1
53 32 0
18 7 0
100 76 8
65 58 3
29 17 3
3 15 3
45 63 3
69 90 5
93 15 5
18 19 5
88 11 4
19 13 2
62 81 4
46 80 5
32 63 2
72 76 5
19 75 3
23 50 1
50 75 6
42 57 4
84 61 0
41 79 1
17 9 2
70 54 8
94 67 5
2 46 8
32 19 8
10 98 7
65 24 5
61 71 4
96 9 4
85 5 3
73 21 2
83 10 5
49 20 0
22 29 7
91 31 8
23 37 3
17 6 7
26 56 4
80 97 3
88 10 0
37 67 4
61 44 0
44 3 4
21 9 8
24 67 1
99 29 7
46 24 3
82 46 3
22 44 3
54 60 5
58 9 5
38 36 4
60 67 5
9 26 3
31 81 2
48 67 6
23 12 7
87 64 4
7 48 6
85 88 8
74 28 6
47 54 4
89 95 1
5 13 2
55 41 3
14 97 1
70 33 5
42 61 3
36 75 6
80 43 5
47 81 8
6 68 5
18 5 2
49 27 7
70 91 0
60 94 5
69 74 3
35 19 8
51 91 1
74 37 3
18 60 7
58 39 1
93 1 6
5 23 0
77 88 1
29 34 2
72 100 5
88 45 1
19 21 8
12 94 1
90 59 6
51 72 7
61 60 7
82 31 5
17 94 3
71 83 7
56 73 7
49 46 0
99 32 6
33 84 7
13 81 6
65 39 8
81 51 0
97 32 8
28 86 8
27 9 6
79 55 8
73 40 0
30 81 4
31 78 4
69 77 0
77 8 5
17 99 5
29 35 2
94 79 7
55 37 7
18 59 2
33 76 8
49 12 8
55 45 2
14 45 8
18 85 8
70 94 2
1 16 5
76 30 6
83 43 7
84 35 3
59 81 4
42 17 5
38 34 0
76 25 6
80 100 0
14 56 2
91 40 4
41 32 2
82 96 0
100 48 0
71 53 7
69 44 0
19 95 0
33 77 8
27 70 0
10 85 1
29 82 8
87 91 0
51 59 3
20 39 8
93 31 4
33 49 1
44 45 6
65 17 6
93 39 6
75 94 7
29 49 4
19 92 6
91 46 6
23 43 6
27 89 3
96 7 4
81 46 8
13 68 4
29 62 4
78 46 0
90 24 3
55 71 3
78 36 4
67 8 1
24 5 5
92 12 2
6 29 0
32 40 4
95 40 8
74 55 1
21 98 4
28 38 8
74 79 3
10 70 5
94 54 7
56 38 7
24 34 1
32 1 5
25 27 8
66 34 1
58 63 1
88 98 3
8 29 4
74 99 3
38 61 2
89 66 5
67 66 2
16 72 7
31 25 7
70 31 0
6 76 7
69 19 7
95 43 6
17 82 2
92 39 7
75 38 6
46 79 2
34 91 5
65 93 1
100 75 0
18 75 0
17 87 7
52 13 5
74 56 1
59 31 3
8 56 0
56 21 6
66 15 3
45 70 8
33 26 7
29 24 2
62 36 6
59 79 1
40 68 0
59 92 2
83 72 5
48 27 4
26 76 5
45 99 4
18 73 6
68 76 0
48 85 7
75 25 0
11 89 2
40 1 6
42 62 2
82 79 1
78 13 6
83 45 4
77 86 4
48 18 4
91 9 7
63 21 7
70 58 8
33 73 7
57 63 5
6 72 8
21 4 2
76 24 3
63 25 5
29 77 5
40 44 1
61 92 6
59 49 3
74 27 3
10 26 8
67 92 5
78 37 2
100 9 7
28 65 7
44 79 8
24 23 2
30 9 0
46 14 2
83 59 0
66 55 8
24 32 5
2 83 1
57 24 6
25 58 0
79 40 6
23 87 6
34 30 7
13 76 7
48 84 7
91 21 6
54 63 2
84 68 0
25 20 5
100 97 3
76 66 4
82 64 5
54 52 8
96 79 7
92 23 0
37 53 6
75 55 8
48 92 0
44 14 1
69 92 8
42 12 3
17 72 3
86 92 4
22 33 2
54 74 7
61 17 0
11 92 1
21 61 4
25 17 3
74 48 5
16 74 2
64 53 8
42 24 5
18 56 5
64 39 6
30 20 3
98 42 1
79 39 0
13 74 7
31 35 7
43 74 1
80 32 3
31 15 0
92 25 6
22 79 4
84 36 6
66 69 6
78 1 2
72 30 7
64 97 1
89 43 0
89 10 8
64 7 1
78 32 1
68 7 0
50 54 5
62 74 6
62 87 7
50 22 4
41 33 2
65 73 4
39 14 5
78 58 8
71 48 5
26 42 8
43 15 1
81 48 4
88 5 2
38 73 6
79 71 8
18 40 6
77 98 8
45 33 2
4 31 3
99 6 4
68 23 3
24 99 3
59 60 4
76 79 3
31 62 5
53 26 0
38 17 6
77 55 2
39 17 0
65 50 7
53 52 1
95 77 3
5 46 8
22 84 1
26 51 2
98 33 1
51 19 0
31 5 4
73 42 3
42 37 0
8 6 4
27 34 4
51 71 3
44 43 7
61 47 7
80 28 6
9 43 0
68 67 6
38 78 7
90 4 1
32 46 6
22 40 4
76 91 5
83 11 5
3 14 7
80 8 6
21 67 8
92 63 8
71 19 6
64 89 8
93 79 3
17 91 6
91 100 2
71 46 5
15 90 8
13 91 4
63 75 5
46 36 6
84 25 7
60 79 5
13 77 6
3 86 1
100 61 0
95 7 2
54 10 4
87 24 0
33 75 0
91 37 6
19 46 7
1 51 6
4 76 8
31 55 2
50 58 0
42 14 0
26 81 7
15 9 6
39 84 4
61 62 3
81 61 8
17 53 6
19 84 0
83 94 0
7 10 8
84 13 5
96 88 3
51 40 5
94 45 4
3 62 0
20 44 6
15 4 1
18 14 8
15 60 5
27 7 6
35 22 7
60 38 6
78 79 5
31 61 3
44 42 5
90 77 7
22 27 0
20 24 3
55 40 8
49 74 5
73 29 4
57 43 6
58 92 6
7 63 7
94 78 0
76 62 4
94 11 7
5 37 7
95 3 8
15 21 3
49 2 7
80 74 7
76 78 8
65 30 2
83 9 4
20 32 6
52 18 3
36 64 8
90 74 5
61 10 5
2 58 8
96 39 4
90 3 4
21 34 3
96 74 1
31 20 5
57 37 2
53 75 4
58 43 5
4 12 0
45 95 1
41 72 0
69 8 8
100 34 2
33 65 0
6 74 8
93 24 5
13 67 2
94 81 3
92 7 2
12 57 8
98 84 0
96 78 6
74 3 2
62 21 5
99 73 4
6 77 3
7 6 3
43 6 5
53 98 8
68 24 7
21 23 8
26 95 5
26 41 1
87 27 0
8 32 6
74 51 8
23 18 3
1 88 5
73 19 2
61 57 4
43 81 2
67 30 3
62 66 4
74 52 3
68 46 4
36 27 3
9 54 5
62 63 4
67 82 6
43 33 6
84 54 0
15 87 2
85 63 0
29 11 1
50 38 7
70 51 8
55 63 2
81 40 0
80 72 3
80 53 2
81 67 8
57 15 4
83 52 0
69 78 5
7 67 1
31 46 6
2 39 8
58 98 3
99 83 0
68 89 6
23 56 0
37 82 3
11 47 0
77 19 0
49 25 5
57 65 8
1 95 6
24 41 0
39 22 1
79 87 7
55 29 7
66 9 1
53 90 5
34 87 4
12 14 2
69 63 2
75 39 8
86 65 1
54 37 2
98 87 8
5 52 0
48 45 1
21 44 5
26 91 1
94 20 5
35 90 0
17 52 7
12 6 0
87 40 8
90 71 7
42 70 0
27 6 0
31 26 8
100 98 7
67 52 4
16 8 8
50 61 3
100 88 5
74 17 7
62 47 5
8 99 5
53 50 6
15 46 7
35 16 4
90 28 7
28 87 6
9 29 6
39 36 2
20 27 8
93 4 2
95 94 4
32 61 4
53 19 2
77 48 3
60 9 3
92 10 2
96 80 2
7 81 3
47 65 6
9 1 7
45 81 5
51 89 0
60 53 5
37 2 8
67 86 8
57 48 4
33 89 4
50 79 6
88 78 1
27 39 7
94 40 7
9 6 1
65 96 3
25 16 1
96 83 2
91 14 0
30 36 8
50 4 6
42 40 5
20 4 6
56 4 4
35 51 5
71 24 6
52 94 3
52 14 1
45 40 1
74 50 3
38 66 8
82 62 1
5 58 3
40 12 2
24 54 5
51 12 6
82 61 8
50 34 2
61 11 3
55 8 8
90 63 4
68 70 2
15 62 6
4 73 4
86 12 3
22 74 8
72 95 3
27 64 4
76 19 7
12 34 3
60 73 1
3 70 2
80 33 5
72 19 0
75 32 3
65 32 2
93 66 8
22 72 8
52 29 8
81 20 4
26 58 2
62 85 7
93 16 5
89 88 8
63 80 7
11 9 8
76 71 8
46 77 5
28 72 1
76 75 7
22 59 7
40 90 3
28 63 4
58 10 5
99 46 0
52 99 6
44 89 7
99 68 5
15 92 5
49 89 5
52 86 6
7 91 4
58 69 1
76 82 0
46 65 8
86 32 0
2 67 5
4 39 4
42 51 6
39 85 3
52 46 6
11 12 4
64 41 7
68 69 1
24 91 7
25 51 5
28 3 0
33 23 5
13 27 3
97 30 1
97 21 0
42 47 0
96 70 0
84 92 4
60 4 3
54 19 8
90 78 4
100 54 6
47 82 0
45 29 2
32 27 0
67 74 8
13 98 2
54 29 5
49 99 3
12 87 3
90 52 3
23 48 8
53 48 1
86 9 0
83 57 7
26 73 8
38 81 5
100 27 0
65 71 3
45 54 1
51 75 5
52 82 6
8 34 0
1 24 1
49 91 4
61 88 0
55 78 7
78 5 7
83 38 1
76 14 6
18 79 3
22 43 2
14 27 3
24 15 5
79 56 8
47 18 1
5 42 2
7 3 2
92 32 2
73 90 1
62 27 5
64 29 8
3 82 8
6 10 1
63 41 4
24 92 6
81 2 8
95 11 5
2 16 8
35 56 5
86 96 7
100 43 3
40 2 6
97 65 0
99 25 8
78 64 5
86 91 7
22 65 4
59 57 3
72 77 7
79 97 0
39 23 5
34 84 8
27 65 8
24 83 1
18 77 8
95 66 4
13 32 5
16 44 3
63 29 0
33 71 3
42 54 1
41 28 0
26 13 5
58 17 4
16 41 3
34 82 2
83 90 6
32 90 8
20 97 3
89 46 4
95 69 2
55 7 2
46 12 8
34 99 8
85 51 6
60 44 0
52 98 1
75 8 8
41 54 6
3 29 3
85 27 1
34 78 2
66 2 2
64 22 0
4 100 8
85 32 8
63 89 1
53 20 0
10 15 2
44 77 0
80 58 5
27 42 6
64 95 4
29 25 8
14 72 0
18 54 2
60 72 5
82 57 3
73 98 7
97 2 0
27 56 5
52 1 4
62 2 3
95 49 1
81 5 4
41 82 1
65 25 4
2 45 3
41 74 1
58 4 8
40 7 5
46 1 1
5 94 8
8 70 6
29 4 6
14 58 4
51 97 8
91 79 1
88 70 3
98 5 2
65 89 1
62 51 7
47 55 0
19 82 6
5 7 0
80 18 4
31 76 8
76 38 8
86 62 8
15 49 0
7 51 6
5 92 6
1 10 0
62 99 4
6 47 8
12 22 2
83 85 3
57 92 6
36 13 8
55 90 4
85 93 5
70 24 2
53 27 6
48 1 8
14 23 1
65 3 0
82 70 5
55 80 7
40 97 0
31 89 3
16 61 3
31 17 0
98 43 1
67 26 8
12 41 2
100 89 5
71 43 0
47 88 0
4 54 7
38 11 6
39 67 7
22 41 3
70 83 0
40 43 4
97 43 0
87 41 3
35 81 5
11 48 0
56 82 5
92 60 0
21 13 5
62 12 0
6 25 2
71 39 4
9 12 2
68 17 2
94 7 0
35 8 5
4 28 6
16 38 4
30 28 6
41 35 1
74 72 8
8 76 1
58 13 3
90 99 3
47 73 8
42 39 8
28 29 3
14 92 7
18 98 5
49 60 2
95 85 3
17 100 7
89 90 1
36 79 0
20 100 2
98 8 5
52 36 4
57 21 8
86 89 1
31 27 3
97 78 7
84 66 3
38 69 8
45 1 8
55 33 3
69 25 3
12 77 3
97 60 4
2 87 6
17 55 4
24 9 7
95 78 1
9 69 4
7 14 3
42 41 5
90 5 3
53 9 6
62 64 2
40 39 2
35 5 7
54 36 5
29 90 2
23 44 5
5 29 7
90 30 2
60 52 6
41 81 3
28 64 6
26 4 5
74 78 1
67 28 7
51 29 2
1 74 2
91 45 7
34 17 8
52 50 3
70 79 2
86 58 5
67 5 5
34 55 4
44 64 5
92 26 4
70 48 8
51 60 2
91 42 7
48 75 2
62 19 0
68 22 3
71 89 1
22 78 8
64 66 1
95 34 4
14 77 6
17 19 0
97 63 4
41 37 8
24 6 2
7 66 3
51 100 7
39 94 6
83 66 0
91 2 7
69 15 6
54 48 5
65 38 2
39 86 8
56 67 4
12 65 4
1 13 1
13 45 1
32 79 4
74 2 2
93 71 2
42 28 6
86 33 8
49 18 8
40 14 1
9 36 1
34 37 7
63 72 3
82 66 7
49 3 3
62 96 6
6 82 7
27 33 4
88 68 8
23 77 7
35 34 6
17 22 1
7 69 4
30 55 7
62 25 6
36 86 5
7 56 1
17 50 7
52 49 6
28 39 4
66 48 1
35 92 8
14 20 6
69 54 1
86 26 7
18 93 4
41 57 5
48 93 6
50 59 1
78 17 3
28 26 5
10 31 6
1 43 8
89 47 5
36 8 2
50 85 0
77 96 7
65 81 2
6 70 1
37 93 3
37 19 0
33 10 0
75 49 2
72 75 0
96 35 3
33 4 6
7 26 0
15 56 5
57 5 6
56 64 4
34 69 0
77 84 6
79 4 1
63 11 0
62 23 0
18 12 6
48 59 5
47 95 2
64 12 4
6 23 3
81 76 0
66 20 6
14 43 7
23 81 8
90 66 6
37 36 7
53 23 3
78 75 5
32 9 0
5 12 2
30 92 1
35 80 6
20 11 0
64 79 5
82 93 3
31 37 5
45 42 2
26 23 6
75 10 7
26 57 5
56 77 6
3 25 6
90 57 8
70 93 7
65 5 1
16 42 7
99 23 0
16 27 0
87 46 2
17 36 5
95 18 2
76 59 1
88 9 6
89 22 4
13 10 5
100 96 2
2 75 3
65 41 8
17 93 7
69 10 7
77 7 7
18 35 8
28 93 1
54 20 4
5 86 1
23 46 1
40 35 5
41 97 8
7 80 0
24 80 3
98 48 2
84 52 4
84 69 0
82 85 3
83 8 1
59 55 7
52 41 3
78 65 2
58 52 7
81 99 5
18 55 1
39 53 6
53 7 5
85 2 4
65 1 2
27 29 5
20 19 8
25 26 5
71 49 0
11 34 2
14 78 0
75 58 4
9 85 8
34 70 0
99 70 7
45 89 3
53 22 3
49 73 5
67 83 1
97 69 4
13 17 6
51 67 0
33 37 1
85 47 0
93 50 8
98 57 6
6 52 6
43 90 1
12 44 7
19 98 5
62 95 1
36 20 5
62 90 8
14 89 4
90 48 0
16 88 3
42 85 8
8 64 7
40 83 7
73 94 4
78 86 2
45 62 7
46 38 1
10 21 7
70 40 5
62 75 0
45 85 0
77 76 2
8 82 4
19 78 6
39 48 3
42 79 8
47 56 1
77 20 2
76 49 7
26 99 7
9 44 8
8 2 5
63 84 7
25 85 3
71 57 2
18 84 6
46 54 3
2 95 8
71 21 7
37 69 7
3 35 5
83 81 1
9 4 2
6 37 4
56 83 6
60 7 8
3 27 2
14 90 6
45 36 0
6 39 2
60 76 4
16 36 0
99 93 0
29 48 4
10 84 2
70 26 5
59 62 3
53 66 8
7 72 0
19 36 7
22 92 0
11 78 8
43 37 4
13 55 0
41 95 5
36 32 6
14 79 7
22 63 2
89 26 1
68 62 8
97 54 1
35 45 3
8 30 8
17 33 1
97 77 7
38 42 0
47 78 1
33 40 7
34 75 6
4 43 8
47 66 1
47 4 2
79 31 4
79 30 0
81 4 1
13 43 8
61 83 4
9 51 0
81 79 4
68 36 0
88 26 1
25 82 2
90 91 5
74 65 1
66 5 8
11 17 7
89 98 2
40 15 3
24 84 0
2 4 7
16 98 8
87 22 0
64 99 8
67 96 4
98 3 0
9 28 3
3 64 0
18 29 8
85 69 8
100 11 7
52 78 0
32 72 6
35 67 0
61 73 2
12 67 8
96 76 7
47 21 0
91 11 5
75 44 1
3 93 0
61 19 1
60 100 6
60 87 5
4 94 1
90 92 2
80 47 2
58 18 1
36 49 0
22 19 6
71 66 2
93 62 2
19 14 0
41 10 3
3 55 3
34 77 0
66 41 1
79 1 8
9 40 3
80 60 6
93 61 6
4 48 0
28 61 0
31 92 5
38 20 7
4 65 7
89 78 2
79 24 6
96 45 8
97 45 6
11 4 0
53 96 7
89 62 6
25 22 5
92 82 6
66 58 0
84 87 8
81 68 2
55 20 7
1 60 5
2 43 8
36 7 7
4 45 6
73 14 8
43 87 7
52 72 7
78 33 3
80 16 6
8 20 2
82 14 7
10 16 8
7 45 0
5 36 1
25 21 6
25 71 1
73 54 1
35 7 2
92 95 4
93 6 6
95 10 2
76 65 4
37 95 2
55 12 0
12 53 6
52 75 3
1 23 0
89 69 5
31 98 6
62 72 1
97 53 1
57 96 8
26 18 2
12 91 2
68 95 1
57 73 6
68 27 6
96 50 4
24 98 2
14 93 3
95 31 5
13 4 3
61 6 5
25 72 8
46 73 8
10 36 2
96 55 1
30 43 5
19 87 8
4 42 4
20 57 0
26 47 2
37 96 3
89 91 8
25 33 6
98 20 2
94 64 4
24 10 5
7 85 7
99 71 0
6 22 0
95 83 6
39 68 3
21 76 2
28 34 3
67 69 7
74 59 8
94 98 4
18 63 0
79 95 1
25 57 4
56 58 2
48 2 5
68 20 1
73 88 8
87 32 5
13 72 4
56 22 7
31 68 8
9 78 1
5 76 8
54 25 2
95 80 2
25 59 5
82 99 4
80 94 4
10 43 3
16 89 7
56 6 6
55 49 4
7 4 7
76 98 5
82 74 0
42 86 8
37 80 3
62 7 1
91 65 0
21 51 5
94 22 5
46 90 5
51 79 3
8 1 4
25 100 5
62 97 6
8 59 6
9 47 8
14 37 4
87 50 4
92 47 0
34 7 5
97 5 0
8 51 8
81 32 3
92 76 0
4 61 7
90 80 8
51 76 1
24 73 0
71 85 0
43 7 2
91 98 6
75 41 8
56 31 2
67 75 4
28 56 5
49 86 3
51 23 2
68 71 7
81 74 5
33 46 5
27 77 6
48 83 8
52 100 6
12 26 4
37 85 7
94 44 7
90 33 8
5 51 6
46 97 6
81 8 6
20 95 8
12 89 3
74 46 0
1 2 6
54 12 4
77 74 7
25 35 6
21 87 6
31 7 3
94 30 0
80 12 0
2 5 6
35 55 6
56 44 3
96 40 6
55 86 6
9 23 8
54 11 3
92 100 2
8 91 0
89 48 8
23 76 5
60 20 3
81 17 3
72 69 7
46 93 0
28 14 8
77 82 4
63 6 5
24 52 1
37 72 2
62 10 1
14 16 7
3 8 3
5 83 2
11 24 3
66 50 5
9 59 8
79 45 6
69 75 0
85 73 8
96 36 6
43 12 5
69 26 4
4 59 2
52 16 6
64 1 2
68 78 8
60 16 6
95 24 8
67 34 2
46 21 8
38 58 0
54 40 2
20 37 5
2 47 3
94 43 6
67 85 6
68 75 2
56 93 4
10 12 3
97 19 1
52 48 7
69 51 0
14 95 7
28 24 4
18 89 6
40 57 5
43 11 2
17 30 6
18 32 2
15 50 8
24 72 1
98 70 7
76 18 2
40 80 3
48 19 5
100 6 7
45 38 8
85 16 6
50 41 7
65 90 3
56 65 1
55 85 5
31 19 0
14 66 8
35 12 6
100 63 0
24 31 8
18 53 7
26 78 2
91 35 0
52 73 5
58 1 6
12 47 5
66 85 0
50 71 4
69 94 5
69 2 2
48 49 4
9 97 2
6 15 6
50 42 6
9 82 2
80 29 0
95 58 6
34 94 7
79 83 3
59 7 3
75 17 0
36 98 7
77 58 6
43 18 6
35 28 1
1 69 4
95 29 5
9 92 4
51 41 1
22 24 1
53 16 6
29 47 5
89 3 1
54 27 5
24 33 0
26 52 1
2 21 7
20 69 2
71 11 3
6 18 6
30 61 4
90 56 7
51 33 5
49 32 5
49 68 7
33 53 6
71 31 1
3 78 5
97 22 5
13 16 4
29 43 0
5 60 7
96 95 1
20 56 7
88 53 7
87 30 1
10 79 7
44 54 4
16 30 4
43 96 1
86 30 5
94 51 7
35 17 3
48 26 3
56 98 0
87 20 2
38 88 0
63 70 3
44 76 6
58 20 7
85 8 0
22 69 4
46 16 0
20 86 7
100 37 6
80 85 3
34 46 6
60 83 8
9 22 4
40 71 4
40 74 1
31 84 5
47 57 2
83 69 5
64 92 0
6 31 0
41 94 8
22 13 7
32 38 0
23 90 4
41 1 7
85 91 8
52 2 7
32 88 1
71 95 2
56 16 4
23 69 7
32 98 4
78 100 8
97 91 3
89 23 6
33 74 6
24 82 4
37 29 0
2 77 4
87 94 0
35 93 8
14 98 5
68 41 5
69 13 5
67 14 1
81 57 4
42 19 1
40 30 5
68 74 4
22 28 6
53 49 1
97 98 7
100 94 2
65 2 5
55 99 5
23 15 8
95 56 6
45 77 8
33 15 4
86 10 0
97 88 6
54 39 7
77 21 5
42 11 1
59 35 8
8 63 7
99 11 5
56 84 5
40 19 7
68 57 4
99 36 6
38 30 7
49 5 2
1 92 1
30 47 4
76 89 2
18 50 6
100 84 8
42 33 6
100 41 1
22 37 0
49 6 2
55 11 4
64 5 4
6 73 4
100 56 7
57 79 2
33 20 7
54 13 2
41 98 2
45 80 2
11 5 8
86 76 6
14 57 1
64 42 4
59 73 2
25 43 1
88 4 1
22 99 3
38 82 5
77 93 3
48 99 2
5 53 7
13 59 5
14 70 6
24 53 3
72 44 8
41 99 2
8 57 2
52 92 1
54 34 0
24 17 8
74 95 7
14 86 6
2 18 0
79 3 1
1 89 1
79 67 0
13 50 2
97 38 8
33 39 8
22 75 2
64 33 3
69 35 3
47 94 5
96 23 3
49 97 7
51 82 6
100 44 1
80 99 1
17 7 3
81 89 0
49 35 2
97 93 0
32 70 7
94 91 3
32 55 1
87 61 1
98 39 7
54 96 6
13 63 5
45 60 0
70 25 1
16 24 3
1 80 2
5 96 6
85 61 6
100 71 0
13 3 7
17 44 6
59 26 2
39 82 1
5 69 8
94 93 2
1 71 0
68 54 5
96 10 1
21 83 4
4 24 3
62 14 7
6 91 0
39 97 5
56 45 5
28 82 5
92 72 5
27 23 4
21 41 8
92 29 7
39 1 4
62 88 6
61 67 3
42 34 3
43 60 7
19 90 3
30 78 3
61 51 5
13 35 2
73 39 6
15 32 0
12 13 1
49 78 3
72 89 3
9 64 7
59 75 8
64 96 8
88 34 7
82 20 7
10 97 1
33 18 2
21 30 4
69 65 1
91 16 0
3 73 1
95 90 5
5 43 7
93 33 3
44 8 0
47 67 0
63 31 3
80 86 6
92 4 2
83 7 2
18 30 6
76 7 4
9 45 7
38 33 5
88 37 0
24 86 4
70 43 7
27 43 0
78 6 3
56 69 3
33 11 1
76 3 3
93 63 4
10 73 2
8 71 5
53 94 3
13 30 8
94 38 8
24 89 6
60 27 7
93 100 4
3 40 0
87 75 4
95 63 2
92 20 4
64 74 5
50 28 7
63 2 7
45 32 5
32 26 5
99 2 4
45 28 0
25 95 8
100 40 3
35 57 5
30 4 8
79 21 5
93 73 4
98 12 4
4 16 6
10 48 7
30 1 3
76 88 0
58 96 7
95 27 0
20 5 5
78 16 1
22 82 8
18 41 7
99 54 1
62 70 1
56 70 2
77 80 7
29 83 0
9 42 6
24 85 5
87 90 5
67 41 2
34 6 8
52 68 1
97 27 0
96 6 3
11 60 3
64 17 2
89 70 1
48 44 6
73 43 7
38 19 3
39 52 3
1 12 4
80 98 4
55 98 8
74 58 8
99 40 0
16 31 2
80 31 2
35 58 2
8 37 3
56 12 0
48 88 5
3 85 5
55 83 1
79 100 7
50 27 5
10 9 5
64 14 4
15 91 3
26 100 4
35 65 2
96 63 4
31 53 8
43 66 8
10 57 6
15 19 5
98 75 1
93 29 0
87 47 6
53 79 7
4 63 5
80 44 7
78 54 4
43 54 4
51 2 1
32 54 7
4 77 5
15 100 3
1 7 1
42 72 0
60 48 1
45 59 4
68 33 6
77 53 2
58 47 3
50 25 2
18 64 0
76 28 7
96 12 2
68 19 6
93 72 1
6 36 7
38 59 8
58 42 8
1 35 8
64 76 7
39 63 4
68 48 4
12 83 6
31 60 3
37 10 1
6 5 4
10 42 8
41 34 7
52 10 3
100 1 4
87 97 8
23 75 3
54 89 4
8 53 2
46 61 1
39 74 1
54 91 5
92 74 4
59 10 8
91 71 2
45 61 4
87 95 2
6 13 8
70 15 5
85 49 2
73 50 1
60 36 2
76 53 0
53 47 4
58 67 5
14 22 1
84 27 3
30 27 8
12 29 1
7 50 0
68 77 3
94 36 2
17 83 6
48 12 1
52 91 4
89 8 1
54 59 8
61 59 1
70 85 8
13 95 3
25 90 2
87 9 4
20 29 5
19 26 6
62 8 3
76 50 8
98 34 5
34 72 2
73 9 6
39 90 5
45 11 4
49 90 0
100 22 6
81 25 4
13 28 3
31 90 6
78 21 7
1 15 4
96 21 0
12 81 0
72 71 7
63 74 5
75 14 0
17 69 6
2 61 2
98 26 5
47 52 4
26 54 7
1 17 7
61 75 0
26 17 6
66 46 5
41 78 0
33 34 7
65 100 0
30 39 7
59 87 7
69 61 0
23 3 7
27 17 5
35 63 6
66 63 2
37 58 8
57 60 0
65 70 5
67 33 8
64 48 2
34 10 5
58 41 5
4 44 5
46 98 7
34 5 4
35 46 7
59 46 8
95 22 6
61 43 3
20 59 1
35 23 4
97 36 8
43 56 6
2 24 0
94 46 5
24 3 6
48 62 6
39 89 0
15 82 6
43 48 7
44 88 7
81 16 1
82 44 7
88 55 7
43 52 3
45 8 0
45 5 2
49 80 1
40 5 8
32 100 8
22 73 1
79 7 2
24 81 6
22 57 3
93 40 2
93 8 1
38 77 1
58 53 7
10 77 0
55 2 3
2 11 0
71 63 2
51 11 0
88 86 8
54 58 0
18 34 2
37 47 6
49 72 1
71 97 4
39 26 5
84 85 0
28 79 3
59 34 1
38 2 0
27 24 1
72 96 0
84 89 2
23 95 2
66 61 2
35 72 4
57 80 8
86 51 6
94 66 2
12 32 3
42 18 0
21 1 8
21 92 7
29 50 5
50 6 3
94 84 6
88 33 4
62 6 6
48 51 4
25 9 7
90 97 3
49 79 6
71 80 7
20 26 4
70 84 4
16 87 4
5 100 3
55 1 7
12 36 0
64 24 2
49 96 2
68 93 8
23 64 5
3 31 4
50 83 7
96 68 8
84 88 8
14 21 2
35 27 2
17 67 3
66 98 3
1 44 7
90 54 2
98 9 8
99 1 7
88 74 7
12 74 2
68 29 7
14 50 1
25 19 3
53 44 1
71 78 5
7 13 3
75 40 5
26 74 1
73 20 3
78 62 8
70 97 3
79 88 4
59 69 1
76 63 1
18 65 0
57 54 8
55 89 0
44 70 2
84 11 2
6 75 8
48 61 4
100 55 8
76 2 5
24 36 8
26 36 4
73 86 6
39 91 6
45 73 1
80 21 3
75 73 0
87 83 4
13 14 6
87 1 6
94 8 4
47 36 6
90 47 0
71 3 0
61 68 1
66 4 7
41 17 6
21 53 2
61 74 8
70 81 0
57 53 8
9 46 0
96 52 6
20 6 1
42 68 3
57 23 3
86 100 8
38 21 2
61 86 6
1 18 0
86 37 1
66 96 5
23 93 0
21 37 3
29 78 1
80 51 6
67 88 5
43 55 1
34 73 0
87 80 1
46 84 1
5 72 3
79 73 4
44 99 4
82 33 2
95 93 5
18 37 3
91 82 3
6 57 1
30 75 4
3 53 0
56 11 2
45 15 2
45 72 6
98 54 6
100 82 2
85 13 0
33 3 5
85 35 6
92 56 7
57 74 8
3 1 3
28 12 1
6 69 8
55 61 3
8 11 6
84 62 6
48 40 1
10 63 0
92 36 4
4 3 6
4 52 1
88 57 8
11 50 1
100 67 8
29 67 4
65 85 6
55 56 2
56 50 1
2 59 3
35 83 5
24 97 5
20 70 7
19 67 1
85 22 1
56 59 4
27 83 5
85 97 4
75 83 1
47 24 7
66 92 7
13 61 3
15 71 0
67 45 4
62 49 7
67 50 3
89 56 3
44 65 8
100 33 7
50 64 0
100 45 8
53 72 8
69 11 8
44 35 0
60 84 3
42 76 3
91 47 4
48 36 5
66 30 4
21 55 5
40 10 5
14 74 0
63 49 6
47 72 6
26 55 2
81 72 2
35 9 7
91 68 1
93 78 0
30 84 6
85 21 4
35 42 6
74 9 6
15 7 4
65 16 7
13 66 0
87 45 2
16 64 1
59 70 7
35 48 5
92 46 3
89 35 0
34 79 1
48 73 4
28 81 2
54 2 1
10 81 8
6 41 6
25 13 4
71 62 7
23 54 3
14 10 3
77 91 1
3 59 1
9 13 7
76 97 2
17 96 2
26 83 5
62 18 0
65 62 5
71 84 8
29 30 7
96 24 7
16 62 1
91 30 5
26 6 6
40 23 3
29 58 6
46 28 6
58 57 8
89 59 8
44 25 6
94 59 1
24 12 0
30 85 1
72 78 0
64 88 3
3 17 2
44 59 1
76 95 0
94 2 2
98 30 0
68 65 1
27 69 1
23 42 2
96 1 8
16 73 8
10 94 4
89 82 1
23 60 3
9 90 4
98 59 0
42 49 8
17 5 5
92 44 1
73 91 0
12 52 7
12 30 3
94 97 8
37 81 3
46 3 7
21 52 4
42 7 6
94 3 7
79 23 3
99 7 0
28 78 5
13 23 1
45 12 3
84 65 2
21 75 3
84 23 5
42 93 7
96 75 6
67 11 0
11 25 5
21 27 7
51 15 4
68 12 4
4 67 8
39 37 4
75 74 1
53 87 6
33 7 8
74 23 5
88 24 3
89 34 2
75 84 2
94 31 7
43 72 4
83 89 7
30 23 3
57 28 0
6 19 1
42 92 6
95 61 0
29 19 2
99 59 3
12 70 8
20 12 0
48 63 7
83 86 0
43 28 5
74 20 4
100 99 3
47 45 6
73 55 7
70 35 5
97 25 1
97 75 8
47 43 4
7 32 0
36 28 0
99 9 5
59 67 5
64 58 5
25 36 5
51 28 0
83 63 7
97 67 6
82 23 3
37 99 7
45 64 1
97 11 1
42 3 2
45 74 6
100 19 8
44 73 7
36 93 2
88 28 0
43 16 2
39 9 4
45 71 7
20 89 0
49 64 4
52 45 2
5 55 8
7 100 0
96 25 6
71 74 6
44 87 8
32 73 2
42 30 6
64 77 1
48 37 5
59 63 7
40 98 6
3 87 1
92 45 5
83 32 5
92 70 4
74 10 2
51 44 4
10 28 2
70 80 7
98 92 4
73 78 1
6 97 7
51 53 3
14 4 0
76 29 2
48 50 5
23 45 8
14 65 8
33 36 2
13 18 3
52 76 5
11 57 4
79 84 5
100 42 4
8 4 4
21 36 8
93 75 5
56 91 2
85 60 1
30 64 6
86 17 6
22 23 5
4 84 2
40 25 6
44 97 0
47 35 0
72 58 1
21 95 1
2 28 3
87 54 2
58 59 3
22 90 6
65 83 6
35 2 7
54 49 5
46 85 2
47 64 1
1 5 4
62 39 7
13 37 0
15 12 7
47 14 5
9 8 4
78 24 0
19 30 8
100 66 8
34 62 0
45 49 7
42 60 6
68 30 2
55 82 0
58 33 4
39 24 2
73 58 3
6 11 4
98 81 5
59 80 2
2 50 1
68 10 2
49 57 6
96 51 6
100 28 7
91 57 8
54 5 2
86 71 8
24 49 3
45 16 2
83 41 6
95 60 8
77 43 6
36 90 0
16 3 7
37 45 6
75 47 0
34 2 3
91 83 0
3 12 1
55 28 5
7 93 8
47 3 5
56 66 4
71 47 0
50 94 8
29 57 6
93 54 0
75 77 0
74 73 8
73 96 7
60 66 6
64 71 2
50 100 7
34 39 0
90 64 1
94 24 5
78 87 1
62 53 1
60 37 6
38 92 4
3 83 8
34 65 8
92 80 7
33 13 8
19 11 4
89 9 1
39 76 4
68 73 4
36 2 6
8 50 8
65 45 7
49 28 5
38 22 0
33 66 4
74 94 8
23 78 4
28 95 8
84 53 3
64 35 3
8 22 8
81 33 7
17 20 8
1 76 2
27 80 6
32 52 3
48 30 3
7 47 4
40 76 5
62 50 5
22 42 2
82 69 2
40 86 7
1 53 0
23 88 2
13 49 6
14 15 4
39 16 6
54 8 1
98 25 5
75 15 1
83 34 7
39 13 3
72 33 1
58 83 2
82 86 5
80 19 2
38 95 2
40 16 2
6 3 3
16 57 1
32 4 7
77 32 7
30 99 1
33 99 5
91 36 2
19 59 4
52 64 4
71 10 1
34 45 8
78 77 6
6 44 2
98 29 2
77 1 6
10 47 6
79 2 6
99 31 2
28 31 3
63 99 6
41 15 3
63 3 7
82 18 3
17 66 5
49 98 0
49 100 7
20 93 5
59 77 1
46 7 7
66 26 1
87 66 2
40 21 6
32 89 3
81 21 3
24 21 6
32 42 7
63 88 1
23 94 7
44 95 0
3 88 6
17 60 6
98 1 2
58 99 1
56 86 4
2 71 3
40 84 4
51 63 8
96 4 0
97 47 8
76 47 5
20 85 1
90 17 4
10 65 3
15 61 0
19 60 0
99 88 3
15 20 8
29 94 7
27 45 7
1 11 4
21 20 0
29 87 1
15 22 7
61 27 5
54 88 5
34 90 3
51 64 5
81 63 4
61 56 3
38 52 2
4 87 0
82 30 5
94 49 5
7 2 7
7 84 1
48 9 7
81 39 7
28 20 3
46 45 0
47 13 4
63 15 7
96 92 1
22 96 7
16 79 8
83 25 5
60 89 2
6 85 7
75 70 1
87 35 1
7 11 0
27 88 6
83 19 6
9 76 3
14 9 3
81 34 3
15 44 5
20 88 5
37 38 1
47 19 7
20 2 7
90 82 8
1 73 1
79 29 4
81 42 0
86 22 4
44 58 3
53 35 5
28 75 8
23 31 3
97 83 8
29 74 8
18 71 0
29 21 5
6 51 3
36 59 2
55 9 7
27 58 3
99 5 3
36 1 6
45 3 1
40 52 6
85 52 5
82 48 5
73 63 7
8 78 0
77 50 1
9 75 6
18 70 1
91 28 7
36 74 8
72 15 4
46 26 7
93 41 5
80 2 5
83 74 0
89 96 7
34 76 1
77 61 2
29 97 1
12 7 6
65 79 0
4 1 5
55 76 8
72 2 0
44 29 3
66 42 4
63 67 3
45 78 4
94 55 8
89 75 1
83 80 6
67 55 1
3 61 0
38 84 4
63 56 1
10 72 3
99 15 0
13 38 7
56 9 2
44 63 3
68 25 2
22 67 0
38 24 0
93 81 2
43 88 5
51 46 4
64 13 2
90 8 0
61 7 0
90 21 6
97 84 4
95 81 2
18 94 1
8 87 2
63 91 8
98 71 0
84 91 5
16 51 3
41 8 8
30 2 2
3 80 6
2 84 1
13 70 5
57 3 2
50 84 8
99 61 4
37 44 5
33 28 4
36 67 3
78 27 8
81 19 0
96 48 7
7 52 7
8 27 7
71 36 0
16 29 0
82 32 0
28 83 8
71 9 4
6 40 7
42 20 1
86 19 0
84 73 7
25 30 0
5 25 2
78 98 3
93 98 5
66 25 1
44 86 2
61 25 8
75 37 0
61 65 3
30 7 1
94 28 1
69 96 1
88 60 1
78 63 5
31 22 2
83 15 8
68 32 6
61 14 0
91 75 3
20 41 0
94 9 7
18 8 2
25 32 6
64 4 7
80 84 3
77 39 3
45 58 0
38 35 4
47 34 7
11 39 1
82 21 2
4 86 5
5 70 0
77 25 3
90 72 8
79 6 4
67 32 6
25 86 0
64 57 2
86 11 5
48 32 7
65 21 6
11 64 3
16 12 0
20 84 3
64 86 0
57 9 4
38 86 1
33 5 7
98 22 3
87 68 4
48 38 7
49 39 6
15 65 5
40 41 7
4 99 0
21 12 1
28 11 2
97 58 5
99 87 7
73 70 3
77 67 0
69 31 4
70 29 2
14 68 6
77 30 1
85 19 5
27 72 7
88 80 4
22 80 3
93 51 1
4 71 2
16 18 6
61 80 3
99 86 1
96 26 0
66 72 8
49 93 0
8 10 1
60 32 2
64 25 4
42 78 7
28 77 5
11 73 3
21 33 1
93 60 8
76 17 0
55 42 4
43 78 4
47 69 1
25 37 0
29 91 4
68 72 5
27 19 3
46 58 6
11 58 6
38 26 4
42 65 1
40 85 7
56 62 2
24 62 0
99 96 3
13 2 7
95 70 4
13 65 3
94 19 3
42 63 7
12 99 2
34 63 6
39 3 8
49 16 8
63 9 0
14 54 1
56 41 4
93 11 0
88 71 2
39 99 4
11 10 0
1 56 7
81 3 7
53 29 3
98 79 0
14 38 0
96 15 4
15 94 0
71 73 7
49 43 0
62 43 1
38 57 3
29 46 4
100 95 4
28 58 2
45 66 5
61 49 7
72 21 6
58 68 4
60 8 3
62 83 7
32 10 1
9 62 6
17 80 3
1 33 3
65 29 6
76 11 4
38 79 0
18 66 7
58 34 5
68 21 6
64 84 7
15 73 2
82 12 1
78 84 8
71 56 3
92 34 1
85 15 7
86 31 1
52 28 0
28 96 2
86 48 5
80 82 5
31 50 5
89 41 0
9 19 0
14 8 2
69 57 8
99 66 1
45 82 4
83 14 7
87 48 4
54 53 2
84 96 1
58 93 5
31 83 7
66 39 0
77 22 7
38 10 0
14 85 4
49 34 3
80 23 1
51 10 2
30 45 3
61 9 0
77 87 4
59 78 6
66 54 3
19 66 0
81 15 5
95 65 1
77 5 6
78 2 5
38 51 1
86 57 8
36 69 3
55 58 4
37 15 4
77 31 3
92 93 7
87 10 4
2 27 0
80 41 4
19 79 5
1 29 7
7 54 8
15 42 4
60 12 1
75 66 0
12 73 3
66 35 0
45 84 7
37 17 3
59 32 7
53 56 2
33 54 5
69 18 4
21 3 7
17 28 8
1 54 2
61 78 7
92 3 5
51 3 7
94 35 8
48 22 5
57 99 5
32 35 7
61 54 6
34 93 3
23 17 7
61 97 6
3 5 6
25 18 3
93 86 8
98 64 6
34 16 6
34 96 5
39 95 5
11 31 3
46 27 4
11 13 0
70 19 7
27 90 5
19 58 8
82 5 0
60 78 5
1 26 5
61 36 7
71 58 5
52 22 1
60 71 6
62 94 1
19 89 4
99 38 7
1 47 3
84 16 7
80 64 4
31 21 0
51 24 4
90 6 6
46 83 4
84 99 5
88 25 0
40 36 5
75 45 1
91 22 7
43 65 7
24 37 8
94 21 3
16 95 6
42 77 8
41 38 8
18 86 0
98 11 1
19 96 6
97 55 0
31 9 1
53 69 0
74 76 7
30 60 6
48 56 3
79 17 0
10 93 2
1 57 2
5 71 7
3 50 1
100 81 1
64 59 1
13 96 2
12 95 5
94 56 7
31 75 2
90 100 1
22 66 5
49 40 4
97 17 1
55 39 7
88 75 5
86 21 1
25 67 8
79 37 6
31 36 2
100 77 5
88 91 8
75 11 4
41 5 2
3 11 7
83 20 2
99 98 4
33 61 1
97 72 1
47 49 1
65 94 3
49 8 7
90 20 3
65 80 7
41 30 2
38 18 1
64 19 8
53 43 2
8 19 6
27 79 7
37 63 8
78 81 2
46 56 4
35 82 3
86 8 8
7 97 7
9 3 7
71 87 4
59 66 6
23 10 1
27 28 8
41 85 2
56 42 5
10 5 0
6 14 5
99 72 6
44 83 3
68 28 7
64 43 5
89 61 6
47 15 1
75 57 3
45 43 0
28 54 1
62 58 5
71 37 3
69 21 1
84 58 1
12 88 1
95 4 7
22 5 7
41 4 2
24 60 4
81 60 4
54 51 7
100
0 53 0
1 84 1
2 51 2
3 11 3
4 67 4
5 11 5
6 94 6
7 99 7
8 54 8
9 46 9
10 20 10
11 70 11
12 70 12
13 41 13
14 95 14
15 91 15
16 96 16
17 50 17
18 61 18
19 75 19
20 40 20
21 42 21
22 93 22
23 83 23
24 69 24
25 61 25
26 73 26
27 85 27
28 89 28
29 21 29
30 78 30
31 11 31
32 14 32
33 40 33
34 33 34
35 95 35
36 91 36
37 45 37
38 55 38
40 23 40
41 78 41
42 67 42
43 83 43
44 74 44
45 80 45
46 99 46
47 40 47
48 88 48
49 25 49
50 79 50
51 46 51
52 74 52
53 54 53
54 61 54
55 97 55
56 4 56
57 10 57
58 24 58
59 22 59
60 17 60
61 52 61
62 98 62
63 20 63
64 94 64
65 69 65
66 85 66
67 32 67
68 25 68
69 39 69
70 4 70
71 84 71
72 27 72
73 59 73
74 10 74
75 10 75
76 4 76
77 91 77
78 47 78
79 50 79
80 11 80
81 32 81
82 44 82
83 58 83
84 85 84
85 50 85
86 6 86
87 73 87
88 70 88
89 70 89
90 76 90
91 95 91
92 2 92
93 57 93
94 65 94
95 72 95
96 70 96
97 15 97
98 88 98
99 67 99
100 62 100
