1000 999
878 482 2
714 611 4
304 667 8
576 119 5
528 996 5
994 645 6
239 614 6
561 449 5
840 558 7
263 780 8
961 950 7
725 978 0
148 110 1
274 803 8
750 493 0
581 755 3
781 688 4
69 825 2
471 892 2
188 986 6
86 783 8
752 554 5
989 756 3
937 489 5
439 740 5
103 974 3
620 598 5
606 189 5
276 757 7
192 868 4
533 722 6
811 122 6
34 827 1
39 557 5
404 50 5
583 218 4
814 434 2
903 209 4
132 51 8
364 839 2
273 228 3
462 69 8
929 199 4
257 936 4
837 915 4
818 716 1
65 440 6
512 241 3
390 38 0
937 924 5
491 670 2
34 354 1
157 865 0
510 767 4
962 122 7
649 850 1
399 488 0
418 400 7
50 768 5
325 102 7
165 889 3
674 242 1
176 862 0
532 205 6
737 60 8
955 351 2
361 813 0
415 972 0
800 252 7
505 626 5
15 211 0
247 859 4
575 179 2
728 48 2
469 451 4
12 363 8
999 539 5
631 320 7
318 902 6
212 785 1
76 419 2
301 154 6
927 899 0
254 379 6
759 565 5
868 218 6
268 599 3
681 980 0
678 84 4
890 579 8
73 188 6
479 749 4
282 520 5
590 561 3
332 530 2
989 114 5
855 294 3
892 841 8
867 762 0
62 13 7
651 252 1
609 511 4
111 479 1
426 606 6
786 633 5
647 833 4
702 951 6
666 504 3
269 655 4
873 363 1
47 275 0
872 528 6
77 931 8
644 833 8
618 817 6
569 553 8
51 653 1
33 783 3
763 781 0
960 641 1
654 854 5
314 244 6
703 2 5
763 347 1
364 900 6
869 769 8
836 393 8
959 112 5
167 81 3
86 705 4
129 559 2
484 84 1
843 734 8
57 329 4
884 687 0
690 347 2
624 87 5
947 864 1
687 872 0
735 80 4
288 943 5
523 376 6
440 625 3
485 973 7
248 798 5
503 239 3
805 153 6
803 147 7
372 592 0
657 903 4
122 731 4
614 791 6
503 450 4
657 724 0
290 150 3
727 61 5
640 799 7
346 806 7
377 899 1
766 360 7
350 494 3
821 68 2
321 827 0
150 310 8
531 224 7
166 370 4
188 392 6
824 974 5
102 457 8
755 993 8
789 284 2
292 361 1
933 272 2
813 298 7
573 293 2
693 126 7
5 929 2
326 795 4
271 670 2
942 61 2
400 659 6
455 967 4
979 258 4
601 870 2
751 228 8
876 16 1
953 42 8
472 149 7
138 389 5
293 229 1
238 999 0
30 104 7
828 310 0
669 238 5
965 511 6
422 624 0
243 527 4
293 457 6
428 742 5
267 603 0
938 87 7
739 622 3
831 108 7
243 780 6
462 444 6
138 74 4
844 169 0
544 516 0
497 905 1
155 805 0
142 32 6
829 639 8
902 431 8
414 884 7
816 202 7
37 43 4
305 694 6
250 46 2
913 802 4
836 183 8
443 538 1
518 899 1
928 592 2
534 339 0
941 929 4
668 24 5
51 616 1
942 832 8
733 719 2
480 215 2
191 614 1
467 114 7
159 498 6
780 736 5
419 173 5
358 112 0
452 911 2
608 276 3
160 61 2
230 622 0
240 533 6
355 439 2
680 215 3
698 158 5
762 169 2
138 556 4
555 32 4
718 820 1
732 542 0
946 197 5
888 223 6
570 81 4
710 363 2
777 719 6
149 859 2
901 797 8
113 133 2
778 857 1
940 911 1
79 284 6
6 208 0
442 24 7
476 524 6
344 309 2
237 172 0
697 631 6
468 212 5
621 676 1
363 893 5
252 153 6
55 712 7
659 342 8
661 700 4
753 309 3
317 647 7
219 133 1
91 996 2
728 923 1
236 562 2
294 189 7
847 17 0
343 618 5
819 135 5
771 792 4
200 795 8
931 418 0
983 308 4
366 156 4
482 444 4
951 903 1
798 630 1
249 519 8
249 332 1
84 83 2
673 517 1
380 958 8
23 59 0
480 370 0
170 566 8
208 696 0
271 309 8
416 168 3
923 869 4
61 237 8
58 201 2
896 550 2
500 822 6
545 107 5
568 963 5
374 66 7
428 602 5
73 687 3
557 161 6
94 970 8
324 478 2
522 69 7
410 300 6
227 418 2
536 9 2
906 344 5
746 488 8
146 752 3
951 197 1
229 776 5
508 637 7
407 565 1
143 861 5
780 322 4
866 704 1
67 977 5
486 528 6
944 733 3
887 505 0
300 50 5
268 612 7
406 508 5
971 729 3
563 746 7
874 421 7
588 428 5
300 642 6
564 555 6
211 586 8
974 807 6
394 626 1
631 757 5
396 412 6
665 316 8
225 439 5
128 522 0
97 852 4
401 597 3
853 372 2
538 7 5
787 264 4
951 499 3
102 233 5
386 784 8
483 920 7
309 456 6
75 766 2
371 115 8
94 24 8
277 109 5
323 620 7
247 661 3
941 436 6
165 783 4
637 559 6
536 936 8
426 885 5
263 629 7
28 850 1
734 886 0
546 24 4
520 913 5
387 35 4
25 507 4
59 800 6
548 880 0
399 125 3
999 624 2
93 875 2
348 999 2
856 314 5
879 851 0
512 727 2
983 449 2
985 787 3
676 11 8
105 485 3
996 373 8
164 803 7
523 998 4
682 115 4
537 569 1
955 721 5
981 982 1
978 698 1
681 346 6
12 852 3
388 596 1
700 389 5
50 83 3
772 81 6
428 77 6
25 301 5
766 3 4
946 414 4
417 49 3
963 447 5
181 907 3
41 700 6
848 134 5
207 907 0
34 790 7
405 466 2
829 720 8
964 12 5
859 121 1
550 163 3
600 715 5
806 306 6
639 662 5
200 790 0
199 494 2
727 623 2
104 651 7
762 438 4
788 904 8
802 78 2
540 660 2
251 49 5
892 181 0
224 673 0
723 74 2
485 650 0
279 965 0
79 804 7
908 364 8
856 279 7
417 299 2
361 591 0
912 512 5
925 367 0
788 865 5
219 792 2
958 561 4
443 18 6
717 730 2
755 875 0
794 679 3
820 565 1
356 338 7
611 779 1
943 984 5
262 335 1
610 242 1
683 558 8
808 532 4
143 815 3
35 712 3
333 991 8
543 103 0
722 916 6
932 301 0
954 60 3
980 124 3
743 258 1
883 55 5
922 94 8
917 833 8
306 495 5
999 990 4
831 925 6
475 396 6
996 560 4
872 185 1
200 613 3
281 463 6
17 868 7
809 46 0
773 597 1
814 170 6
588 61 2
798 700 7
369 521 1
969 63 0
16 240 2
611 255 0
991 979 8
729 353 2
127 374 1
927 159 7
692 99 4
715 335 4
151 932 7
324 425 8
197 555 4
541 305 7
380 155 7
40 748 3
386 403 3
906 656 3
453 764 6
258 582 7
270 901 3
32 141 6
177 615 1
231 531 1
482 992 3
100 875 3
458 111 0
152 755 2
193 710 3
196 206 5
826 544 8
756 857 1
627 300 7
951 281 8
139 599 5
956 627 1
842 657 8
827 679 6
120 495 1
684 948 8
63 740 3
699 859 5
578 763 2
432 22 6
799 945 4
101 69 4
391 13 5
203 216 2
550 281 2
840 454 6
112 708 1
661 10 0
166 107 2
398 497 0
426 781 7
683 239 6
691 145 2
855 908 1
858 357 3
595 888 5
550 644 4
658 823 7
889 739 4
704 70 2
968 637 4
46 606 1
20 397 4
974 213 0
453 494 5
765 580 4
882 784 3
776 217 2
985 204 7
977 862 3
707 296 4
349 194 6
827 477 2
988 63 6
471 585 2
206 529 3
658 116 6
122 264 7
172 589 6
616 19 7
131 132 0
496 732 3
362 957 3
187 434 4
408 604 7
62 706 6
895 936 4
446 332 1
137 307 6
158 616 3
241 390 3
603 770 6
456 312 5
994 598 5
915 317 6
600 962 5
930 352 4
66 525 2
708 146 8
99 295 2
512 534 3
16 594 2
413 439 6
934 687 2
996 411 7
302 84 5
169 567 0
972 830 4
728 849 8
449 537 3
825 445 1
761 750 5
434 521 8
256 800 0
336 678 3
515 657 0
290 597 4
62 78 6
532 46 4
29 621 8
696 137 7
588 369 8
334 699 4
960 459 0
105 25 3
365 500 8
547 219 1
425 775 4
525 993 3
593 592 8
198 294 2
447 337 1
921 173 0
268 773 4
144 992 0
47 965 4
601 523 6
871 340 4
929 319 4
619 840 3
190 443 6
333 628 7
562 697 0
943 487 4
635 282 5
640 220 5
10 131 5
961 145 6
423 452 4
672 582 5
285 469 4
340 997 6
675 430 7
612 118 8
605 921 5
440 402 8
429 115 1
922 176 6
555 810 4
797 490 4
665 330 3
557 260 3
102 551 7
916 38 2
596 312 4
10 609 4
559 441 3
945 226 8
524 4 2
835 261 5
598 148 8
616 697 5
352 892 4
964 548 7
509 521 7
133 313 5
93 259 1
171 128 8
286 596 7
30 95 4
39 988 0
34 970 7
207 871 0
250 130 0
71 666 5
273 4 4
269 415 8
747 831 5
205 984 4
42 289 5
374 607 8
351 349 0
935 188 5
617 537 5
786 89 3
792 116 0
405 30 6
691 89 1
841 758 4
296 692 6
291 515 5
689 528 2
476 8 7
793 584 4
595 648 8
508 897 4
636 381 7
464 561 3
123 784 0
195 793 8
280 724 4
481 717 7
227 773 5
636 925 4
53 982 6
131 26 3
513 148 1
783 651 5
575 550 1
345 400 1
711 931 7
513 474 5
186 683 6
834 643 8
527 972 2
702 148 7
980 952 7
249 72 1
664 56 2
147 552 8
330 460 3
367 625 3
668 105 7
746 515 1
738 465 6
709 762 8
56 618 5
324 433 2
750 674 1
706 501 4
781 328 0
994 14 1
910 987 4
641 270 3
398 574 2
591 423 0
963 775 7
283 202 6
695 102 3
151 598 0
53 541 1
580 682 0
246 535 2
341 481 6
483 500 4
382 968 0
888 2 5
909 433 5
516 941 0
930 336 7
711 430 6
448 284 8
235 129 0
772 147 5
492 68 1
577 429 6
945 312 2
283 497 2
683 96 5
299 14 6
267 989 1
696 489 8
671 226 7
117 222 2
378 71 4
744 612 3
294 914 1
504 748 2
963 480 6
385 488 2
159 911 4
21 558 2
670 162 7
930 143 2
77 234 8
104 745 4
712 317 5
57 363 5
85 207 0
570 421 2
540 135 0
162 314 6
848 690 1
45 174 4
462 313 2
458 495 5
44 515 8
916 684 6
496 406 3
367 548 7
322 180 7
804 902 0
840 42 0
918 399 5
52 329 3
214 257 2
328 677 6
517 732 4
877 92 0
68 959 6
348 950 7
22 865 0
549 217 3
383 839 4
282 409 3
359 46 7
48 729 0
107 898 3
384 705 1
963 203 5
375 643 7
140 360 6
674 178 6
906 455 6
228 106 1
926 409 1
693 682 8
443 607 8
55 572 7
526 61 0
264 403 5
663 59 1
301 886 6
769 390 7
164 854 6
710 717 7
277 797 6
296 283 7
181 583 2
782 764 6
710 90 0
109 796 7
356 990 1
376 70 5
687 694 3
479 634 4
639 412 6
597 147 7
7 246 0
36 489 8
401 979 8
935 331 5
362 587 2
846 807 1
25 579 2
175 8 2
865 82 3
975 855 7
108 881 3
377 821 0
66 168 7
737 727 6
809 52 3
571 57 6
640 716 1
921 891 1
427 34 4
662 876 6
632 807 4
860 605 6
774 634 2
451 244 4
633 320 2
156 582 4
375 939 8
107 265 0
848 140 0
801 585 5
705 726 2
211 351 7
210 58 0
182 812 2
210 604 8
206 288 0
983 327 0
809 182 4
136 135 0
103 701 8
509 838 7
315 357 4
357 376 1
247 372 7
758 584 1
79 476 6
877 625 7
273 32 8
658 270 7
28 762 7
844 558 6
97 304 5
593 490 4
991 1 0
284 311 1
865 342 6
719 505 7
35 395 4
895 674 8
136 657 4
518 987 4
780 835 4
779 456 8
407 514 8
899 126 7
732 245 7
506 879 7
894 976 5
639 43 1
29 623 8
212 167 1
407 306 3
995 608 3
587 804 1
810 808 4
984 966 5
176 54 3
652 808 4
660 45 1
288 919 4
624 325 2
20 828 5
446 482 1
438 947 5
538 660 8
312 370 2
365 707 0
595 408 1
224 253 5
375 400 0
526 863 2
58 463 3
894 593 3
977 692 0
303 985 3
297 246 0
272 821 2
327 184 0
208 68 8
760 226 7
473 611 8
984 379 6
643 461 2
207 949 7
638 664 1
150 440 1
646 839 7
603 807 6
391 291 4
974 31 3
287 77 0
505 261 1
958 229 2
691 615 7
194 375 3
189 355 2
101 420 3
815 399 6
738 660 0
119 428 3
605 62 1
741 195 5
580 845 4
435 698 1
358 637 2
160 232 1
503 301 3
418 266 5
890 424 0
329 229 3
164 506 4
17 306 6
651 64 5
701 222 7
841 378 5
657 836 6
866 409 0
218 610 3
394 221 4
782 754 4
806 88 5
846 299 2
702 713 7
510 997 3
558 527 3
191 316 0
969 735 7
9 368 5
685 304 5
198 1000 2
795 27 3
686 14 6
278 431 7
434 437 3
1 577 6
817 222 5
204 573 1
835 350 3
46 502 4
961 98 1
470 240 2
1000
138 220 10319
8472 768 19133
11543 778 22852
13947 260 32788
69609 776 69609
77752 389 77752
78571 320 78571
84786 525 84786
86854 147 86854
91649 751 94400
100757 743 100757
120366 349 120366
143583 287 143583
143809 555 143809
152900 384 152900
154118 98 154118
155287 949 155287
157477 269 157477
164247 332 164247
174107 678 174107
174741 289 180649
182236 605 182236
187086 866 187603
198904 73 198904
214425 265 214425
215763 516 215763
217633 389 220142
221473 380 234914
221519 117 237657
231766 891 269249
245018 251 292707
246187 204 297636
263257 485 305365
266026 792 309426
266974 654 320708
268542 838 327606
271236 323 345300
291202 715 367999
298188 950 392131
315454 781 394121
358722 376 404245
361940 295 404831
388125 796 405472
389316 485 410146
393262 539 424007
408987 359 431522
420149 922 454102
443502 906 473486
462253 687 477198
474522 759 491372
476115 820 499176
486592 520 506494
493574 676 512698
495579 435 518959
509753 392 540981
512704 887 552616
520862 353 565599
535118 606 568315
542919 100 604186
551539 262 607417
560273 66 608208
583087 831 612068
593928 915 622247
595630 247 633784
600953 96 638954
603283 397 717380
617062 684 722380
629895 717 725068
631478 64 732990
638784 705 736667
639846 559 752942
645199 384 768882
656996 325 770835
676724 450 771251
677366 397 788598
692030 914 806255
711190 426 808898
718156 110 841958
738820 231 846320
752754 683 852259
765151 351 892176
771128 395 896847
784131 433 900174
791928 159 912430
809454 60 922851
811149 717 923966
813194 282 929525
813565 520 955088
813638 210 963051
827604 608 965720
835931 22 996792
836111 395 1027404
840818 732 1042541
842210 594 1054114
845520 702 1068277
849581 83 1071755
858422 72 1080405
885861 473 1091995
914971 148 1096654
918643 825 1106361
926905 708 1112900
938189 280 1138964
964835 801 1141283
969519 859 1142907
979352 850 1151492
998150 731 1173600
999537 801 1223379
1006879 327 1225606
1011975 898 1235678
1023909 978 1258053
1026347 909 1268730
1027094 870 1269021
1045134 255 1274108
1046409 963 1277197
1051398 399 1283711
1055562 753 1300838
1062563 819 1304683
1069501 21 1308222
1084390 118 1312633
1098246 193 1323079
1110031 264 1415516
1119082 603 1428560
1123957 113 1437495
1126572 968 1440592
1137147 502 1443147
1144255 329 1443150
1155289 598 1474829
1158226 453 1503376
1211958 204 1514729
1214811 424 1518845
1236031 909 1522254
1237722 601 1524592
1256245 429 1591626
1296694 857 1619360
1298657 536 1627294
1331562 677 1645517
1332521 313 1654619
1336253 223 1669019
1342766 381 1674426
1352847 187 1678497
1355736 796 1686875
1362734 940 1690168
1409384 179 1693346
1432211 856 1702544
1449035 785 1709306
1456597 473 1718939
1466242 256 1719606
1490411 211 1727846
1502986 795 1733120
1517494 294 1755161
1521180 403 1758990
1524357 832 1794313
1528612 121 1796880
1536296 428 1848054
1536456 137 1853197
1541959 759 1885057
1542204 377 1887827
1561816 325 1894205
1572070 125 1905650
1575165 149 1905770
1599685 229 1915135
1608194 723 1916614
1623432 365 1921919
1626102 173 1938717
1629844 82 1945607
1634116 482 1951213
1649543 447 1967496
1658624 572 1970023
1671991 685 1974116
1678089 539 1974453
1687068 617 1975179
1687297 345 1979679
1687647 195 1996398
1696296 375 2009969
1703624 998 2031922
1719462 321 2031964
1726548 60 2034784
1738813 183 2038973
1749560 760 2050887
1756578 853 2072430
1761220 297 2109239
1762774 220 2109790
1782721 234 2124682
1796960 206 2130425
1803634 293 2141609
1809296 187 2143351
1824308 886 2149865
1864436 628 2166132
1866739 136 2171887
1914603 86 2175871
1919959 160 2185222
1921401 551 2197901
1928986 14 2218523
1940294 578 2227169
1944612 816 2230338
1958463 497 2231499
1985128 621 2234108
1989341 958 2237146
1989712 446 2237603
1998984 747 2243534
2010309 639 2245519
2011199 346 2249099
2027025 372 2251666
2040801 549 2255435
2044829 820 2275857
2047171 751 2282265
2050699 520 2313147
2054284 388 2321878
2056937 213 2326239
2064859 158 2330950
2072302 287 2358433
2077706 947 2372395
2092983 981 2373735
2113054 296 2404486
2130457 486 2407196
2142707 465 2429344
2145117 92 2432799
2154658 669 2436001
2179752 596 2445410
2181665 61 2471036
2184887 434 2473291
2188910 513 2500336
2204413 482 2523957
2219256 450 2541524
2223820 582 2541645
2250484 603 2545693
2251709 637 2557498
2253997 311 2562660
2268086 626 2562768
2268764 370 2563829
2272417 386 2564567
2274948 860 2572521
2299660 576 2574214
2333220 508 2578058
2333374 471 2579686
2363566 967 2595681
2413143 135 2607924
2415201 836 2615998
2419254 559 2619316
2430560 678 2622722
2434973 958 2623598
2444087 621 2660217
2445283 946 2677819
2448892 420 2697293
2452121 987 2699175
2457849 847 2699968
2483251 744 2718609
2485351 234 2719785
2501853 872 2729729
2512664 264 2746977
2520282 221 2774788
2525802 977 2774953
2529482 600 2780812
2537679 44 2795836
2541317 270 2797557
2545776 397 2822564
2549297 687 2840503
2555215 106 2844634
2564248 918 2849329
2571833 711 2871874
2591097 475 2876069
2595710 945 2889489
2602186 816 2903167
2605074 403 2912692
2624291 132 2922421
2624926 146 2922448
2648821 252 2926802
2661158 563 2946174
2665155 90 2946402
2697790 773 2956369
2707915 309 2961865
2708923 298 2981842
2709127 269 2983814
2722144 954 2988686
2735885 594 2989384
2749361 998 3001941
2758948 48 3006923
2761219 505 3011177
2778203 114 3021082
2786676 644 3033921
2799799 30 3043581
2803321 790 3063091
2811951 420 3067363
2813606 862 3082365
2826689 482 3084176
2826969 327 3089149
2831689 716 3095903
2835336 713 3108278
2890183 552 3109159
2908049 127 3115758
2924507 675 3122070
2924528 521 3129763
2925703 728 3139269
2949751 202 3147936
2962261 348 3169261
2964371 691 3191830
2977944 571 3191864
2984273 918 3209584
2988131 983 3209985
2993124 473 3217915
2994844 137 3241276
2995109 842 3264143
3001596 22 3265652
3014268 690 3266712
3016795 216 3295279
3022762 427 3296963
3028289 766 3300947
3032793 911 3305403
3048416 663 3307586
3048624 410 3314458
3053587 202 3320423
3066078 764 3320693
3067824 419 3325571
3077730 818 3329629
3079760 327 3331547
3103513 201 3333912
3113166 555 3336725
3121232 843 3337702
3127425 386 3358932
3128850 156 3369896
3129184 977 3410661
3146496 598 3417173
3152322 388 3418575
3155481 414 3420523
3161546 790 3423300
3165563 8 3446871
3170185 968 3458789
3178083 437 3471822
3189471 207 3480054
3195250 481 3486810
3219716 630 3515069
3227201 331 3519820
3228549 147 3532076
3238869 853 3534403
3246135 499 3546957
3256473 293 3568569
3256532 728 3594227
3257482 831 3596466
3258268 618 3597505
3270595 981 3599294
3283928 488 3624556
3295747 449 3643850
3305423 76 3643865
3306519 112 3654821
3314902 61 3657444
3315770 2 3666493
3335915 204 3671368
3349817 473 3672795
3352236 578 3673198
3360519 80 3681409
3368175 161 3684462
3369096 561 3692079
3392573 22 3706728
3395955 655 3717508
3397051 382 3723237
3410076 275 3738970
3414579 587 3750679
3415106 844 3755134
3415128 992 3764076
3420028 948 3774294
3424256 310 3785863
3473736 877 3792661
3476659 163 3794319
3488437 899 3799736
3492122 110 3812511
3495209 51 3820081
3512710 713 3821064
3519099 213 3836990
3533899 287 3841353
3564873 432 3845976
3574221 641 3852466
3580311 520 3864816
3587474 277 3868136
3596278 327 3869139
3601622 47 3878352
3610600 94 3882119
3622745 136 3898420
3633225 183 3912790
3639411 462 3914495
3642539 535 3930898
3650916 976 3952573
3654353 243 3967825
3661851 352 4010878
3663289 257 4012671
3669144 683 4014181
3700928 391 4017781
3703533 237 4030312
3707229 833 4057237
3708331 50 4072308
3713291 444 4080251
3719529 454 4081347
3724566 321 4088836
3733308 391 4089585
3739596 776 4100092
3764355 993 4101624
3780328 826 4104152
3780740 904 4117683
3782744 272 4133261
3806244 315 4135585
3826813 380 4135925
3833500 926 4136567
3839026 602 4151494
3852680 720 4156861
3854290 347 4161357
3870089 956 4164059
3873419 684 4164793
3874322 127 4164965
3880141 401 4175742
3890785 366 4177483
3891269 808 4201189
3891893 5 4217000
3895744 590 4219214
3940159 417 4227361
3948098 804 4235355
3951100 470 4242896
3955763 699 4275747
3958481 389 4295749
3970884 949 4301739
3976392 716 4308148
3997602 724 4320798
4016525 553 4338283
4026079 687 4341824
4078156 751 4377458
4112482 184 4377684
4117809 170 4415858
4145325 861 4444628
4155774 393 4455292
4181380 183 4484337
4183018 177 4498322
4204215 864 4510835
4206723 127 4514170
4217846 743 4516302
4218674 714 4525417
4233417 333 4537871
4236695 788 4542070
4238810 568 4550480
4244490 110 4551297
4260192 175 4560519
4274656 294 4592389
4278678 389 4598235
4291332 474 4602273
4299211 811 4637428
4299458 648 4652239
4301696 892 4699003
4304500 545 4704106
4313360 97 4709449
4320643 474 4713745
4330142 409 4715415
4365042 27 4726177
4367801 334 4728722
4370097 282 4732492
4373143 53 4763761
4385609 719 4787179
4398451 728 4788465
4418725 170 4794750
4429050 237 4795384
4438138 599 4806398
4440809 649 4822596
4451770 637 4822796
4466678 562 4833168
4469157 350 4835397
4475039 462 4853291
4476849 481 4854975
4483089 651 4862980
4496480 137 4899136
4509108 215 4908782
4510749 512 4916549
4532032 51 4927314
4546815 943 4934658
4560460 535 4961542
4573513 817 4961787
4574610 88 4967359
4584397 798 4970915
4592486 90 4983041
4593415 711 4987084
4612181 55 5011141
4612253 348 5022615
4631091 637 5045308
4657739 880 5047241
4658628 142 5051009
4665957 468 5060835
4666818 586 5085975
4672088 473 5088641
4676460 512 5120495
4681776 91 5131620
4698210 906 5135045
4710498 293 5138359
4718810 405 5139057
4720196 753 5152672
4728787 600 5153514
4732595 937 5172166
4757138 35 5187064
4761580 476 5192625
4763528 928 5202160
4770052 835 5214091
4779554 695 5215456
4785378 70 5221139
4805912 369 5221467
4819179 395 5234704
4833520 756 5240211
4839014 730 5253616
4874096 369 5264250
4905888 39 5280819
4906267 98 5287809
4955477 829 5294300
4971634 812 5297050
4984081 621 5298895
4988057 517 5306373
4991690 755 5309895
5011291 336 5323425
5025890 391 5330506
5026828 691 5335488
5034743 712 5339076
5061395 630 5340725
5082313 573 5354162
5088173 862 5362780
5116667 155 5370526
5120222 393 5384538
5126207 27 5389633
5134007 807 5404716
5141592 227 5418020
5143668 843 5427262
5152841 869 5439327
5155645 899 5439525
5155673 613 5448082
5158263 99 5456875
5165912 298 5457494
5169783 556 5467068
5170396 563 5475640
5182177 448 5476104
5204913 468 5490828
5217769 533 5494645
5223261 433 5495705
5234614 331 5499182
5244814 847 5521635
5258690 988 5529139
5261921 602 5531548
5273706 856 5535114
5287036 771 5546497
5288065 575 5605260
5290549 676 5620802
5298731 935 5622629
5300109 237 5624604
5304077 100 5631328
5306582 121 5638443
5315811 501 5638648
5335263 15 5657218
5340779 951 5660489
5344122 845 5669669
5354344 363 5681075
5370611 289 5683049
5380985 47 5686740
5386668 61 5692997
5396244 357 5693532
5404257 914 5697521
5406814 319 5701672
5407843 865 5716083
5412056 853 5718813
5420197 705 5723250
5421731 447 5730765
5426248 626 5739588
5428464 528 5740889
5430525 539 5761496
5436628 103 5763735
5437040 861 5769324
5439420 965 5775975
5442683 473 5776419
5448152 296 5785264
5477762 862 5792297
5479934 797 5796281
5488349 784 5803511
5488790 377 5811593
5489595 368 5823840
5495098 531 5840223
5514760 473 5845182
5519237 879 5851342
5520301 562 5862838
5523732 567 5867440
5530209 759 5872008
5543468 243 5873944
5543828 77 5873952
5545367 932 5874038
5560093 407 5875765
5564834 891 5884396
5580694 798 5885877
5582190 428 5894962
5597986 820 5895148
5653541 417 5896190
5655224 258 5917999
5667283 198 5918212
5669605 119 5931272
5674349 808 5936923
5676334 311 5954559
5679395 785 5970793
5701274 180 5973522
5706974 792 5985820
5708560 962 5986281
5710157 937 5988751
5723070 385 6001935
5732544 828 6003249
5762906 125 6041095
5763976 915 6065061
5799989 815 6069308
5800596 327 6069520
5828674 396 6084258
5852109 205 6105185
5866554 326 6116656
5893750 386 6121121
5903736 119 6122132
5913396 871 6123803
5967171 251 6164899
5975487 449 6216853
5988414 902 6225603
5990032 928 6232442
6003404 331 6235966
6009416 521 6238381
6010550 594 6258943
6012681 794 6260487
6057490 665 6267617
6059350 874 6277201
6061786 505 6289682
6066007 503 6293344
6066688 541 6295843
6094087 701 6312403
6095685 92 6317661
6102503 371 6318947
6110454 22 6346126
6114276 896 6383535
6118922 453 6389675
6127576 843 6428871
6130509 884 6436904
6147538 932 6442932
6153662 49 6463839
6155517 965 6475168
6161241 950 6477848
6166522 458 6500200
6171744 673 6500380
6216278 361 6503116
6227259 974 6505038
6240561 546 6510285
6241568 673 6526644
6249864 61 6528662
6266441 606 6533226
6275070 918 6539175
6290840 24 6542199
6295322 100 6544062
6312941 468 6544399
6316085 319 6556670
6318890 410 6558770
6322850 696 6587879
6348270 123 6592726
6356461 506 6597508
6374757 462 6633036
6385934 56 6661109
6419207 811 6664326
6461368 171 6667398
6464758 93 6681716
6468565 913 6682007
6471145 393 6695880
6475370 279 6704517
6478107 445 6718103
6510469 706 6743284
6516735 194 6764671
6523360 576 6780038
6530945 998 6784465
6531291 920 6784668
6543126 313 6800929
6545361 491 6801576
6553583 88 6802398
6568378 862 6814983
6574671 512 6817203
6580740 672 6820789
6588817 643 6830241
6616559 532 6834513
6621630 837 6856049
6621831 315 6856370
6623495 303 6871778
6633827 729 6873512
6655550 675 6882576
6664419 913 6890958
6668199 257 6894182
6668755 331 6900238
6689191 64 6903747
6727002 495 6903921
6728199 631 6918580
6729569 266 6920177
6734312 555 6927562
6752123 564 6932039
6769171 594 6933923
6783704 689 6934711
6787833 69 6937343
6794163 312 6973353
6821695 397 6977628
6824455 498 6981643
6838857 769 6990765
6845928 693 6992794
6880119 659 7002034
6885195 669 7003736
6888602 44 7032098
6889512 278 7033382
6899987 398 7054926
6906581 61 7062418
6918219 739 7063696
6919071 492 7079081
6920241 22 7080296
6929835 73 7089914
6936015 886 7090364
6949212 120 7096163
6960307 4 7113689
6963234 299 7146807
6964577 303 7160797
6965860 228 7166599
6974940 437 7170514
6975698 783 7179196
6993750 996 7183559
7005970 732 7184596
7016544 591 7195439
7024810 665 7196044
7026394 598 7197019
7050674 390 7220503
7060655 130 7261935
7066040 59 7265913
7078177 492 7280609
7087130 424 7281976
7115421 547 7287484
7122522 804 7294151
7135778 993 7314673
7142391 764 7317683
7166815 33 7333961
7167982 322 7336332
7170920 593 7340165
7181280 730 7349220
7188026 162 7357253
7190543 522 7361269
7203384 456 7389669
7212982 590 7396267
7247471 653 7396768
7262442 98 7416112
7264087 67 7418191
7276951 262 7425525
7279039 915 7427446
7281451 377 7435806
7320854 940 7447222
7323037 955 7451371
7354265 444 7461145
7356302 320 7475017
7368150 684 7480250
7387800 242 7489707
7403633 700 7491162
7426058 473 7491307
7433789 820 7492305
7444832 526 7497034
7485277 561 7503388
7491088 623 7536877
7508382 87 7537377
7512801 647 7569282
7525414 560 7571162
7546963 907 7595501
7548891 975 7604928
7553752 974 7618718
7577240 858 7648467
7588773 656 7687385
7608829 299 7687388
7624300 839 7688897
7642813 665 7694050
7713272 833 7713272
7716357 950 7716357
7716550 194 7716550
7726921 378 7726921
7736455 203 7736455
7740825 370 7740825
7745385 789 7745385
7749397 75 7749397
7755948 795 7756093
7760390 211 7769865
7766036 599 7776885
7768051 354 7793751
7769731 193 7797848
7779904 476 7805423
7793483 838 7810383
7812365 114 7834872
7816658 123 7850764
7820062 985 7854243
7829950 610 7865893
7834618 913 7883617
7897927 557 7897927
7903274 930 7903274
7914933 45 7914933
7924119 774 7924119
7938437 688 7938437
7954944 555 7954944
7968801 481 7968801
7971202 970 7971202
7975371 493 7975371
7978300 565 7978300
7990605 910 7990605
8007459 144 8007459
8035735 659 8035735
8039288 665 8039288
8053878 249 8053878
8054861 901 8054861
8057327 917 8057327
8063595 126 8063595
8065394 299 8065394
8067717 730 8067717
8068662 979 8068662
8076403 958 8076403
8089856 780 8089856
8100435 852 8100435
8110484 757 8110484
8128399 134 8128399
8130046 173 8130046
8144309 973 8144309
8145641 744 8145641
8186793 963 8186793
8202251 331 8202251
8212064 987 8212064
8216566 251 8216566
8235606 707 8235606
8239192 768 8239192
8242027 539 8242027
8259900 132 8259900
8265772 216 8265772
8306387 492 8306387
8330981 769 8330981
8336537 792 8336537
8362828 856 8362828
8372956 978 8372956
8373569 886 8373569
8386900 908 8386900
8441755 72 8441755
8443211 563 8443211
8461872 709 8461872
8472448 744 8472448
8474823 617 8474823
8486400 743 8486400
8486884 147 8486884
8499508 879 8499508
8516086 659 8516086
8522413 260 8522413
8533521 579 8533521
8545610 44 8545610
8552935 645 8552935
8556744 165 8556744
8593604 996 8593604
8599399 119 8599399
8602880 354 8602880
8604557 359 8604557
8607481 63 8607481
8619032 249 8619032
8634134 345 8634134
8634701 839 8634701
8644524 147 8644524
8649156 123 8649156
8658209 511 8658209
8662160 312 8662160
8665752 449 8665752
8667488 394 8667488
8667865 786 8667865
8679112 787 8679112
8689292 668 8689292
8705470 349 8705470
8714188 614 8714188
8719284 423 8719284
8729243 167 8729243
8736836 462 8736836
8737085 697 8737085
8738586 54 8738586
8765243 730 8765243
8769266 927 8769266
8780143 91 8780143
8799825 689 8799825
8800378 104 8800378
8813563 790 8813563
8814315 252 8814315
8818043 944 8818043
8831489 128 8831489
8832947 645 8832947
8866947 534 8866947
8868040 291 8868040
8883653 659 8883653
8895591 799 8895591
8896608 790 8896608
8902500 907 8902500
8903338 534 8903338
8928261 962 8928261
8951401 390 8951401
8981860 392 8981860
9000196 231 9000196
9008322 671 9008322
9024808 352 9024808
9025069 706 9025069
9025356 120 9025356
9028898 345 9028898
9042844 526 9042844
9046839 868 9046839
9054466 615 9054466
9062531 610 9062531
9066427 748 9066427
9080589 184 9080589
9089232 121 9089232
9099717 348 9099717
9100777 242 9100777
9110737 597 9110737
9118250 690 9118250
9119211 522 9119211
9124967 371 9124967
9125426 362 9125426
9129741 840 9129741
9129871 292 9129871
9138869 347 9138869
9142056 29 9142056
9153765 800 9153765
9188822 832 9188822
9201061 510 9201061
9207447 649 9207447
9214418 231 9214418
9217964 368 9217964
9227787 796 9227787
9231657 985 9231657
9273311 240 9273311
9273788 715 9273788
9285434 172 9285434
9295661 347 9295661
9301007 74 9301007
9306133 274 9306133
9308595 792 9308595
9321243 734 9345690
9321887 324 9353742
9324553 799 9355502
9332337 122 9358624
9340303 471 9360058
9350552 217 9361597
9386348 141 9386348
9390931 551 9390931
9413128 434 9413128
9416109 588 9416109
9418191 295 9418191
9419587 269 9419587
9419774 196 9419774
9420714 486 9420714
9429087 531 9429087
9456295 126 9456295
9465692 708 9465692
9468052 18 9468052
9481394 657 9481394
9490440 444 9490440
9511604 643 9511604
9519601 651 9519601
9539356 957 9539356
9539759 146 9539759
9546955 852 9546955
9551270 179 9551270
9551286 727 9551286
9552615 532 9570799
9555235 198 9595518
9559575 661 9597357
9578239 662 9618748
9581525 723 9627397
9588020 941 9645812
9594331 978 9646878
9596386 399 9681027
9599249 988 9694775
9610746 956 9704800
9613043 858 9708144
9634904 349 9733818
9641489 292 9736687
9646242 185 9737848
9650537 821 9742938
9655203 548 9760696
9657940 753 9767562
9660262 478 9774145
9660584 301 9774962
9684874 565 9775924
9689859 113 9776000
9690175 349 9778630
9716361 442 9794909
9726989 430 9814007
9759291 343 9817485
9764097 575 9818199
9787736 960 9829887
9798459 195 9837885
9804125 244 9843930
9807114 976 9859832
9809680 338 9863513
9823099 191 9864229
9824642 871 9870564
9829388 275 9882524
9835566 997 9887964
9859123 511 9893626
9891234 620 9901632
9893876 455 9914287
9900102 246 9929921
9909244 835 9934844
9909849 159 9939588
9943362 102 9943684
9957976 223 9957976
9978150 433 9978150
9993318 227 9993318
9997298 365 9997298
