1000 999
418 896 3
664 661 1
293 574 4
846 915 8
479 467 4
793 348 8
754 709 1
759 773 6
515 902 5
444 635 7
150 666 6
304 696 8
182 267 3
330 52 4
751 625 0
206 611 3
186 918 3
907 808 2
806 62 1
982 971 4
222 613 5
619 390 7
783 213 3
783 705 7
909 882 4
796 542 8
451 109 2
568 787 8
148 975 6
40 382 8
756 757 7
314 326 4
516 923 0
449 564 8
413 706 4
305 578 0
431 549 2
19 977 4
901 169 7
3 436 8
639 149 6
507 868 4
500 732 3
725 916 1
640 480 4
752 541 7
208 97 3
259 38 1
937 115 5
461 692 1
228 786 2
552 455 3
320 548 6
748 983 2
146 920 1
561 595 5
29 938 7
675 32 8
264 272 1
70 317 0
661 811 4
250 445 2
523 817 1
863 276 8
107 645 7
342 36 4
427 81 5
821 266 7
837 612 2
723 270 6
456 486 0
469 219 0
475 988 8
954 556 0
262 995 0
976 122 1
987 504 5
947 970 2
407 530 6
955 559 4
665 542 6
576 420 4
549 472 8
525 717 0
443 489 7
139 829 8
412 226 5
840 581 4
59 291 8
712 506 1
691 317 1
232 912 2
877 963 2
577 617 1
276 241 1
921 503 0
1000 689 0
180 795 7
764 184 4
623 481 7
340 660 6
22 433 6
595 651 0
702 345 0
76 597 1
925 164 8
88 646 8
396 865 2
157 796 1
37 876 7
26 837 4
505 815 3
638 673 3
526 323 4
823 175 4
695 797 1
563 612 7
113 781 1
588 656 1
498 657 7
453 602 3
773 251 7
144 127 8
751 108 5
553 35 7
17 916 7
33 576 1
177 39 0
125 490 2
340 859 5
933 755 0
416 430 4
553 913 6
764 860 5
103 54 6
791 981 5
854 750 7
983 242 5
178 999 3
272 900 8
817 957 7
479 312 4
402 551 0
872 16 2
166 79 8
18 202 3
757 205 6
490 794 1
960 679 6
586 119 2
736 892 3
534 566 6
60 973 3
359 110 7
747 674 8
888 282 8
185 113 1
830 487 5
553 778 2
290 503 7
787 712 8
509 986 3
374 794 2
864 894 2
200 87 3
576 911 8
102 729 6
15 403 7
135 189 8
46 613 8
435 956 8
343 96 6
454 58 6
334 792 5
309 682 2
175 140 4
817 364 7
354 423 8
852 49 3
449 244 7
989 751 0
677 602 0
894 846 2
984 300 0
313 707 4
815 631 6
458 869 0
12 981 6
193 637 5
876 361 6
242 416 4
865 878 1
784 597 7
540 714 2
653 674 3
222 429 4
906 761 7
926 214 8
717 368 4
292 329 3
784 776 5
310 168 5
628 50 2
380 764 7
777 812 1
678 191 6
59 717 2
24 761 2
492 733 6
951 802 5
627 416 5
465 475 1
614 330 4
302 239 0
260 129 6
659 123 5
41 855 7
694 838 6
388 223 0
122 841 1
303 658 3
111 316 1
151 233 3
269 707 8
992 346 3
924 393 2
480 927 0
226 421 8
753 280 0
680 869 0
472 827 7
607 196 7
652 255 2
515 596 3
228 584 4
518 261 6
297 652 6
422 65 7
579 730 1
371 762 8
265 281 7
493 341 3
623 554 2
314 241 7
405 391 8
134 633 3
748 768 8
654 154 0
385 755 4
452 10 5
919 775 8
765 187 1
623 524 1
311 713 6
497 60 2
753 765 4
406 197 3
356 435 3
231 992 0
432 302 4
672 345 4
74 748 1
73 121 0
676 494 5
719 659 3
544 804 7
929 390 2
14 293 2
953 174 7
455 575 6
560 592 5
198 349 0
687 193 7
239 830 7
809 154 8
719 877 1
916 913 8
278 256 8
130 106 6
251 622 5
993 228 1
63 530 8
233 195 2
904 226 3
130 528 5
193 845 7
338 690 0
102 145 2
165 925 2
877 429 0
44 188 2
382 47 7
799 23 6
767 214 3
775 511 3
259 187 7
700 506 2
386 750 7
579 269 5
812 496 1
292 322 8
679 295 3
615 878 7
666 442 6
358 111 2
886 694 0
642 414 3
391 820 1
768 172 2
59 903 5
499 293 4
479 253 8
871 588 2
456 685 4
482 347 6
514 725 8
352 296 2
718 458 6
13 112 3
711 185 7
138 315 5
446 666 3
104 96 8
366 268 6
388 164 7
233 192 0
234 26 1
886 447 4
949 153 4
651 266 6
165 842 3
30 292 0
51 499 0
983 774 0
932 61 8
95 428 3
504 715 5
189 586 4
687 312 3
421 149 2
248 721 8
712 562 3
193 914 5
950 754 8
854 599 5
847 791 4
220 16 2
257 13 4
1000 338 4
785 34 1
815 173 6
973 437 0
399 858 5
261 301 3
570 629 0
156 204 1
194 544 5
436 646 7
788 24 7
128 803 7
942 555 8
684 995 1
3 798 5
692 506 7
503 977 4
565 671 0
605 713 7
459 643 1
186 389 3
236 589 1
453 390 2
571 580 0
688 790 5
411 106 4
496 767 7
435 251 8
738 809 8
460 288 3
543 988 7
68 753 0
354 512 2
452 271 3
806 974 3
554 668 0
985 201 6
548 281 8
415 393 8
708 30 5
209 522 6
82 526 0
53 349 8
183 128 1
616 504 3
285 94 4
658 169 0
758 58 3
426 873 0
724 748 6
156 272 8
68 140 1
662 505 4
610 76 1
275 184 6
198 822 4
142 346 1
47 814 5
325 600 5
65 512 6
797 169 2
355 230 7
737 496 2
354 371 4
816 571 7
831 510 4
776 679 6
935 53 2
958 886 0
983 397 5
260 161 1
859 197 6
49 134 0
489 576 5
631 521 1
310 570 8
495 182 5
662 155 6
647 675 6
170 507 3
536 559 3
603 840 7
439 620 2
513 191 6
891 332 1
730 739 4
537 159 8
693 630 0
578 53 1
163 402 1
998 678 4
628 136 4
277 63 4
48 835 7
468 308 7
807 814 1
420 470 4
377 434 7
720 336 6
884 866 7
299 310 6
722 152 0
113 795 2
166 464 3
725 203 8
501 283 6
695 728 8
289 689 1
379 421 2
567 839 3
67 27 5
900 554 4
21 545 7
162 1000 7
273 431 2
560 785 7
515 826 0
547 473 6
727 70 1
506 263 0
431 121 6
362 59 8
709 316 6
871 834 8
13 899 2
53 211 7
207 554 6
114 251 6
728 510 6
400 16 7
880 261 0
805 627 4
342 73 3
448 266 6
970 964 4
247 271 8
767 648 8
746 2 5
190 697 3
30 965 6
866 116 5
934 712 3
288 306 0
170 210 5
372 100 7
997 753 5
98 961 3
343 94 5
794 93 5
783 287 6
375 455 1
490 339 3
418 551 0
433 503 3
522 853 3
979 688 5
288 585 6
286 347 3
23 383 4
648 632 7
616 828 8
316 243 8
187 747 6
7 499 4
476 824 4
772 655 7
205 606 2
931 98 3
306 932 6
686 990 5
743 604 3
691 149 2
403 294 3
855 115 8
335 891 1
749 179 1
534 641 0
410 851 0
963 137 0
284 8 3
936 637 7
395 350 5
114 102 1
620 636 4
513 45 2
314 950 1
259 746 8
987 618 1
593 455 1
39 233 0
221 463 8
235 588 8
652 468 6
148 490 0
582 400 6
32 462 1
65 188 0
273 501 3
562 508 4
513 212 1
949 796 8
175 87 3
917 352 2
942 948 8
852 932 2
719 695 6
45 910 4
181 20 5
782 43 0
604 288 7
51 428 5
477 346 4
762 813 3
629 698 0
776 677 8
939 855 7
330 649 7
906 333 0
327 24 5
534 609 6
684 907 2
447 446 5
720 91 6
85 994 7
174 288 2
598 214 1
13 703 0
547 386 3
568 344 6
601 127 1
942 986 8
922 198 6
238 688 1
348 750 8
861 828 8
122 304 6
534 888 3
766 60 8
620 502 4
854 183 5
171 934 0
943 384 1
11 661 5
785 114 4
853 392 0
4 387 2
571 118 1
739 627 2
795 52 1
517 233 6
97 192 6
441 800 2
724 991 0
238 330 5
928 428 3
375 943 6
980 539 1
397 642 1
583 341 7
300 649 6
538 727 6
655 736 2
84 923 0
419 902 6
574 20 8
820 984 8
417 847 1
359 9 6
92 436 2
623 838 5
4 124 3
859 90 2
394 983 7
478 295 5
734 305 1
740 857 0
176 954 1
966 681 7
942 936 2
874 249 6
958 498 7
155 225 8
558 96 8
722 791 2
885 315 8
412 941 6
438 474 6
154 488 2
393 391 4
307 816 0
531 486 6
636 15 2
492 5 3
254 362 2
546 792 4
968 964 5
883 980 6
637 84 5
789 234 5
945 522 1
966 644 2
998 117 4
335 569 5
993 873 5
378 457 4
946 568 4
894 131 7
308 319 3
548 42 5
393 148 1
760 468 0
988 431 5
624 610 1
86 626 7
942 454 2
475 321 1
408 765 7
884 22 1
451 610 6
227 670 0
755 537 3
608 9 4
474 651 0
969 366 6
990 763 0
343 862 0
502 558 4
495 709 2
43 716 5
523 269 3
128 519 4
133 514 2
819 756 2
686 752 3
292 800 8
28 261 1
89 384 8
616 967 7
141 4 3
776 997 5
178 216 7
856 944 1
370 258 4
392 669 0
147 79 3
783 366 2
494 53 0
953 635 2
953 489 0
282 912 6
564 920 1
732 518 5
736 663 8
565 735 0
74 71 6
395 603 4
943 881 6
824 794 7
195 404 1
29 870 4
375 249 4
472 381 6
290 851 3
421 825 2
499 81 4
192 772 6
540 473 7
836 252 3
105 239 7
250 82 6
962 19 2
772 553 1
101 876 3
799 224 0
21 192 2
527 45 1
650 138 4
817 887 7
484 837 7
83 81 0
356 393 8
46 599 4
835 889 2
680 837 1
818 309 3
202 471 1
836 120 2
845 440 1
274 529 2
964 550 3
118 986 6
520 481 4
874 425 2
762 982 5
320 466 6
747 229 8
640 531 1
121 324 2
917 779 1
674 54 1
511 1000 4
995 580 8
340 503 2
685 671 3
251 733 4
533 871 7
7 802 1
153 198 0
675 65 6
141 615 2
155 337 0
800 644 6
861 556 8
369 629 8
75 940 6
328 929 4
766 340 0
634 641 7
459 869 0
331 222 7
522 34 1
654 702 7
704 441 5
240 67 2
760 401 3
875 876 6
181 154 8
607 360 1
446 350 0
882 564 5
206 744 0
175 256 5
413 55 5
465 199 6
477 337 3
474 727 5
745 166 2
739 905 4
541 227 1
17 107 1
938 414 0
399 897 3
803 248 3
559 461 8
715 674 0
722 530 2
801 98 3
898 2 0
836 655 7
304 367 8
463 503 3
445 326 2
132 141 0
771 793 1
485 255 2
147 262 7
101 906 4
407 841 0
4 980 7
144 936 0
383 289 6
188 56 6
804 639 5
52 557 4
848 761 1
336 547 7
849 59 5
719 6 7
426 237 3
69 842 3
229 246 2
865 135 3
965 113 8
953 270 3
972 239 0
737 863 7
726 581 8
342 108 7
145 160 8
938 275 6
565 983 2
358 699 5
450 105 4
100 85 3
119 504 5
386 515 0
217 992 7
424 44 7
971 582 8
413 501 7
254 57 4
653 77 7
839 689 6
67 139 6
810 851 5
215 361 6
612 703 3
823 199 8
11 879 7
198 500 3
223 900 5
790 81 6
97 996 6
355 702 7
378 877 3
621 482 7
931 617 4
715 959 2
382 713 0
143 625 2
701 303 8
107 745 4
73 867 3
402 578 0
590 208 1
212 930 2
247 615 0
99 758 7
491 736 0
265 744 0
670 80 3
91 817 1
700 391 1
587 78 7
843 72 7
164 67 4
714 50 6
275 999 7
359 247 7
10 918 5
68 969 1
483 209 0
770 167 1
742 444 5
665 634 5
361 398 2
373 33 3
37 856 3
835 158 7
88 547 7
251 569 4
508 895 6
752 816 4
349 79 6
554 589 6
959 740 1
332 399 4
246 64 7
772 535 3
863 42 7
246 570 4
500 917 8
189 664 2
911 411 4
245 894 5
210 532 8
118 298 1
485 877 7
587 953 2
704 844 3
157 731 5
820 709 6
161 801 2
892 696 2
179 661 1
34 433 2
666 218 6
478 16 4
288 818 0
576 940 7
845 31 6
88 770 4
882 126 7
22 459 6
743 509 5
854 710 8
345 780 2
958 449 8
471 448 8
215 900 3
688 315 3
338 409 1
494 67 7
549 908 1
195 365 4
782 739 2
76 25 7
970 943 3
940 638 1
730 59 1
39 292 0
876 370 7
786 282 0
402 833 5
690 783 1
591 572 2
219 852 5
1 665 1
374 430 6
543 667 5
570 284 5
347 68 1
573 872 7
263 546 4
170 429 2
849 10 0
342 606 6
425 761 6
697 670 6
630 818 1
531 978 6
503 66 6
434 141 8
127 72 7
812 835 5
830 688 6
402 600 8
769 127 7
104 930 8
376 470 5
594 338 7
583 52 6
58 62 4
201 830 1
318 85 3
231 4 8
213 279 8
131 133 7
572 613 2
626 892 3
98 468 4
363 382 6
683 500 8
533 571 6
89 529 4
850 146 7
741 726 3
166 196 7
353 992 5
442 832 8
831 448 0
357 124 7
890 905 1
556 351 6
952 259 5
376 115 5
544 755 3
212 305 3
893 126 5
100 68 4
601 713 8
1000
65 836 410
1405 529 1405
1725 774 2099
1867 803 2834
3218 778 4082
3530 219 4163
3841 420 4554
4708 912 7948
4750 660 9259
6572 90 9837
7721 648 12301
9856 387 12726
12356 533 13387
12721 418 15233
13070 126 15426
13662 131 16188
14614 341 16939
17102 224 18132
17808 682 18924
17969 624 18942
18164 289 19806
19324 578 20221
19561 86 21508
19974 740 23137
22460 197 23332
23169 540 23835
25836 538 25836
26849 80 26849
27986 571 27986
28602 638 28602
29493 943 29493
29585 146 29585
31371 164 31371
31536 26 31536
31636 833 31636
31830 826 31830
35182 339 35182
35467 790 35467
35895 942 35895
36859 582 36859
37617 377 37617
38647 670 38647
39213 36 39301
39900 234 40146
40055 11 40440
41910 697 41910
42747 176 42747
43522 681 45364
46668 997 46996
47222 724 52755
50486 814 52769
50563 408 54719
51378 869 55305
52471 474 55465
52517 861 62403
58336 966 63226
58537 538 63795
59145 597 64107
59922 885 64374
61336 615 65412
68107 690 68107
68114 375 68114
68589 233 68589
69443 937 69443
69600 507 69600
71223 83 71223
71323 339 71323
71928 708 71928
72772 676 74949
75348 351 75348
75357 695 76796
75520 587 77305
77157 34 77342
77431 949 79313
77460 956 79401
78675 784 80574
83051 367 83051
83106 610 83586
83802 664 84079
84986 825 84986
86336 719 86336
88178 334 88178
88651 968 88651
89750 498 89750
89887 519 89887
90547 196 90547
91343 980 91343
92482 131 92530
93411 392 93411
94717 228 94717
95153 104 95153
97137 876 97137
98942 272 98942
99244 146 99244
99514 272 99514
102567 604 102567
102618 507 102618
105092 990 105092
106479 826 106479
107164 408 107164
107971 203 107971
109447 66 109447
109862 368 109862
110343 637 110343
110556 262 110556
111504 27 111504
112544 659 112544
113277 192 113277
113902 123 113902
116289 920 116289
119064 402 119064
120178 520 120178
123875 716 123875
123952 251 123952
124008 337 124008
125134 910 125134
125531 522 125531
125675 672 125675
126047 608 126047
126117 647 126117
126677 839 126677
127146 356 127146
128081 276 128081
128786 19 128786
129364 17 129364
129809 44 129809
130529 635 130529
131104 173 131104
133229 649 133229
133917 742 133917
135946 957 135946
136377 930 136377
137560 43 137560
137640 234 137640
137757 64 137757
138066 985 138066
139958 578 139958
140067 679 140067
141877 287 141877
143177 474 143177
143193 330 143193
147590 22 147590
148126 447 148126
148293 76 148293
148446 995 148446
148945 581 148945
149613 819 149613
150107 199 150107
150517 863 150517
150533 746 150533
150597 363 150597
150858 535 150858
152252 411 152252
153851 70 153851
154226 35 154226
154752 636 154752
155620 642 155620
156828 906 156828
157535 521 157535
157859 420 157859
160877 328 160877
162522 876 162522
163946 148 163946
164873 118 164873
166616 241 166616
167383 115 167383
169862 608 169862
172878 117 172878
173662 990 173662
173809 964 173809
173812 201 173812
173914 163 173914
175330 567 175330
175511 918 175511
175700 575 175700
178386 959 178386
178589 22 178589
181554 210 181554
184315 75 184315
187067 176 187067
187255 465 187255
187449 727 187449
189308 363 189308
190137 323 190137
190301 764 190301
190954 390 190954
192442 55 192442
192926 110 192926
193033 776 193033
194357 428 194357
195460 639 195460
195782 433 195782
196169 20 196169
196849 830 196849
197502 557 197502
197802 601 197802
199097 631 199097
200541 590 200541
200896 202 200896
202168 937 202168
202434 788 202434
203664 105 203664
204917 290 204917
206262 40 206262
210862 471 210862
211161 142 211161
211437 116 211437
213752 112 213752
215191 705 215191
215570 348 215570
215755 955 215755
216762 911 216762
217338 927 217338
218190 490 218190
220045 909 220045
220540 57 220540
220875 562 220875
221346 69 221346
223561 220 223561
224543 484 224543
225042 220 225042
226077 970 226077
226131 656 226131
229300 371 229300
229481 763 229481
230701 136 230701
231607 302 231607
231813 872 231813
233301 280 233301
233453 877 233453
234680 857 234680
235474 562 235474
235898 286 235898
236724 162 236724
237570 980 237570
243412 87 243412
243475 986 243475
244022 664 244022
244232 158 244232
244495 778 244495
248137 665 248137
248315 423 248315
248748 59 248748
254766 525 254766
255105 439 255105
255964 957 255964
258358 41 258358
258463 434 258463
259178 616 259178
260140 422 260140
261932 432 261932
262852 382 262852
263168 926 263168
263868 591 263868
265078 781 265078
266702 33 266702
268729 662 268729
269055 368 269055
269691 981 269691
270417 478 270417
270640 785 270640
271906 726 271906
274157 191 274157
279211 677 279211
280826 616 280826
282163 974 282163
282230 107 282230
282607 846 282607
283775 824 283775
284177 929 284177
284193 275 284193
285899 22 285899
286754 127 286754
287855 674 287855
288144 796 288144
288402 87 288402
289228 626 289228
290028 322 290028
290485 191 290485
292019 496 292019
292480 484 292480
292828 140 292828
292953 493 292953
293059 245 293059
294450 677 294450
294647 337 294647
296665 171 296665
300766 864 300766
302191 274 302191
302353 72 302353
303913 805 303913
304393 746 304393
305011 185 305011
307139 675 307139
308153 671 308153
308437 851 308437
308677 255 308677
309513 679 309513
311897 270 311897
312345 465 312345
312691 758 312691
315775 147 315775
318892 47 318892
319118 460 319118
319175 529 319175
319207 599 319207
319235 704 319235
320116 481 320116
320665 612 320665
322809 25 322809
323657 565 323657
323732 714 323732
324808 131 324808
327237 454 327237
327406 621 327406
328121 181 328121
328852 373 328852
329056 684 329056
330326 475 330326
330488 668 330488
331245 513 331245
333451 415 333451
333783 323 333783
334404 951 334404
335059 710 335059
335533 20 335533
336612 576 336612
336700 963 336700
337306 430 337306
339922 385 339922
340888 88 340888
341310 905 341310
343762 525 343762
345001 583 345001
345601 207 345601
346714 250 346714
346925 265 346925
347126 759 347126
351608 132 351608
352636 343 352636
352736 539 352736
353761 988 353761
354056 874 354056
354526 6 354526
356214 422 356214
356221 548 356221
357537 762 357537
357577 32 357577
357952 435 357952
360032 473 360032
360984 60 360984
361822 153 361822
361997 391 361997
362421 707 362421
365814 289 365814
368341 378 368341
368991 7 368991
369950 354 369950
370222 211 370222
371494 28 371494
371600 354 371600
372332 805 372332
372346 282 372346
373166 383 373166
373221 120 373221
374567 910 374567
374587 40 374587
375886 477 375886
376449 560 376449
377526 65 377526
379070 399 379070
379646 961 379646
381669 420 381669
383033 454 383033
384260 54 384260
386388 759 386388
388246 934 388246
391189 376 391189
392990 192 392990
393038 803 393038
393297 839 393297
393375 391 393375
393791 235 393791
394422 216 394422
394668 969 394668
395691 683 395691
396162 484 396162
398782 844 398782
399169 690 399169
399190 762 399190
399518 722 399518
399666 622 399666
401611 358 401611
402352 201 402352
403586 222 403586
404523 636 404523
404847 889 404847
405633 577 405633
406175 175 406175
408202 183 408202
409122 920 409122
410182 404 410182
412201 481 412201
412777 325 412777
413688 165 413688
415845 78 415845
416240 571 416240
416567 918 416567
417459 698 417459
417970 399 417970
418344 620 418344
418666 483 418666
418715 615 418715
419304 107 419304
419724 987 419724
420408 754 420408
424107 40 424107
425924 216 425924
429764 683 429764
429829 955 429829
431928 842 431928
432043 589 432043
432198 493 432198
433687 231 433687
434071 134 434071
434623 161 434623
434768 733 434768
434919 562 434919
435117 945 435117
436056 993 436056
436694 957 436694
436706 150 436706
436746 137 436746
437175 975 437175
438533 699 438533
438574 807 438574
438859 89 438859
439325 361 439325
440962 832 440962
442213 370 442213
444070 416 444070
444908 955 444908
446332 231 446332
447160 715 447160
447210 809 447210
447940 650 447940
448362 810 448362
450337 10 450337
452815 829 452815
455408 794 455408
456675 200 456675
460104 895 460104
461199 156 461199
463365 632 463365
463901 614 463901
466499 979 466499
468223 624 468223
468858 927 468858
469121 980 469121
470885 921 470885
471911 14 471911
472901 447 472901
473309 353 473309
474878 241 474878
475147 889 475147
475269 559 475269
477200 718 477200
477678 706 477678
478000 944 478000
478824 303 478824
478932 947 478932
481369 607 481369
482925 888 482925
484091 275 484091
485780 408 485780
486513 860 486513
486554 475 486554
486616 586 486616
486817 128 486817
488991 33 488991
489672 614 489672
490962 589 490962
492161 490 492161
493247 502 493247
493452 755 493452
493524 326 493524
493779 910 493779
494298 701 494298
495189 655 495189
495393 757 495393
495631 973 495682
497496 623 499368
497727 398 499544
498156 381 502453
498666 479 504133
499229 702 504713
502213 51 505205
502549 313 507188
505778 529 508329
507133 458 508730
507288 966 509194
507530 758 509932
507567 841 511039
508146 378 511569
509133 690 512322
511066 790 513686
511396 898 514413
513340 926 515063
513662 558 516454
514990 802 516542
515938 292 517685
518338 607 518338
523328 442 523328
524224 473 524224
524565 893 524565
525503 324 525503
526025 654 526025
528595 732 528595
528918 12 528918
529302 539 529394
529369 73 529849
529784 87 530196
530189 417 533969
531030 310 536231
531343 705 536377
532597 874 538860
533462 892 538938
534438 482 538945
534740 516 539146
536237 255 540385
537051 939 541527
541435 693 541748
542129 215 543065
542992 484 543402
543298 173 546491
543770 780 547284
545302 883 548538
546491 233 549045
546886 34 549992
547221 681 550641
547614 728 552413
549366 789 553853
549395 309 554338
550308 271 555687
551871 642 556799
555607 512 557604
558464 812 558464
558555 208 560096
559888 873 561143
561328 290 561328
563965 819 563965
564035 982 564035
565010 992 565010
566218 374 566218
566655 214 566655
568292 749 568292
568556 388 568556
569105 345 569105
570946 420 570946
576360 185 576360
576975 348 576975
576983 920 576983
577069 888 577069
577844 311 577844
578320 380 578320
579613 145 579613
581080 74 581080
582143 677 582143
582651 105 582651
582898 542 582898
582985 908 582985
584810 899 584810
586896 697 586896
587248 399 587248
588195 583 588195
589339 143 589339
589834 386 589834
590393 762 590393
591702 299 591702
593028 714 593028
593443 121 593443
594775 926 594775
595322 526 595322
595405 457 595405
597733 206 597733
598795 120 598795
599603 323 599603
600054 425 600054
600827 602 600827
604590 531 604590
605409 13 605409
605491 932 605491
605767 776 605767
606059 156 606059
607387 569 607387
607918 297 607918
615417 346 615417
617004 883 617004
617008 397 617008
617650 422 617650
618708 256 618708
619055 423 619055
619171 904 619171
619748 21 619748
620402 592 620402
620738 160 620738
620929 496 620929
623620 157 623620
623921 685 623921
624868 646 624868
626629 993 626629
628470 611 628470
629292 969 629292
629488 457 629488
629574 370 629574
630047 259 630047
630738 444 630738
630840 379 630840
631719 289 631719
632915 877 632915
635181 378 635181
636540 574 636540
638834 567 638834
639459 207 639459
641391 897 641391
643010 792 643010
643195 284 643195
643402 600 643402
645420 614 645420
647230 732 647230
647564 747 647564
647850 366 647850
648024 934 648024
650319 657 650319
653970 190 653970
655454 896 655454
655609 867 655609
655858 847 655858
655979 917 655979
656258 797 656258
657006 832 657006
658204 357 658204
660569 940 660569
662416 522 662416
662440 134 662440
663464 807 663464
664693 480 664693
664857 251 664857
665294 782 665294
665949 778 665949
666069 821 666069
668044 420 668044
669706 359 669706
671178 265 671178
671853 948 671853
672558 46 672558
672719 557 672719
676268 435 676268
676622 454 676622
678272 992 678272
678427 455 678427
678559 447 678559
680210 299 680210
681217 939 681217
681943 857 681943
682113 938 682113
682814 963 682814
682869 253 682869
683426 474 683426
684437 847 684437
684920 979 684920
685929 257 685929
686795 388 686795
687304 413 687304
687654 836 687654
688702 472 688702
689103 838 689103
690096 820 690096
693769 654 693769
694497 607 694497
694674 918 694674
695701 399 695701
695892 708 695892
697412 630 697412
699186 315 699186
700604 58 700604
701228 438 701228
702011 696 702011
702895 16 702895
703463 648 703463
703871 429 703871
704131 307 704131
704776 613 704776
708078 81 708078
708470 902 708470
709781 346 709781
709869 962 709869
711000 118 711000
714759 649 714759
714769 246 714769
716524 430 716524
718316 621 718316
719325 113 719325
719482 447 719482
719815 691 719815
720907 29 720907
721148 645 721148
722015 81 722015
722770 732 722770
722805 951 722805
723613 63 723613
726321 244 726321
726506 232 726506
726987 637 726987
727433 861 727433
727570 107 727570
728712 215 728712
729487 825 729487
729919 219 729919
730806 646 730806
731264 995 731264
731876 656 731876
732935 286 732935
733195 437 733195
733400 229 733400
734489 608 734489
739258 163 739258
739355 704 739355
740070 580 740098
740582 190 740606
742835 369 742835
743265 844 743265
745261 200 745261
747650 336 747650
748143 1000 748143
748540 899 748540
748667 502 748667
749375 357 749375
749461 356 749461
749902 906 749902
750809 518 750809
751635 154 751635
752649 26 752649
753465 405 753465
754541 549 754541
755551 676 755551
755610 690 755610
757249 23 757249
758293 643 758293
759211 634 760319
761777 583 761777
762122 803 764467
762955 52 764761
763563 896 767914
764028 764 769277
766843 807 769959
766935 168 770331
767561 617 770901
767769 697 772366
768201 683 774141
768900 17 774255
770567 987 775122
771722 303 778563
772238 308 778821
772344 709 779262
772753 553 780378
773175 460 782301
773479 320 783995
773546 577 784491
773805 638 784558
774341 132 784710
775856 83 785315
778488 194 785367
778756 701 787393
779133 360 787572
779529 784 788857
781615 999 790881
782162 758 791168
783480 109 792114
785026 323 793182
787208 917 794997
787262 825 795241
788351 730 795381
788982 315 796280
789538 510 796959
789691 509 797184
790308 184 797257
790482 131 799190
790771 452 799332
791128 220 799416
792492 712 800008
793026 413 802208
793297 316 802293
793834 805 803905
794523 4 804378
797534 998 805406
797863 583 807971
798281 447 809337
799879 945 809999
800173 869 810040
801292 743 811080
802673 630 811296
803314 162 811841
806453 137 812884
809473 118 812957
810369 338 813073
811096 702 813432
811548 164 813752
813864 471 813872
813968 731 814940
815569 887 815569
817436 626 817487
818709 254 818709
818884 19 820499
820329 819 822629
821822 633 824852
823136 123 825970
824044 547 827735
825048 560 828362
825453 601 829601
825743 553 829868
828929 575 830910
829941 481 831080
830461 112 831397
830707 271 831661
831872 89 832128
832674 32 833120
833130 490 836175
833253 198 837110
835483 327 837981
836005 928 839325
838085 848 839428
839530 343 839530
840407 884 841222
842787 361 842787
842867 437 842867
845176 69 845176
845647 191 845647
845650 459 845650
845988 271 849294
846234 10 850425
848417 315 851121
848968 668 853452
849405 500 853851
849607 460 853931
851173 469 854164
851178 577 854180
851314 186 854726
851688 208 857078
851733 104 857102
852127 819 857964
852715 171 858062
857317 933 858107
858114 586 858307
858210 444 860678
858277 249 863288
858656 31 864672
859973 698 865140
860432 729 866449
862256 489 868250
863488 563 869831
863627 221 871094
864674 200 871525
864952 107 872078
865242 589 875251
865300 288 878404
865733 24 880099
866100 68 880892
866177 701 881177
869842 306 882374
870462 943 884382
871737 307 885833
874264 643 885843
875925 100 886874
877894 204 887435
878112 304 887737
879493 232 888247
879560 498 889616
882521 831 889959
882649 695 889971
885436 38 890145
887489 992 890630
889838 370 890717
890984 887 891028
891138 859 892024
892336 104 892336
892940 759 892940
893588 755 893878
893820 542 894338
894329 113 895149
894718 480 895511
896198 980 899358
896717 41 899639
898524 108 901623
898936 843 902653
902196 756 902730
903885 798 903885
904354 522 904354
907930 589 907930
908014 810 908014
908933 781 908933
909722 486 909722
910086 719 910086
911160 648 911160
911270 353 911270
911535 229 911535
912061 192 912061
913107 134 913107
914938 618 914938
915642 273 915642
915789 58 915789
918557 407 918557
918808 586 918808
918931 435 918931
919177 772 919177
919407 257 919407
919451 619 919853
919793 356 919919
920974 360 920974
922781 654 922781
924420 127 924420
925510 466 925510
925872 4 925872
927024 709 927024
927435 531 927435
927952 269 927952
931641 728 931641
932702 547 932702
935208 431 935208
936034 969 936034
936316 6 936316
936401 79 936401
937381 346 937381
940184 628 940184
940484 815 940484
941014 280 941014
942321 684 942321
942336 869 942336
942533 169 942533
943552 299 943552
944032 848 944032
944780 821 944780
944844 533 944844
945503 780 945503
946345 898 946345
947632 120 947632
948542 588 948542
948746 543 948746
948762 487 948762
950359 460 950359
950672 516 950672
952282 510 952282
952978 178 952978
954014 388 954014
954205 759 954205
954767 281 954767
957293 516 957293
958571 370 958571
960913 313 960913
961158 863 961158
962153 421 962153
963036 48 963036
963970 979 963970
964310 429 964310
964620 136 964620
965258 27 965258
965617 369 965617
967953 13 967953
977987 932 977987
978084 271 978084
978208 425 978208
978456 441 978456
978985 914 978985
979867 320 979867
979945 883 979945
980405 107 980405
980639 802 980639
981102 626 981102
981567 924 981567
981839 381 981839
982699 817 982699
984009 1000 984523
986353 453 986353
986446 582 986446
987956 135 987956
989580 250 989580
990529 663 990529
990734 861 990734
991016 620 991016
992408 414 992408
993888 287 993888
994812 12 994812
994905 238 994905
994987 299 994987
995321 463 996208
997553 72 997553
997559 969 997627
997578 326 997666
997749 82 998245
998132 321 999480
