1000 999
211 50 4
139 940 8
649 154 7
884 554 0
236 838 5
181 590 6
404 414 5
109 740 1
187 148 3
663 707 0
196 23 4
835 9 4
504 609 7
340 127 8
786 697 3
939 147 6
845 57 4
323 663 6
391 467 4
777 165 2
501 320 4
35 16 0
219 164 1
178 744 8
602 26 4
121 338 7
960 949 1
875 212 3
948 926 2
834 838 4
526 228 1
172 989 3
708 118 5
520 730 5
881 733 0
84 72 4
518 229 4
153 528 3
562 833 6
871 554 3
611 207 2
193 69 1
722 560 3
444 970 3
574 830 0
135 122 6
238 899 8
983 972 8
77 607 8
94 515 7
192 62 3
299 109 3
453 816 5
123 972 6
854 976 7
198 598 7
378 67 6
578 483 2
486 384 8
931 624 6
66 621 0
647 593 8
768 337 3
387 220 2
144 135 6
269 637 7
782 712 1
307 552 8
854 618 3
971 244 2
137 303 8
840 828 5
867 234 1
111 944 0
855 148 6
602 256 7
995 925 7
263 559 4
844 172 0
853 991 6
726 936 3
741 120 3
278 986 5
499 833 6
660 97 7
994 660 8
638 426 3
728 387 4
181 102 4
237 347 6
135 408 1
538 247 4
55 187 6
366 873 6
948 156 8
182 428 7
395 575 3
293 643 1
219 44 1
90 731 6
65 709 2
858 989 6
285 130 0
128 831 0
835 40 3
241 72 2
543 326 5
641 323 1
909 703 1
240 679 3
566 785 5
749 601 7
111 832 3
343 23 8
949 119 6
900 385 6
565 54 1
604 123 2
364 959 4
886 547 5
78 29 4
258 148 3
470 646 0
353 319 6
858 857 6
485 989 1
21 970 8
395 873 0
164 583 7
881 322 1
565 527 6
454 456 0
689 409 8
751 230 7
668 930 0
619 509 4
474 809 5
533 116 1
799 732 0
653 439 7
401 458 4
165 678 6
73 947 4
542 632 7
294 290 1
790 848 7
431 879 6
37 158 8
847 649 6
708 434 4
806 951 3
926 250 2
502 407 6
106 406 0
87 28 6
769 798 6
370 141 0
483 113 3
823 68 6
632 258 7
668 253 0
960 166 7
267 162 6
497 764 4
669 424 1
731 988 3
8 73 0
457 977 6
692 505 0
705 398 1
759 614 2
770 662 6
214 826 5
862 209 4
677 549 5
65 77 7
336 564 7
478 47 4
943 862 2
413 594 2
817 221 5
659 577 5
718 93 7
128 159 2
599 494 4
773 62 6
920 64 2
760 241 7
854 932 3
517 239 6
328 637 5
864 818 3
417 352 1
516 250 2
3 651 5
636 511 7
183 19 5
319 117 4
721 785 8
932 168 2
630 956 0
844 947 3
123 927 6
582 808 6
798 410 0
350 82 1
335 61 2
90 662 4
427 345 5
500 791 8
451 363 0
498 97 1
365 213 2
664 380 8
977 233 2
14 146 3
798 809 7
699 893 2
613 463 1
779 957 5
351 568 7
265 432 0
459 2 8
595 161 2
276 203 2
754 140 5
938 271 8
403 933 2
529 394 6
392 916 4
969 246 4
437 321 0
381 681 1
625 494 4
186 908 0
882 765 5
18 248 7
606 382 8
992 579 3
457 927 1
231 980 8
684 594 8
503 402 7
156 337 8
377 944 0
246 747 4
64 517 5
131 679 2
521 339 5
316 810 5
429 779 4
969 623 3
285 556 2
92 831 2
710 147 7
273 32 8
23 208 4
763 809 8
5 116 4
319 505 7
954 527 1
507 4 6
580 270 8
835 305 0
85 489 2
854 914 6
590 480 3
991 897 3
62 755 4
877 399 6
400 671 0
816 108 3
369 396 1
771 913 3
340 301 0
259 392 4
605 198 2
193 122 3
536 691 3
883 292 0
303 775 6
747 795 6
846 935 0
403 510 0
825 61 2
63 936 7
303 926 4
984 194 5
95 920 0
576 87 4
40 634 7
419 553 5
433 175 0
734 455 0
22 813 7
878 10 1
692 160 0
757 890 0
339 26 2
418 741 1
244 923 1
439 326 2
76 822 1
63 277 1
938 359 5
335 581 7
804 661 6
549 264 5
981 367 0
331 752 7
107 956 1
931 65 1
216 43 8
580 714 8
434 599 7
270 298 1
499 834 8
600 670 7
371 871 0
689 253 8
521 231 3
483 797 1
997 913 5
60 268 3
917 996 6
616 685 4
766 982 8
222 104 5
79 729 0
504 456 5
193 903 2
695 258 4
631 599 8
802 131 7
739 561 3
149 958 5
428 74 2
170 673 1
381 593 3
485 435 6
806 784 5
880 20 5
286 222 4
110 849 4
338 71 1
494 525 6
956 481 7
179 127 0
532 642 3
296 918 7
423 860 5
778 431 1
601 813 1
274 563 7
789 801 4
21 842 3
490 231 6
547 20 5
318 583 4
427 283 4
46 382 7
157 74 3
921 717 5
616 507 7
961 824 3
157 67 7
876 402 8
846 100 4
544 475 2
803 533 5
902 115 0
781 147 2
550 126 3
119 810 6
258 342 3
570 294 8
791 584 8
386 856 8
894 187 2
135 58 2
667 756 2
57 660 3
248 472 7
551 898 0
230 754 6
289 691 5
703 544 4
819 754 5
202 405 2
900 889 5
75 207 1
227 840 3
787 574 8
293 848 1
497 126 5
735 390 3
207 190 8
543 128 8
911 335 0
547 167 7
223 108 7
285 401 2
621 757 3
683 781 4
447 524 3
421 133 8
387 414 2
696 937 5
614 228 5
754 39 8
142 696 5
225 867 0
203 744 2
231 549 8
319 104 5
73 248 0
569 837 6
644 727 7
679 124 4
963 904 6
423 285 7
159 518 7
197 537 6
59 827 6
34 440 1
202 571 3
488 548 8
667 852 3
278 132 8
851 126 4
411 461 8
355 223 8
479 302 2
883 851 3
47 127 7
249 990 5
189 172 7
687 392 6
92 945 5
737 879 0
307 962 1
312 796 0
841 267 7
88 225 8
284 131 4
398 210 7
93 787 4
443 328 8
851 281 4
601 665 2
298 407 5
904 982 5
588 905 1
625 539 8
247 923 0
906 354 4
783 430 0
949 27 3
62 866 8
801 51 2
42 428 3
642 236 8
829 712 4
770 556 6
609 557 7
271 960 3
488 32 0
381 67 0
373 690 8
183 354 6
859 892 8
920 350 0
101 133 5
209 133 5
652 615 5
866 785 1
451 808 8
889 397 7
496 859 0
875 72 1
294 211 0
803 714 1
791 674 4
464 711 4
336 578 7
530 848 8
861 814 2
198 925 3
48 148 8
172 864 4
293 342 5
868 468 4
301 716 4
492 342 2
193 520 2
476 33 4
587 55 4
890 597 5
784 865 5
94 410 8
40 919 6
345 820 3
195 257 7
630 207 5
414 566 7
519 114 6
366 724 3
362 259 7
844 890 4
990 753 8
554 861 7
940 713 7
246 639 2
425 458 3
143 460 0
136 76 8
788 401 7
541 159 0
519 445 4
210 633 2
934 975 7
60 279 2
745 309 5
609 450 6
411 137 3
962 267 1
389 115 7
93 108 6
446 349 6
216 500 6
780 11 2
717 839 7
640 382 4
490 998 2
774 808 0
534 208 8
416 304 7
14 941 4
217 713 5
348 35 2
6 967 7
807 941 2
564 655 3
175 825 4
252 177 6
664 226 7
535 956 1
71 200 6
782 41 0
916 980 1
522 312 5
576 896 3
30 736 6
545 591 6
824 312 6
432 199 7
267 226 7
451 387 6
183 639 7
689 57 1
396 235 5
910 16 3
635 281 2
411 595 8
742 769 1
856 843 6
658 716 0
893 575 1
232 24 5
683 354 6
566 357 4
438 910 1
360 592 6
197 946 3
659 752 2
569 964 8
341 639 3
638 423 2
286 174 7
648 266 3
385 450 7
336 585 7
332 983 2
508 870 5
38 558 5
13 559 0
737 355 4
756 715 8
386 931 2
171 746 8
872 199 1
702 266 8
908 605 3
783 204 7
969 591 0
255 29 2
538 384 1
912 382 5
283 217 5
274 978 5
441 462 1
675 974 7
53 863 3
280 121 0
993 991 5
469 714 2
882 779 7
150 790 3
10 954 7
136 25 8
226 212 2
585 426 2
793 378 4
517 376 2
113 176 8
288 724 2
36 654 4
657 912 6
147 29 4
282 331 1
99 714 8
315 558 2
28 65 0
577 617 7
398 368 4
227 627 8
497 172 7
555 901 4
849 812 2
243 687 2
780 295 8
375 691 3
699 263 8
284 645 6
211 314 3
891 999 3
317 460 6
338 876 7
718 887 5
841 694 4
992 212 8
922 157 8
466 410 1
650 528 2
323 98 8
155 975 2
279 171 8
964 470 0
122 815 3
121 262 5
446 494 7
918 350 4
792 398 5
966 8 3
173 935 3
136 680 5
546 338 1
56 979 6
215 805 3
581 268 8
304 311 6
704 419 7
745 649 3
874 359 4
10 104 5
394 188 1
793 213 2
412 895 7
298 59 0
184 908 0
572 365 3
487 91 0
290 942 7
590 780 4
137 519 8
206 14 4
335 351 3
696 112 2
987 504 8
130 499 6
617 241 7
768 112 7
167 52 4
331 437 5
4 379 0
979 825 7
539 361 3
260 410 1
652 663 4
491 965 6
104 786 4
848 448 0
730 17 7
686 340 3
672 836 6
835 700 1
922 449 5
639 924 0
682 902 5
913 889 8
519 442 5
817 578 6
279 546 4
341 911 5
389 333 8
840 82 8
70 794 6
843 913 5
180 521 4
153 948 3
830 478 6
665 358 4
745 620 4
419 280 4
529 622 8
858 610 6
549 811 6
600 736 3
858 701 4
510 708 5
669 328 5
552 399 2
402 49 0
526 161 5
224 264 5
570 712 6
560 307 3
534 436 2
327 428 8
344 944 6
211 397 7
421 176 2
353 30 7
977 935 7
106 634 5
832 388 5
420 524 6
603 119 1
622 422 5
79 835 2
964 762 8
308 153 3
207 203 3
999 50 8
718 899 6
620 591 1
312 816 2
799 109 3
110 651 1
663 891 3
302 346 6
968 272 2
382 974 4
586 629 6
288 413 8
313 534 7
136 908 8
718 878 3
186 234 5
360 707 0
152 292 6
559 164 4
237 242 2
979 21 2
300 512 4
37 104 2
511 523 7
79 732 1
881 306 4
725 467 4
651 679 3
452 755 6
857 109 8
808 648 0
926 103 3
236 251 7
857 232 5
996 712 4
898 266 2
575 926 7
356 704 4
137 750 0
772 437 6
868 998 5
310 511 0
88 369 3
291 710 4
698 676 0
533 81 7
255 51 7
686 792 3
520 983 0
383 975 2
117 757 8
817 125 5
332 358 7
978 890 5
304 169 5
926 932 0
612 583 5
1000 333 4
259 748 2
128 773 2
710 180 7
230 523 8
693 928 1
467 796 0
509 968 6
473 506 0
140 512 1
1 880 7
854 869 0
194 629 8
720 652 7
158 993 8
12 134 6
964 212 3
161 529 3
800 642 8
850 141 7
98 86 1
684 672 6
311 758 0
36 573 5
287 368 6
375 393 8
721 4 6
374 535 6
226 555 5
463 414 6
115 722 3
165 28 0
157 743 4
533 482 2
953 761 6
907 713 8
493 912 8
317 177 0
782 646 5
863 865 7
385 129 3
54 888 3
816 390 7
418 450 4
412 544 2
974 361 7
784 328 5
701 719 0
531 992 7
328 60 4
904 381 5
666 676 7
524 600 7
250 329 1
720 892 5
36 544 1
688 6 3
792 514 2
297 409 6
628 368 2
27 537 8
246 83 5
866 585 7
794 6 0
322 637 4
900 460 8
38 60 1
491 188 2
110 921 8
228 275 8
465 185 7
884 400 1
364 70 7
540 769 6
761 7 5
793 863 6
608 619 4
768 195 1
476 32 3
64 867 0
326 691 2
311 284 6
903 383 0
586 986 0
739 286 5
462 784 6
850 65 7
377 191 6
484 22 5
245 180 7
96 388 7
46 537 6
656 896 1
192 674 3
81 163 3
166 489 8
336 215 2
36 690 5
706 261 3
982 985 6
239 138 0
403 571 1
596 590 0
654 31 4
726 605 5
538 723 7
11 975 5
225 151 8
665 909 0
738 557 8
501 447 8
454 689 1
68 303 1
206 262 8
249 497 6
415 661 1
325 688 6
341 170 2
126 649 6
970 662 3
417 80 4
45 871 0
910 953 7
887 334 4
91 862 7
105 260 5
341 304 4
477 330 4
254 786 3
767 398 6
427 155 0
856 205 1
201 34 1
129 915 1
185 644 5
111 952 5
473 982 1
567 496 7
693 292 0
169 460 5
870 2 1
533 267 1
479 590 8
968 274 5
667 777 5
987 242 4
885 707 6
686 779 4
676 610 0
600 952 7
950 680 8
535 943 0
16 484 8
85 706 4
997 587 0
657 822 0
628 134 2
324 164 0
892 417 6
199 16 3
3 367 0
151 372 1
364 229 0
699 1 3
39 896 7
11 320 3
440 90 5
776 382 7
800 495 3
815 589 5
626 188 6
923 196 7
431 89 6
471 71 3
879 826 1
205 145 3
973 448 6
435 734 3
823 372 5
783 259 0
351 477 0
269 465 1
459 312 4
15 612 1
862 464 0
929 514 0
476 18 7
804 956 5
759 513 3
821 9 0
629 743 6
955 639 3
343 857 0
958 777 8
105 991 2
434 624 1
905 96 8
45 846 8
383 218 8
1000
72 661 72
197 750 295
249 507 336
285 724 530
331 912 588
334 207 641
336 4 854
381 168 1049
421 716 1084
513 28 1145
598 368 1297
635 699 1355
1007 355 1531
1008 469 1556
1278 821 1665
1348 836 1745
1451 755 1771
1457 237 2052
1518 786 2125
1750 699 2253
1799 713 2327
1946 794 2397
1965 933 2600
2024 188 2616
2531 158 2838
2566 467 2957
2631 76 3005
2660 242 3127
2705 124 3252
2724 942 3296
2898 304 3738
3025 405 3761
3108 570 3771
3121 419 3831
3133 633 3924
3149 588 4025
3343 306 4026
3344 118 4300
3360 875 4383
3381 596 4396
3513 952 4499
3547 765 4764
3708 287 4894
3833 328 4976
3852 167 5035
3989 203 5038
4061 858 5112
4261 995 5152
4337 143 5178
4582 986 5355
4743 770 5623
4877 967 5688
4885 882 5733
4935 113 5787
5013 691 5803
5163 159 6065
5294 93 6085
5484 370 6379
5689 319 6427
5692 551 6432
5795 540 6671
5813 470 7017
5953 225 7023
6027 881 7096
6270 26 7125
6549 191 7213
6784 67 7269
6832 994 7307
6894 561 7373
6900 716 7437
7009 82 7721
7227 273 7796
7267 903 8065
7459 479 8072
7556 450 8081
7618 923 8213
7675 377 8247
7679 489 8276
8008 433 8353
8031 826 8458
8282 620 8484
8326 155 8488
8507 255 8571
8584 118 8632
8648 970 8726
8671 826 8905
8775 688 9041
8856 293 9103
8925 985 9110
8990 648 9164
9495 78 9495
9620 740 9620
9663 858 9663
9708 957 9708
9710 45 9710
9826 937 9826
9830 781 9830
9885 275 9885
9950 30 9970
9960 283 10070
10034 1000 10125
10040 374 10137
10121 928 10198
10299 515 10299
10342 220 10352
10359 547 10455
10377 940 10520
10378 353 10524
10705 329 10705
10740 77 10869
10775 556 10936
10812 534 11049
10890 645 11089
10918 342 11090
10934 788 11337
11062 409 11413
11117 879 11442
11203 333 11526
11447 197 11542
11537 848 11656
11540 973 11842
11650 722 11861
11684 852 12002
11758 427 12015
11767 960 12064
11783 17 12103
11794 194 12322
11827 3 12344
12280 92 12374
12289 416 12397
12398 943 12419
12419 750 12505
12620 811 12620
12752 581 12752
12834 382 12869
12884 870 12979
12933 249 13078
12949 81 13119
13178 225 13178
13200 52 13200
13220 627 13220
13229 350 13296
13284 133 13315
13339 715 13385
13423 981 13508
13595 698 13595
13670 408 13940
13924 688 14118
14019 55 14186
14121 102 14262
14144 678 14347
14424 215 14424
14657 627 14657
14660 593 14660
14782 567 14782
14855 689 14855
15120 859 15120
15158 579 15158
15232 650 15232
15393 982 15393
15418 665 15418
15461 956 15461
15665 489 15898
15823 7 16043
15843 54 16100
15884 53 16129
15938 79 16374
16027 56 16397
16065 398 16542
16110 211 16572
16538 213 16749
16809 243 16851
16876 436 16930
16931 96 16993
17050 977 17050
17081 496 17081
17182 39 17182
17249 684 17274
17293 221 17306
17447 236 17447
17676 574 17676
17914 375 17914
17925 355 17925
18122 597 18122
18258 615 18258
18343 694 18343
18417 936 18417
18580 695 18580
18586 239 18586
18604 374 18604
18706 871 18706
18724 390 18724
18726 680 18726
18748 188 18748
18850 153 18850
18918 45 18918
18948 437 18948
18959 405 19139
19057 76 19162
19191 61 19237
19320 308 19320
19409 254 19409
19467 463 19467
19517 542 19667
19558 232 19726
19562 968 19832
19575 863 19903
19588 550 19932
19648 372 19989
19775 954 20131
19828 529 20149
19979 628 20206
20046 486 20260
20047 168 20417
20066 780 20450
20098 725 20466
20256 458 20506
20340 64 20543
20482 936 20941
20497 968 21021
20525 253 21201
20529 494 21483
20670 806 21591
20751 196 21619
20843 580 21643
20858 465 21755
20863 483 21956
20901 648 21968
20975 185 22265
21053 437 22314
21088 225 22533
21185 459 22554
21300 215 22565
21392 141 22630
21627 545 22863
21631 499 23435
21633 14 23438
21919 842 23490
21942 85 23590
21969 578 23722
21978 419 23928
22207 45 23936
22367 661 24011
22565 430 24023
22859 205 24226
23169 760 24557
23221 998 24615
23256 765 24697
23451 247 24700
23653 710 24702
23842 517 24893
23845 464 24953
24008 270 25136
24043 113 25145
24171 889 25252
24280 678 25321
24463 729 25362
24477 968 25397
24511 287 25421
24614 722 25526
24646 263 25551
24693 148 25895
24695 480 25915
24748 305 25947
24790 239 26075
25139 795 26415
25207 386 26466
25246 603 26546
25345 499 26797
25613 570 26928
25753 812 27077
25818 916 27222
25860 861 27661
25872 709 27690
25879 744 27760
25944 78 27823
25975 44 27987
26167 726 27990
26251 395 28149
26288 160 28175
26305 489 28180
26693 311 28289
26750 209 28418
26826 963 28600
26856 194 28630
26925 683 28662
26926 147 28677
27069 522 28876
27132 594 28966
27386 774 29079
27599 962 29116
27618 304 29146
27811 767 29247
27912 992 29376
27923 82 29414
27929 737 29721
27960 999 29763
28013 343 29771
28100 804 29802
28104 466 29929
28214 39 29930
28333 691 30069
28338 551 30124
28427 529 30135
28538 718 30183
28674 162 30215
28769 327 30262
28776 386 30318
28793 345 30432
28795 462 30466
28854 638 30476
28870 785 30477
28945 855 30529
29097 418 30540
29311 239 30654
29689 236 30743
29732 402 30822
29816 860 30824
29834 371 30837
29863 462 31221
30325 495 31241
30405 694 31255
30442 753 31339
30458 499 31381
30464 373 31593
30639 801 31691
30727 742 31844
30839 764 31876
30848 795 31972
30917 182 32021
30950 768 32024
30962 289 32080
31129 617 32284
31347 598 32351
31389 520 32382
31448 786 32552
31771 146 32565
31862 665 32647
31891 255 32665
32082 433 32669
32185 959 32802
32206 295 32861
32216 863 32902
32419 724 32929
32537 387 32969
32604 607 33040
32639 668 33048
32900 330 33053
33391 55 33391
33726 639 33726
33752 744 33752
33779 148 33779
33887 682 33887
34028 556 34028
34253 53 34253
34256 147 34256
34609 851 34609
34714 944 34714
34744 136 34744
34992 284 34992
35006 702 35006
35396 995 35396
35438 490 35438
35461 558 35461
35483 309 35483
35518 300 35518
35874 999 35874
35969 285 35969
35988 309 35988
36021 49 36021
36082 474 36082
36196 409 36196
36237 411 36237
36385 266 36385
36553 204 36553
36587 187 36587
36666 877 36666
36690 325 36690
36735 545 36735
36849 474 36849
37023 564 37023
37379 945 37379
37495 425 37495
37538 976 37538
37584 352 37584
37615 205 37615
37699 877 37699
37788 507 37788
38109 23 38109
38208 987 38208
38240 757 38240
38357 875 38357
38449 830 38449
38480 263 38480
38563 802 38563
38665 845 38665
38672 367 38672
38739 542 38739
38820 665 38820
38863 374 38863
39185 132 39185
39233 90 39233
39261 365 39261
39458 316 39458
39468 747 39468
39548 807 39548
39604 583 39604
39634 847 39634
39659 175 39659
39782 44 39782
39871 414 39871
39895 390 39895
39944 62 39944
40050 753 40050
40216 956 40216
40413 350 40413
40567 343 40567
40801 394 40801
40833 476 40833
40841 744 40841
40891 60 40891
41160 788 41160
41213 548 41213
41550 329 41550
41697 263 41697
41815 304 41815
41827 70 41827
41872 546 41872
41909 696 41909
42279 196 42279
42387 815 42387
42405 147 42405
42580 431 42580
42599 601 42599
42865 341 42865
42866 432 42866
42983 202 42983
43044 104 43044
43048 952 43048
43129 235 43129
43206 869 43206
43250 539 43250
43298 690 43298
43314 999 43314
43323 145 43323
43345 501 43345
43351 783 43351
43731 688 43731
43834 220 43834
43897 944 43897
44161 470 44161
44162 14 44162
44265 345 44265
44291 886 44291
44434 395 44434
44525 481 44525
44639 718 44639
44720 915 44720
44730 612 44730
44875 333 44875
44952 112 44952
44966 830 44966
44996 10 44996
45092 933 45092
45189 285 45189
45341 12 45341
45437 362 45437
45715 349 45715
45830 981 45830
45899 648 45899
46362 971 46362
46457 984 46457
46542 800 46542
46549 465 46549
46710 571 46710
46744 345 46744
46767 511 46767
46803 530 46803
46855 33 46855
46890 210 46890
46918 957 46918
47102 477 47102
47228 139 47228
47327 134 47327
47358 925 47358
47498 71 47498
47510 703 47537
47626 117 47783
47691 137 48001
47806 759 48037
47887 427 48222
47890 436 48265
47928 153 48514
48097 521 48549
48188 693 48650
48205 709 48710
48246 757 48755
48383 593 48772
48549 633 49044
48578 521 49275
48629 376 49621
48764 395 49657
48772 348 49753
48777 68 50028
48902 827 50047
48999 210 50108
49122 137 50190
49501 253 50207
49830 79 50336
49865 561 50459
49875 530 50662
49918 695 50718
50354 121 50746
50394 625 50908
50414 861 50912
50430 953 51043
50575 369 51162
50603 345 51197
50720 947 51231
50846 596 51237
50878 780 51305
51021 294 51313
51030 794 51463
51105 455 51650
51188 394 51741
51421 704 51910
51497 222 52131
51571 482 52264
51580 603 52273
51610 937 52368
51693 924 52472
51736 248 52477
51750 858 52711
51768 794 52785
51838 498 52960
51886 391 53104
51903 302 53203
51937 547 53444
52174 159 53694
52200 708 54033
52227 68 54057
52250 838 54209
52296 572 54211
52349 955 54419
52370 833 54575
52382 523 54665
52560 523 54729
52731 363 54754
52813 214 54785
53049 638 54839
53139 578 54920
53202 143 54983
53257 608 55109
53290 930 55132
53433 946 55157
53619 258 55180
53809 829 55191
53993 433 55288
54002 139 55420
54194 473 55442
54347 637 55469
54470 958 55485
54769 346 55858
55074 667 56021
55181 977 56100
55427 285 56128
55431 133 56318
55506 73 56359
55550 257 56794
55660 491 56908
55661 851 57118
55919 592 57171
55959 396 57180
55961 330 57256
56055 393 57465
56414 354 57541
56426 952 57605
56432 447 57647
56478 151 57653
56503 946 57690
56532 816 57846
56814 250 58291
56934 947 58401
57323 389 58749
57389 535 58810
57423 615 58858
57445 734 58859
57448 226 58882
57607 127 58971
57643 889 59189
57745 299 59253
57751 610 59371
57759 460 59425
57776 325 59523
57791 306 59649
57860 866 59754
58027 368 59879
58192 717 59886
58266 252 59995
58367 919 60170
58410 497 60214
58660 670 60552
58866 627 60557
59285 368 60576
59349 450 60777
59437 183 60826
59714 667 60904
59784 936 60956
59922 629 61026
60073 906 61121
60136 752 61158
60161 357 61559
60204 377 61573
60245 551 61771
60338 811 61862
60492 857 61884
60843 929 62105
60847 934 62213
61267 55 62432
61423 240 62508
61468 153 62539
61536 655 62555
61667 953 62670
61844 872 62783
61848 242 62993
61866 338 62996
61951 76 63147
62036 887 63226
62094 870 63304
62249 827 63418
62273 636 63674
62395 763 63685
62457 135 63766
62905 912 63963
63001 264 64149
63009 699 64229
63219 975 64330
63264 472 64369
63275 749 64511
63515 851 64664
63554 233 64739
63588 219 64748
63883 405 64759
64039 957 64964
64123 349 64994
64237 492 65024
64301 762 65035
64420 728 65073
64482 402 65118
64501 258 65175
64616 67 65217
64761 210 65396
64773 131 65523
64886 405 65531
64898 633 65614
64908 113 65620
65003 450 65707
65011 18 65849
65127 170 65876
65141 828 65928
65192 83 66137
65193 884 66176
65337 158 66188
65421 239 66197
65494 807 66217
65557 272 66221
65596 475 66282
65699 995 66291
65815 481 66311
65885 511 66410
65895 657 66483
66115 332 66616
66142 798 66668
66244 968 66702
66258 714 66731
66264 482 66950
66295 655 67122
66580 741 67164
66724 852 67188
66934 402 67337
67216 998 67341
67279 559 67589
67304 132 67729
67426 627 67750
67554 575 67923
67742 81 68183
68060 111 68359
68155 82 68408
68339 149 68770
68381 790 68942
68394 552 69004
68591 624 69206
68621 271 69249
68639 798 69350
68812 334 69438
68896 821 69640
68929 97 69655
69102 111 69792
69186 329 69882
69235 519 69956
69253 511 69995
69380 232 70026
69434 995 70049
69608 268 70075
69644 735 70114
69690 238 70126
69879 890 70423
69943 974 70493
70786 660 70786
70874 331 70897
71071 76 71133
71097 57 71292
71131 359 71328
71198 31 71453
71202 889 71874
71383 969 71883
71385 701 71908
71447 945 71977
71532 961 72056
71536 942 72183
71629 299 72367
71636 833 72658
71767 790 72912
72027 450 72956
72239 831 73111
72277 111 73191
72384 799 73244
72399 47 73300
72404 919 73356
72421 975 73432
72635 836 73487
72699 785 73558
72753 765 73805
73114 357 73946
73176 31 74039
73334 883 74105
73370 199 74177
73401 125 74276
73419 333 74319
73506 395 74449
73558 401 74454
73659 238 74593
73775 950 74617
73793 590 74747
73904 274 74928
73930 488 74963
74119 991 75096
74506 155 75415
74719 426 75560
74935 721 75570
74958 627 75703
75089 518 75717
75119 45 76110
75361 926 76160
75408 270 76290
75510 323 76382
75682 825 76571
75727 531 76629
75735 90 76748
75909 419 76756
75916 346 76761
75917 862 76835
76006 747 76897
76033 765 76901
76061 513 77329
76363 418 77332
76400 662 77478
76417 187 77545
76458 217 77658
76617 278 77668
76652 134 77737
76656 116 77741
76710 439 77827
76771 694 77875
76835 810 77978
76856 645 78051
76999 441 78119
77195 557 78307
77284 156 78417
77396 638 78493
77493 307 78543
77553 841 78586
77560 403 78716
77820 203 78874
77855 858 78932
77867 298 79108
77892 291 79374
78034 264 79583
78218 93 79690
78225 91 79766
78465 687 79834
78603 759 79862
78743 459 79909
78860 99 79924
78902 581 79928
78943 657 79938
79041 897 80016
79104 462 80043
79127 418 80082
79273 873 80201
79464 771 80351
79478 934 80362
79543 979 80366
79777 658 80402
79882 619 80509
79905 403 80544
79907 332 80598
80197 457 80738
80379 169 80925
80432 193 80964
80540 826 81012
80598 967 81158
80698 372 81212
80764 136 81225
81051 232 81481
81146 375 81641
81221 331 81655
81229 245 81659
81274 623 81726
81284 47 81981
81389 71 82079
81648 950 82154
81713 772 82240
81899 811 82281
81912 93 82304
82081 163 82480
82268 499 82515
82329 759 82593
82419 670 82776
82460 619 82832
82640 951 83002
82667 603 83063
82781 513 83304
82921 557 83481
82941 76 83765
82970 271 83808
82985 349 83907
82990 942 84000
82997 909 84008
82999 574 84019
83351 932 84124
83485 50 84193
83494 845 84252
83568 783 84507
83629 317 84581
83764 443 84596
83765 2 84638
83802 795 84704
83860 654 84853
83940 70 85181
84008 917 85193
84016 786 85234
84314 561 85256
84361 657 85352
84374 187 85396
84704 941 85531
84821 506 85561
84882 448 85733
85003 250 85737
85065 774 85751
85106 501 85822
85153 43 85838
85201 617 85889
85227 739 85942
85344 394 86034
85665 684 86090
86025 364 86348
86080 189 86360
86265 389 86540
86369 929 86585
86474 954 86748
86530 892 86828
86619 481 87000
86793 231 87090
87008 727 87183
87281 682 87281
87312 182 87448
87352 283 87616
87358 413 87652
87442 869 87818
87452 176 87865
87786 432 87955
87838 100 87983
87915 528 88014
88461 921 88461
88579 309 88579
88618 270 88618
88658 335 88658
88734 613 88734
88807 935 88807
88864 543 88864
88955 360 88955
88969 630 88969
89093 704 89093
89094 456 89097
89140 103 89166
89145 805 89734
89262 437 89955
89339 710 90074
89340 109 90177
89470 661 90199
89492 679 90316
89509 404 90502
89701 70 90692
89789 538 90834
89933 12 90886
90012 36 91016
90313 599 91028
90411 642 91035
90498 186 91050
90640 756 91117
90646 96 91160
90665 107 91188
90735 278 91202
90737 6 91475
90796 344 91609
90831 890 91673
91028 994 91693
91041 157 91739
91234 572 92029
91314 578 92091
91500 901 92259
91514 312 92385
91600 135 92419
91625 47 92437
91722 207 92498
91748 341 92504
92083 575 92513
92153 759 92772
92193 737 92823
92206 649 93042
92275 456 93052
92279 789 93170
92295 461 93218
92369 818 93412
92439 121 93632
92447 631 93773
92532 688 93774
92669 604 93908
92926 677 93931
92951 132 94131
92952 766 94409
93047 838 94452
93238 668 94542
93358 30 94574
93508 971 94601
93610 982 94794
93845 903 94803
93869 656 94925
93951 894 95126
93979 311 95129
94092 775 95476
94240 271 95590
94413 703 95594
94573 597 95620
94580 486 95717
94893 365 95720
94895 879 95790
94933 641 95808
94934 398 95861
94992 199 95874
95319 486 95892
95351 570 95920
95383 501 95933
95475 307 95942
95510 550 96031
95643 56 96209
95719 821 96411
96015 252 96708
96120 925 97029
96158 352 97042
96214 864 97128
96247 509 97234
96325 769 97243
96716 268 97259
96791 459 97513
96872 985 97556
96966 899 97853
97054 931 98029
97071 934 98039
97245 696 98041
97302 84 98124
97509 128 98363
97653 73 98372
97784 702 98516
97942 359 98585
98031 424 98762
98240 942 98861
98258 671 98955
98302 827 98973
98423 6 98976
98437 920 99063
98820 492 99320
99020 143 99371
99028 591 99634
99327 29 99677
99452 362 99763
99563 421 99846
99612 908 99912
99654 875 99913
