1000 999
416 749 2
739 681 5
483 414 6
37 513 6
693 905 7
207 592 6
574 952 0
654 797 4
15 621 3
135 881 5
478 234 8
320 23 7
818 25 2
593 316 4
84 748 0
398 904 7
35 431 3
683 361 5
735 964 7
212 288 3
791 325 4
803 25 1
270 997 5
158 681 1
590 302 7
271 575 8
156 830 1
803 436 8
74 155 8
799 999 8
943 845 7
204 518 3
377 930 7
688 293 6
840 134 3
878 707 5
379 194 1
239 958 8
730 62 7
75 829 4
549 560 4
476 996 5
249 684 6
490 690 3
729 820 0
555 743 5
752 275 7
157 206 0
534 48 1
215 621 0
868 514 8
931 722 4
633 173 2
732 366 7
285 113 2
556 796 3
681 54 7
175 504 6
636 601 6
960 360 7
664 694 7
365 976 6
973 260 7
998 900 3
349 429 8
235 666 7
454 530 6
160 253 5
830 248 1
365 106 3
649 241 4
718 447 2
117 36 7
250 651 8
200 130 2
700 136 1
964 46 1
954 169 6
170 865 2
68 29 7
704 720 4
698 509 2
883 363 3
870 821 6
968 687 6
620 720 2
915 282 2
235 747 8
624 149 2
458 371 6
627 161 4
875 513 5
131 982 1
2 464 4
546 726 1
348 772 6
147 997 8
392 284 0
682 432 3
102 749 3
400 500 1
548 348 2
440 229 1
155 141 0
374 1000 2
288 625 1
254 319 7
893 354 5
804 44 0
208 71 0
362 727 3
525 669 3
766 947 3
212 331 0
891 373 2
564 786 0
31 882 3
377 943 7
546 79 2
706 833 7
276 280 3
798 159 8
584 120 4
379 154 8
814 624 2
119 975 8
238 848 2
196 749 0
122 204 4
808 500 8
944 920 8
271 143 7
836 537 6
541 702 2
453 710 3
788 214 4
655 109 1
753 668 4
758 951 7
993 344 7
562 563 4
61 894 7
67 315 6
809 92 5
209 441 0
316 71 4
455 233 8
302 482 6
872 477 7
342 452 3
438 388 2
640 75 0
724 405 1
465 251 4
461 845 5
312 791 3
361 974 5
417 198 8
54 981 8
21 35 3
664 433 4
165 841 4
312 660 3
802 442 2
764 262 1
63 582 6
494 388 0
789 437 7
795 360 2
714 18 5
988 171 4
887 439 6
318 946 2
847 252 7
3 41 7
813 193 1
714 858 3
50 429 7
506 980 4
406 9 4
559 467 8
665 247 7
149 350 2
364 993 6
590 204 6
48 739 2
257 597 2
456 411 6
674 838 0
769 88 0
247 356 6
966 926 2
370 991 8
231 866 2
458 578 6
351 983 6
368 171 5
908 355 2
680 819 3
756 281 5
11 148 3
191 879 0
376 454 2
890 178 8
52 334 1
520 304 0
263 596 0
473 402 4
663 346 0
531 397 3
781 569 1
839 128 6
246 676 8
399 141 4
259 323 8
583 10 2
39 309 7
891 836 7
711 684 8
372 812 6
764 761 1
152 897 6
510 900 6
664 542 7
524 67 2
52 744 4
716 218 6
888 560 4
731 207 4
343 33 6
47 582 1
896 274 6
630 945 3
370 600 3
221 908 8
192 143 2
968 742 4
184 855 7
370 744 7
176 391 2
623 616 8
231 64 1
311 659 2
274 587 5
662 675 1
461 250 6
426 45 8
215 736 5
265 348 2
759 435 1
676 347 6
170 430 1
811 907 5
736 748 4
705 545 4
294 278 2
697 810 5
8 124 6
713 985 0
953 521 3
287 663 4
757 835 4
390 124 0
957 789 7
61 777 2
159 724 5
334 29 8
990 185 8
619 776 7
125 656 2
801 57 1
263 123 0
46 171 4
11 278 4
325 240 5
664 929 4
808 758 5
114 783 7
444 608 1
992 825 2
861 673 4
570 740 7
775 770 6
100 812 5
516 758 4
808 997 1
342 454 8
327 667 1
648 42 5
54 446 5
453 799 4
205 86 8
42 282 5
353 636 7
289 236 0
407 697 5
950 715 1
78 6 5
723 447 6
850 934 8
102 187 0
705 254 7
268 865 1
261 516 3
442 576 0
8 414 7
314 432 6
848 331 7
215 249 1
79 378 2
849 632 2
70 294 7
702 671 7
522 180 5
256 206 5
917 498 5
780 774 2
631 167 5
932 680 3
408 179 5
963 519 3
806 649 2
221 970 0
28 499 8
627 935 6
863 991 5
358 785 7
991 961 0
358 85 4
517 123 5
571 709 1
666 850 2
127 696 6
207 229 3
339 298 4
672 109 7
753 927 1
926 296 5
443 890 0
984 797 4
99 691 1
558 654 5
4 852 8
965 870 4
864 115 2
444 226 6
349 199 1
125 683 7
376 657 6
734 37 7
551 355 4
419 23 8
353 175 2
403 40 4
157 29 6
307 638 7
629 753 4
659 620 5
839 953 3
779 653 0
945 145 3
535 603 4
616 817 5
931 242 7
326 599 5
919 613 2
811 674 7
41 782 7
720 585 5
586 876 2
958 475 5
186 161 8
749 944 8
831 655 5
183 176 6
911 168 2
182 917 8
823 66 2
130 423 6
216 679 0
172 181 2
412 379 5
742 381 3
531 235 6
509 913 4
756 17 7
463 743 6
21 989 1
916 110 1
488 296 4
456 387 6
743 874 6
544 304 5
781 624 8
107 557 8
415 68 2
803 97 2
954 715 0
973 989 4
500 924 0
821 925 2
497 616 4
794 870 6
430 82 4
662 507 5
322 933 4
393 964 3
703 278 3
689 539 7
389 277 2
396 613 0
690 376 6
753 677 7
163 483 5
29 279 1
845 635 0
593 619 5
179 453 8
223 570 2
567 292 7
284 694 4
89 714 7
276 598 1
872 249 4
937 311 8
329 562 2
606 843 1
708 180 5
338 959 6
815 387 4
573 56 2
330 428 7
298 938 6
228 745 1
332 106 3
388 421 2
243 844 1
389 649 2
529 849 2
691 296 8
771 142 8
7 355 4
865 359 2
505 483 2
670 649 3
378 711 6
81 556 5
555 871 1
901 18 5
167 807 7
269 716 5
480 330 1
328 580 8
237 702 8
16 245 6
545 145 0
912 26 3
897 741 0
349 420 0
728 526 1
751 643 1
474 396 1
643 211 8
805 133 8
678 761 5
610 291 1
837 799 4
846 214 8
424 990 7
615 345 0
125 555 1
168 964 6
857 517 2
887 622 3
188 961 6
24 859 6
46 528 4
948 326 6
902 206 0
675 626 2
508 862 8
583 916 2
547 575 3
604 295 1
155 760 6
784 404 0
41 839 2
990 915 3
977 847 8
300 612 3
369 701 7
3 422 0
306 61 5
760 954 6
540 457 0
786 661 1
368 770 3
346 87 0
822 203 5
617 328 6
486 168 2
411 218 1
638 784 6
218 725 6
60 401 8
78 341 1
9 155 8
537 104 0
560 25 4
332 764 1
55 561 7
848 650 6
770 932 8
691 289 8
116 376 1
50 936 8
824 744 5
258 555 3
57 578 4
976 426 4
225 65 0
938 763 3
915 479 6
605 890 3
266 895 2
854 394 4
664 491 4
672 637 3
156 252 1
861 928 0
387 205 3
536 240 5
706 79 1
418 869 1
594 110 0
803 425 0
923 235 6
231 979 2
969 949 1
760 374 8
769 892 7
721 215 8
487 933 0
342 557 3
460 410 6
685 213 3
928 169 6
962 534 0
257 753 4
21 254 1
989 285 8
341 904 7
19 296 4
890 333 2
449 363 1
918 785 3
553 920 6
210 647 4
385 941 3
698 853 5
986 680 8
93 694 1
613 12 0
407 164 5
641 227 4
550 172 0
787 693 0
596 760 0
729 324 0
835 271 3
634 127 4
944 16 7
472 425 3
31 1 2
824 541 5
220 758 1
893 529 7
395 643 3
909 946 1
961 576 8
306 216 7
914 995 0
972 60 4
53 868 8
912 645 7
919 788 2
921 689 8
235 607 7
792 280 6
805 522 4
825 778 4
477 967 0
114 977 3
908 119 2
90 458 0
226 126 3
720 771 7
714 634 7
220 622 3
653 609 2
617 588 8
988 826 1
297 286 8
866 13 0
995 565 4
446 493 0
62 287 0
467 317 7
421 512 3
717 787 0
428 908 1
553 880 4
891 951 4
146 775 0
89 512 4
352 89 7
692 332 8
94 225 6
987 739 8
265 889 1
526 632 5
475 348 7
850 532 1
650 209 4
489 418 4
910 392 3
228 533 8
307 183 6
83 857 6
646 228 5
557 547 0
816 995 1
663 17 1
134 463 2
223 261 5
665 845 0
225 581 1
73 510 0
465 732 7
10 834 5
132 474 8
566 744 6
115 687 6
994 159 2
706 197 4
669 70 4
794 825 2
409 313 6
336 802 6
691 108 8
71 255 8
671 688 5
185 623 3
386 316 2
16 286 3
681 231 5
1 428 8
940 376 8
224 426 5
745 938 1
332 653 3
308 265 3
425 321 1
758 767 0
972 727 7
796 177 7
414 522 7
116 166 8
736 591 0
652 769 7
554 880 0
27 523 2
923 333 8
135 789 7
827 347 2
546 938 6
496 38 7
28 753 8
681 996 0
301 774 5
98 418 3
556 473 2
892 521 1
189 912 1
299 996 3
437 232 2
851 221 6
976 552 6
738 520 5
478 57 7
119 492 8
309 420 1
587 470 5
779 383 1
944 562 4
323 237 4
892 544 3
845 460 4
127 375 6
806 495 6
196 788 7
644 779 1
779 65 0
195 154 5
723 407 2
944 538 0
129 421 2
181 33 2
755 110 3
5 562 6
254 750 3
604 426 1
300 896 8
327 879 6
579 310 4
633 780 1
305 23 1
400 378 7
867 122 7
841 685 7
658 679 3
306 112 0
957 226 1
742 952 0
569 345 6
367 500 1
432 656 7
44 949 2
155 337 5
205 598 3
467 132 5
553 816 7
160 329 7
258 614 0
371 184 7
211 290 5
815 61 7
257 827 6
380 50 8
306 618 3
140 447 4
822 202 5
359 826 1
971 245 8
795 957 6
701 818 3
761 886 4
69 358 8
344 842 8
35 434 8
34 51 3
773 407 0
572 320 3
812 933 5
352 605 2
543 525 6
659 367 0
272 991 0
668 59 8
974 213 8
975 612 4
873 922 3
917 653 0
484 137 0
28 372 5
422 167 0
95 435 5
903 459 3
610 514 5
445 898 7
800 243 1
89 22 7
186 956 2
847 117 4
952 158 5
2 637 8
256 449 4
132 210 8
795 790 5
34 107 5
287 578 0
136 932 8
433 111 8
44 385 4
308 862 4
627 233 1
724 549 4
765 148 2
529 303 2
564 62 1
722 469 8
201 317 5
40 528 4
818 641 6
774 684 4
813 468 0
353 32 8
899 266 1
775 260 1
828 281 3
355 590 8
527 487 7
264 198 1
106 202 7
501 674 6
587 179 2
399 503 5
49 20 5
908 484 1
91 175 8
43 403 3
319 895 8
93 255 0
248 625 3
523 818 0
950 30 4
85 349 2
699 551 2
780 993 6
327 147 0
238 746 5
734 733 4
39 135 5
471 259 3
982 554 0
578 829 6
193 806 6
894 295 4
362 707 3
434 576 0
577 103 2
241 38 8
225 152 8
932 763 8
642 106 7
709 17 6
250 450 5
868 695 2
80 623 1
427 760 1
675 725 5
628 117 7
905 500 6
602 10 2
119 466 4
947 863 0
75 577 8
310 238 6
578 692 6
315 144 6
843 369 1
216 4 7
402 328 0
646 55 4
314 876 3
190 377 5
761 975 1
943 186 7
877 435 5
448 546 1
237 413 0
992 876 4
23 291 1
749 283 3
424 972 6
109 56 8
633 244 2
639 263 4
422 481 1
896 267 6
860 497 6
830 201 1
148 139 1
526 511 5
873 734 0
382 41 8
800 458 3
977 320 1
178 457 7
28 878 0
196 120 1
26 294 3
529 418 6
157 539 6
343 336 8
672 230 0
795 44 7
138 529 0
733 409 7
964 853 0
392 969 8
966 451 6
273 651 5
984 36 4
801 554 7
703 371 2
817 595 4
906 914 3
531 744 0
168 222 1
338 76 0
44 752 1
88 72 0
462 781 5
762 786 0
515 333 0
661 162 3
140 335 2
523 4 3
692 754 0
456 58 3
838 194 1
769 121 1
47 978 6
635 884 3
357 965 0
878 33 0
512 264 8
903 963 8
557 276 7
892 350 8
831 87 1
174 869 8
793 156 6
737 251 2
63 332 5
307 150 8
898 555 0
78 356 2
593 768 4
61 506 2
287 979 4
942 706 7
701 101 2
510 345 8
445 96 1
990 277 4
926 658 3
92 523 3
14 67 4
723 437 2
590 521 1
340 10 5
811 256 2
3 885 2
467 292 6
200 116 6
20 998 6
611 257 1
384 662 3
207 864 6
973 394 5
375 686 3
823 993 7
948 567 4
832 88 1
233 733 3
303 14 4
364 135 8
786 909 5
279 955 7
475 568 7
502 333 4
153 725 2
792 583 8
324 983 7
166 473 2
557 496 3
660 485 0
602 151 6
405 524 7
315 903 0
919 357 1
243 24 7
910 325 4
242 31 7
74 8 3
630 508 3
95 228 0
525 118 7
712 240 8
169 589 2
849 985 7
940 77 2
219 408 7
566 217 8
945 338 5
202 105 4
366 325 5
788 719 8
603 154 3
804 391 5
777 414 6
651 21 8
939 491 1
856 265 0
601 577 3
211 485 5
330 324 8
1000
3 470 13
29 17 29
42 782 49
50 262 59
70 789 70
80 217 80
111 362 111
114 215 118
126 500 126
128 756 128
143 984 143
173 145 173
185 849 185
188 712 188
210 810 210
216 657 216
222 492 222
223 599 223
227 712 227
237 390 237
243 332 243
252 271 252
266 825 266
269 154 269
293 470 293
308 968 308
324 959 324
329 702 329
340 5 340
343 538 343
364 937 364
372 963 372
374 749 374
378 753 378
387 702 387
389 543 389
404 396 404
410 964 410
418 555 418
422 283 422
454 908 454
458 110 458
468 83 468
469 168 469
483 19 483
499 492 499
511 120 511
532 749 532
545 34 545
546 836 546
613 547 613
614 277 614
624 466 624
632 377 632
640 362 640
659 837 659
662 818 662
669 388 669
670 863 670
675 184 675
676 360 676
691 80 691
696 873 696
707 157 707
718 142 718
740 906 740
753 734 753
754 398 754
774 181 774
782 609 782
789 805 789
799 726 799
811 976 811
821 868 821
822 285 822
823 748 849
828 728 867
835 70 896
836 664 897
837 652 933
839 701 934
841 4 956
849 6 976
850 938 989
852 709 994
859 762 1000
889 460 1003
894 60 1017
898 785 1035
900 287 1060
911 804 1067
919 880 1074
924 202 1091
937 468 1102
940 101 1109
964 814 1122
987 521 1158
1013 359 1169
1016 739 1176
1043 60 1179
1046 154 1204
1049 962 1224
1057 111 1238
1063 816 1239
1083 862 1249
1087 377 1262
1104 923 1269
1116 825 1292
1139 588 1295
1169 431 1296
1175 939 1300
1183 999 1314
1184 399 1319
1195 592 1329
1202 739 1337
1206 887 1353
1214 436 1355
1244 320 1365
1252 871 1367
1258 223 1370
1277 297 1375
1278 717 1377
1299 137 1380
1306 544 1390
1329 722 1396
1335 858 1403
1347 552 1437
1354 346 1442
1358 723 1447
1373 435 1460
1375 773 1487
1382 372 1505
1383 789 1516
1395 15 1560
1398 308 1564
1405 252 1575
1423 483 1582
1433 54 1584
1441 67 1585
1450 69 1626
1461 343 1629
1486 780 1632
1496 555 1637
1504 780 1640
1505 143 1662
1508 973 1668
1519 312 1670
1526 186 1677
1529 76 1683
1535 144 1689
1557 793 1716
1561 394 1723
1566 465 1739
1570 99 1744
1577 717 1754
1596 688 1761
1609 456 1765
1625 98 1771
1628 760 1780
1640 66 1783
1650 925 1793
1683 62 1799
1719 437 1836
1721 298 1842
1735 233 1859
1740 146 1865
1781 205 1871
1783 907 1879
1795 7 1897
1796 303 1907
1803 458 1909
1811 256 1925
1816 922 1967
1827 839 1968
1834 315 1975
1838 885 1979
1847 77 1984
1857 803 1985
1860 602 2004
1862 112 2013
1867 871 2022
1881 233 2026
1911 563 2028
1929 634 2030
1936 692 2032
1959 422 2038
1962 508 2041
1967 221 2065
1978 370 2078
1990 961 2083
1994 267 2092
1997 696 2096
2006 323 2097
2012 809 2098
2039 738 2114
2043 901 2129
2050 148 2133
2058 822 2155
2061 354 2157
2066 154 2159
2068 344 2170
2075 26 2189
2080 695 2203
2086 156 2212
2106 313 2214
2107 470 2218
2113 579 2219
2117 363 2221
2124 755 2256
2149 300 2259
2155 532 2271
2172 848 2278
2180 999 2284
2187 30 2287
2196 847 2288
2197 242 2296
2199 845 2301
2208 427 2302
2227 892 2312
2233 956 2316
2238 572 2349
2241 904 2353
2242 511 2366
2298 516 2376
2308 389 2393
2313 758 2398
2319 398 2408
2350 511 2414
2352 582 2417
2363 39 2443
2369 891 2462
2377 97 2463
2386 195 2467
2389 33 2471
2390 440 2473
2393 321 2479
2394 212 2482
2397 857 2488
2399 728 2494
2405 596 2515
2416 719 2525
2419 555 2550
2424 27 2558
2460 235 2559
2484 801 2571
2489 759 2580
2497 877 2585
2510 19 2603
2512 68 2609
2513 35 2610
2534 83 2618
2546 730 2628
2556 818 2629
2558 66 2630
2567 276 2641
2574 546 2647
2576 503 2651
2586 386 2656
2614 956 2660
2634 22 2676
2638 236 2680
2645 186 2697
2650 942 2714
2665 952 2720
2670 86 2733
2672 229 2752
2690 866 2758
2692 169 2759
2693 507 2804
2697 210 2815
2762 306 2824
2777 530 2835
2782 282 2848
2790 1000 2852
2800 157 2864
2814 857 2866
2829 361 2875
2839 342 2879
2850 678 2886
2853 767 2911
2856 888 2912
2900 764 2920
2905 193 2930
2921 670 2941
2923 448 2955
2951 485 2961
2957 871 2962
2959 963 2965
2963 241 2981
2973 458 2992
2986 914 3000
2992 943 3004
2993 491 3009
2995 796 3024
2996 685 3027
3016 993 3028
3033 464 3035
3039 208 3039
3047 444 3047
3048 138 3053
3049 580 3057
3053 959 3073
3061 231 3075
3087 445 3087
3096 150 3112
3109 802 3122
3114 229 3138
3118 23 3158
3123 814 3164
3124 98 3197
3144 955 3212
3162 745 3213
3172 366 3231
3214 18 3247
3231 103 3251
3235 306 3257
3237 132 3258
3258 210 3264
3263 248 3265
3273 992 3273
3276 113 3276
3290 827 3290
3299 986 3299
3310 575 3310
3315 349 3315
3323 960 3326
3375 581 3375
3383 515 3383
3388 518 3388
3393 551 3393
3403 382 3403
3414 62 3414
3421 200 3421
3434 101 3434
3437 968 3437
3439 884 3439
3460 274 3460
3485 799 3485
3499 327 3499
3505 761 3505
3509 695 3509
3516 925 3516
3527 811 3527
3563 919 3563
3573 722 3573
3591 876 3591
3592 612 3592
3599 741 3599
3603 970 3603
3608 531 3608
3617 391 3617
3618 813 3618
3625 842 3625
3628 160 3628
3635 241 3635
3643 53 3643
3656 374 3656
3659 969 3679
3683 237 3703
3684 762 3723
3691 450 3724
3701 49 3737
3708 189 3739
3711 347 3749
3716 425 3763
3742 679 3776
3771 408 3786
3781 301 3800
3787 551 3804
3790 9 3812
3799 921 3819
3809 988 3821
3820 440 3824
3828 2 3831
3831 263 3838
3845 940 3845
3846 277 3850
3849 96 3874
3850 587 3887
3851 552 3891
3854 611 3894
3885 473 3896
3895 926 3897
3899 971 3912
3901 96 3914
3908 189 3916
3911 86 3920
3921 920 3930
3928 988 3939
3942 191 3947
3945 183 3948
3979 796 3979
3998 494 3998
4004 925 4004
4005 694 4005
4022 210 4022
4027 318 4027
4034 661 4034
4044 829 4044
4062 899 4062
4063 610 4063
4085 411 4085
4090 310 4090
4104 76 4104
4112 603 4112
4116 198 4116
4121 492 4121
4144 84 4144
4190 347 4190
4194 810 4194
4196 575 4196
4198 606 4198
4217 620 4217
4228 883 4228
4230 249 4230
4233 576 4233
4234 203 4234
4235 592 4235
4238 71 4238
4248 148 4248
4257 398 4257
4258 989 4258
4266 365 4266
4280 728 4280
4287 886 4287
4303 574 4303
4311 953 4311
4313 962 4313
4314 674 4314
4318 644 4318
4321 723 4321
4323 547 4338
4339 351 4351
4344 726 4365
4363 385 4381
4422 140 4422
4490 585 4490
4516 87 4516
4528 513 4528
4565 337 4565
4574 564 4574
4587 699 4587
4595 515 4595
4600 471 4600
4603 8 4603
4605 115 4605
4615 354 4615
4627 21 4627
4628 408 4628
4632 155 4632
4656 566 4656
4678 816 4678
4683 548 4683
4691 337 4691
4712 333 4712
4728 960 4728
4742 810 4742
4743 21 4743
4766 180 4766
4770 158 4770
4774 173 4774
4787 422 4787
4791 875 4791
4804 819 4804
4805 326 4805
4811 393 4811
4824 1000 4824
4831 414 4831
4852 715 4852
4861 162 4861
4863 589 4863
4870 639 4870
4874 897 4874
4876 988 4876
4903 87 4903
4909 991 4909
4916 299 4916
4939 835 4939
4943 409 4943
4952 218 4952
4981 734 4981
4986 612 4986
5011 308 5011
5014 644 5014
5026 773 5026
5054 778 5054
5067 286 5067
5069 4 5069
5085 572 5085
5090 19 5090
5097 784 5097
5103 48 5103
5105 578 5105
5106 225 5106
5125 127 5125
5130 162 5130
5132 119 5132
5137 318 5137
5139 974 5139
5140 702 5140
5186 876 5186
5189 239 5189
5216 23 5216
5230 918 5230
5235 419 5235
5237 596 5237
5249 705 5249
5268 844 5268
5279 935 5279
5280 457 5280
5283 298 5283
5293 539 5293
5325 866 5325
5347 278 5347
5355 344 5355
5361 155 5361
5366 832 5366
5375 574 5375
5376 843 5376
5379 82 5379
5387 126 5387
5389 177 5389
5428 565 5428
5435 876 5435
5438 699 5438
5441 651 5441
5447 478 5447
5455 901 5455
5460 574 5460
5470 679 5470
5473 384 5473
5497 26 5497
5499 732 5499
5504 485 5504
5530 520 5530
5541 966 5541
5560 738 5560
5563 195 5563
5565 244 5565
5569 280 5569
5587 508 5587
5593 449 5593
5605 394 5605
5608 334 5608
5613 844 5613
5615 132 5615
5618 880 5618
5642 245 5642
5655 305 5655
5666 113 5666
5673 369 5673
5679 185 5679
5681 452 5681
5687 790 5687
5706 229 5706
5746 31 5746
5753 472 5753
5762 181 5762
5773 14 5773
5780 267 5780
5782 908 5782
5805 199 5805
5829 315 5829
5840 759 5840
5845 62 5845
5866 345 5866
5870 648 5870
5873 926 5873
5875 846 5875
5878 862 5878
5879 715 5879
5886 482 5886
5901 893 5901
5906 417 5906
5920 478 5920
5936 310 5936
5939 202 5939
5941 582 5941
5944 405 5944
5945 741 5945
5949 701 5949
5950 880 5950
5970 445 5970
5972 321 5972
5977 288 5977
5987 774 5987
5992 811 5992
6000 824 6000
6023 985 6023
6027 143 6027
6043 511 6043
6046 81 6046
6051 406 6051
6054 189 6054
6064 640 6064
6074 6 6074
6086 891 6086
6088 394 6088
6131 774 6131
6136 283 6136
6149 642 6149
6152 699 6152
6156 322 6156
6161 718 6161
6186 972 6186
6187 830 6187
6189 877 6189
6207 10 6207
6210 570 6210
6227 248 6227
6235 231 6235
6238 326 6238
6240 250 6240
6246 522 6246
6249 702 6249
6276 463 6276
6282 644 6282
6317 961 6317
6327 998 6327
6331 1000 6331
6344 66 6344
6349 862 6349
6355 56 6355
6370 98 6370
6390 48 6390
6394 945 6394
6419 536 6419
6436 559 6436
6439 980 6439
6443 106 6443
6481 569 6481
6484 609 6484
6494 751 6494
6505 922 6505
6507 196 6507
6510 57 6510
6512 915 6512
6520 684 6520
6524 679 6524
6531 143 6531
6547 361 6547
6567 206 6567
6568 894 6568
6572 84 6572
6614 110 6614
6617 278 6617
6619 772 6619
6632 110 6632
6651 235 6651
6659 202 6659
6662 746 6662
6687 316 6687
6692 140 6692
6701 818 6701
6716 71 6716
6721 733 6721
6722 415 6722
6745 866 6745
6755 710 6755
6766 426 6766
6768 986 6768
6776 964 6776
6779 821 6779
6796 562 6796
6797 606 6797
6799 357 6799
6802 829 6802
6804 560 6804
6826 201 6826
6851 79 6851
6856 884 6856
6860 58 6860
6866 111 6866
6867 124 6867
6887 432 6887
6889 341 6889
6891 225 6891
6892 550 6892
6896 125 6896
6901 894 6901
6908 826 6908
6920 991 6920
6935 220 6935
6943 303 6943
6960 158 6960
6977 803 6977
6996 797 6996
7005 484 7005
7018 762 7018
7031 244 7031
7038 135 7038
7039 459 7039
7046 285 7046
7049 308 7049
7054 812 7054
7056 577 7056
7059 917 7059
7074 528 7074
7090 181 7090
7104 237 7104
7113 104 7113
7130 946 7130
7131 116 7131
7134 976 7134
7135 466 7135
7152 660 7152
7162 759 7162
7181 691 7181
7198 824 7198
7199 705 7199
7238 879 7238
7239 70 7239
7267 880 7267
7268 912 7268
7302 865 7302
7315 41 7315
7319 584 7319
7322 339 7322
7333 998 7333
7336 563 7336
7337 4 7337
7347 67 7347
7353 262 7353
7358 200 7358
7364 21 7364
7365 282 7365
7370 260 7370
7373 113 7373
7376 335 7376
7386 289 7386
7391 646 7391
7396 983 7396
7415 947 7415
7419 777 7419
7430 907 7430
7431 935 7431
7438 116 7438
7444 939 7444
7454 369 7454
7458 716 7458
7461 856 7461
7467 883 7467
7489 302 7489
7495 88 7495
7496 215 7496
7502 134 7502
7511 835 7511
7512 368 7512
7518 326 7518
7520 213 7520
7526 797 7526
7532 296 7532
7548 287 7548
7550 832 7550
7565 762 7565
7567 186 7567
7607 636 7607
7612 211 7612
7622 717 7622
7637 708 7637
7670 952 7670
7676 239 7676
7684 938 7684
7705 843 7705
7708 993 7708
7709 659 7709
7718 170 7718
7740 100 7740
7741 260 7741
7745 645 7745
7755 31 7755
7765 382 7765
7788 772 7788
7810 981 7810
7815 192 7815
7819 409 7819
7827 612 7827
7830 431 7830
7834 511 7834
7844 403 7844
7851 975 7851
7853 553 7853
7859 978 7859
7864 297 7864
7871 141 7871
7873 776 7873
7877 84 7877
7889 256 7889
7893 599 7893
7904 195 7904
7905 690 7905
7919 473 7919
7922 763 7922
7948 419 7948
7955 921 7955
7956 667 7956
7968 800 7968
7971 432 7971
7979 938 7979
7988 695 7988
7992 411 7992
8005 827 8005
8008 318 8008
8014 900 8014
8034 321 8034
8040 154 8040
8060 997 8060
8084 201 8084
8087 474 8087
8099 111 8099
8107 329 8107
8121 393 8121
8123 257 8123
8129 563 8129
8132 765 8132
8143 242 8143
8159 746 8159
8174 251 8174
8196 681 8196
8203 582 8203
8209 480 8209
8220 179 8220
8235 67 8235
8236 960 8236
8244 24 8244
8256 19 8256
8258 531 8258
8269 515 8269
8278 9 8278
8287 203 8287
8295 362 8295
8305 517 8305
8315 6 8315
8321 374 8321
8332 797 8332
8350 375 8350
8360 279 8360
8384 934 8384
8391 258 8391
8394 528 8394
8407 565 8407
8410 609 8410
8416 480 8416
8455 659 8455
8458 750 8458
8468 957 8468
8475 685 8475
8480 35 8480
8488 58 8488
8504 730 8504
8510 299 8510
8511 28 8511
8513 449 8513
8522 793 8522
8530 176 8530
8546 399 8546
8575 182 8575
8577 126 8577
8583 153 8583
8586 314 8586
8591 777 8591
8592 284 8592
8600 94 8600
8640 657 8640
8646 444 8646
8655 295 8655
8659 720 8659
8661 628 8661
8666 861 8666
8676 138 8676
8677 885 8677
8695 388 8695
8710 614 8710
8713 705 8713
8725 626 8725
8730 466 8730
8745 999 8745
8754 545 8754
8761 306 8761
8767 638 8767
8774 241 8774
8781 800 8781
8785 945 8785
8814 397 8814
8818 135 8818
8881 314 8881
8892 647 8892
8899 669 8899
8905 468 8905
8911 451 8911
8916 330 8916
8926 724 8926
8935 433 8935
8941 162 8941
8959 877 8959
8962 880 8962
8965 746 8965
8969 404 8969
8971 420 8971
8996 620 8996
8999 889 8999
9002 673 9002
9011 357 9011
9012 909 9012
9015 38 9015
9016 101 9016
9017 728 9017
9019 483 9021
9022 180 9052
9024 515 9065
9029 14 9076
9040 620 9081
9062 672 9093
9066 194 9102
9068 114 9111
9071 775 9126
9093 281 9138
9112 414 9145
9131 35 9165
9139 410 9181
9145 99 9183
9152 867 9184
9157 877 9215
9167 764 9223
9175 775 9233
9201 447 9235
9215 729 9248
9222 525 9261
9241 496 9274
9252 248 9291
9256 68 9295
9257 488 9308
9266 867 9314
9283 155 9316
9289 285 9318
9290 384 9319
9322 607 9325
9386 699 9386
9400 325 9400
9404 828 9404
9436 310 9436
9445 111 9445
9456 581 9456
9464 79 9464
9470 813 9470
9480 431 9480
9483 229 9483
9501 428 9501
9503 307 9503
9504 932 9504
9517 72 9517
9521 140 9521
9529 657 9529
9533 535 9533
9537 869 9537
9556 589 9556
9558 953 9558
9575 320 9575
9576 113 9576
9580 253 9580
9586 12 9586
9596 791 9596
9599 767 9599
9623 744 9623
9639 870 9639
9661 861 9661
9666 640 9666
9667 769 9667
9690 975 9690
9694 347 9694
9695 311 9702
9714 355 9714
9715 13 9737
9716 743 9741
9718 934 9743
9721 954 9744
9732 657 9750
9736 172 9785
9764 160 9789
9795 894 9811
9827 699 9827
9872 711 9872
9882 82 9882
9885 668 9885
9889 929 9889
9891 402 9891
9892 463 9892
9903 984 9903
9909 760 9911
9921 72 9941
9922 806 9954
9928 7 9956
9933 556 9958
9940 219 9959
9952 203 9962
9960 922 9964
9965 616 9970
9970 328 9977
9982 342 9982
9986 615 9995
