1000 999
823 170 2
955 55 6
481 959 0
757 610 6
801 73 4
77 761 2
156 795 6
166 488 0
378 163 3
154 847 2
910 490 7
505 436 3
869 664 2
21 253 7
691 150 5
931 834 3
145 539 6
584 154 1
660 361 3
14 626 7
714 673 4
484 27 4
19 945 2
472 400 1
295 308 1
365 501 5
428 843 6
780 240 6
123 38 7
619 995 4
399 541 4
321 443 2
627 516 7
642 475 2
749 116 0
49 817 5
341 989 1
814 775 1
917 809 8
644 463 7
787 514 4
76 476 1
914 242 5
631 88 1
420 215 4
485 199 1
426 807 3
454 126 3
651 431 6
760 366 7
180 259 6
346 250 8
351 820 7
52 808 6
646 747 7
400 109 5
545 432 7
763 669 6
417 463 7
528 383 6
783 623 6
181 520 7
368 483 2
209 93 3
606 26 3
936 811 1
912 874 4
86 490 8
619 713 8
852 859 8
184 223 0
859 672 5
761 807 1
492 124 3
836 356 3
285 262 0
345 390 6
211 616 2
138 683 5
164 62 5
876 939 7
272 905 0
670 464 2
693 441 5
383 369 5
923 445 5
849 807 2
399 798 8
693 798 4
904 105 5
544 719 1
65 837 2
209 696 5
960 264 0
971 347 7
474 121 3
794 569 6
379 315 3
130 700 4
730 27 5
31 910 1
526 239 2
497 488 2
142 184 8
377 807 8
926 871 6
408 98 1
778 256 7
237 661 5
843 450 8
724 334 2
763 632 6
104 533 5
154 710 4
928 900 6
635 262 7
612 851 0
964 391 7
547 731 3
147 141 4
330 228 1
182 122 0
7 447 0
260 416 6
340 238 6
177 163 4
386 329 8
188 923 2
783 648 7
718 116 1
216 36 2
359 76 5
782 134 8
379 218 4
60 408 8
176 320 5
586 591 3
390 66 2
403 343 6
8 535 1
88 437 8
695 410 2
218 710 7
908 461 3
802 925 6
70 252 7
686 568 2
709 460 1
60 967 4
964 547 3
11 926 4
863 565 2
785 590 8
504 269 8
530 468 6
294 853 7
249 56 5
845 136 7
341 480 1
429 534 6
279 933 5
839 448 7
191 235 8
898 688 0
653 481 6
23 148 6
881 363 0
5 839 3
708 77 7
742 646 3
573 382 8
270 900 4
762 421 8
5 297 2
667 459 0
899 634 2
963 204 0
545 530 3
335 640 4
545 333 4
230 954 2
669 957 6
499 834 4
306 129 4
19 340 2
786 969 0
358 875 4
892 64 6
689 128 8
395 791 0
691 329 5
120 508 8
857 482 2
961 654 3
544 735 2
325 659 4
464 224 7
117 677 2
649 491 3
441 866 5
86 955 0
945 599 7
983 420 0
514 324 2
26 71 1
613 297 2
196 734 0
50 862 0
508 388 5
715 950 4
921 322 2
574 530 8
787 774 6
572 741 1
666 331 7
708 953 6
792 412 5
178 891 4
296 175 4
21 816 1
991 629 5
457 708 1
112 902 3
754 663 1
958 144 4
630 553 7
613 593 2
707 792 0
998 503 0
594 961 1
828 10 4
966 259 1
465 687 0
724 618 5
405 118 5
907 308 7
80 421 0
229 775 3
496 644 5
553 9 4
465 920 4
27 121 8
771 382 6
258 954 0
559 704 4
672 280 5
142 469 7
383 670 0
319 958 4
769 6 7
754 46 0
846 317 6
443 164 6
524 455 2
22 20 5
405 555 7
654 803 2
179 643 2
511 707 7
875 567 0
526 690 7
245 46 7
889 12 6
804 718 4
835 187 8
818 288 3
855 203 5
141 596 3
291 179 4
520 102 6
93 921 4
636 764 5
249 122 5
546 694 4
641 343 5
575 661 0
614 410 7
847 35 1
273 755 7
736 819 5
142 193 6
489 757 4
981 29 1
304 442 5
1000 388 4
909 645 3
277 491 5
371 911 4
627 887 8
758 326 6
272 986 1
848 299 3
781 538 1
448 876 0
981 954 1
621 991 1
813 950 2
952 483 2
300 512 0
973 660 3
867 841 4
119 255 0
470 137 5
486 106 6
111 662 8
531 353 6
498 4 1
351 461 7
419 379 7
83 962 2
995 930 4
957 988 2
39 898 3
916 116 2
94 148 6
436 116 4
628 635 8
696 152 8
748 284 4
333 805 3
247 341 4
946 434 3
200 206 1
82 912 0
162 957 4
39 545 3
254 401 6
721 439 1
392 350 1
380 980 2
137 889 7
903 969 4
662 650 0
302 616 4
611 460 8
401 435 0
292 305 0
492 279 5
340 833 8
790 337 3
337 680 8
900 65 2
16 871 6
508 356 8
487 437 2
382 462 8
244 673 5
25 397 6
883 673 7
623 257 6
791 255 8
826 834 4
232 396 5
790 739 8
825 125 1
724 269 2
207 295 3
628 845 5
702 890 6
974 800 8
878 829 5
640 674 6
15 924 3
440 590 1
989 797 1
80 46 4
40 885 1
303 832 6
172 317 5
799 887 1
981 639 4
110 937 1
489 206 1
993 183 6
429 102 8
357 95 7
145 893 3
913 425 6
647 729 0
720 633 1
828 112 1
934 363 4
174 899 5
507 161 3
714 103 3
222 963 2
511 939 5
831 58 6
425 987 2
106 267 0
124 620 3
666 22 4
542 384 2
546 254 4
884 48 1
561 691 7
897 830 7
213 678 2
534 338 4
780 682 1
501 770 5
782 260 4
398 435 8
127 577 0
766 187 5
648 24 8
789 212 5
370 318 7
459 532 2
681 493 1
733 213 1
701 196 0
624 101 2
671 352 0
751 430 7
831 360 8
827 288 0
142 374 4
570 306 6
789 645 7
443 25 6
111 721 3
195 169 2
873 409 8
255 727 6
229 262 5
499 486 1
656 832 4
307 788 3
219 314 0
796 568 4
190 802 7
525 192 0
539 38 0
897 19 7
108 412 4
747 46 5
837 317 0
118 688 3
518 347 3
901 879 5
808 697 7
898 759 4
290 630 2
231 976 0
966 875 6
129 985 1
44 657 3
157 576 1
69 706 0
753 972 7
198 717 7
968 842 7
580 613 8
216 939 1
894 571 0
328 153 8
902 83 6
79 819 1
309 221 5
935 396 8
865 962 7
948 210 5
703 4 2
580 139 6
781 320 6
248 533 5
364 815 1
415 943 0
29 987 6
293 692 3
418 199 2
61 420 7
842 410 5
4 89 3
69 178 6
343 980 0
872 211 4
989 204 0
973 104 1
539 49 6
301 192 3
513 307 0
34 596 1
11 100 6
109 200 1
23 120 8
118 152 0
231 234 6
781 527 4
407 576 5
822 373 3
614 74 0
906 397 1
136 625 1
785 64 1
689 76 4
449 843 1
412 406 4
500 147 3
467 449 4
487 956 0
992 818 1
531 557 4
543 352 7
73 254 2
943 75 0
348 641 8
719 104 1
604 806 0
507 352 7
548 746 2
918 657 1
188 359 6
989 565 7
2 622 6
663 88 4
104 865 6
554 110 3
712 287 3
611 30 3
692 964 2
263 684 6
529 711 0
536 131 0
205 323 6
709 171 3
304 703 5
57 27 3
86 867 4
753 962 8
51 84 5
990 340 4
493 639 4
473 53 6
367 712 1
251 389 3
960 903 4
412 85 5
52 234 7
489 540 4
454 444 5
142 954 4
641 276 5
537 970 5
156 232 7
634 327 2
130 242 6
772 164 4
884 659 4
494 592 5
45 560 3
575 922 0
354 309 0
392 21 8
908 655 0
674 446 3
87 272 5
302 985 1
942 471 3
323 722 7
173 932 6
250 197 6
746 704 4
924 126 1
502 727 5
186 529 4
292 431 5
351 922 2
382 171 5
287 132 4
451 610 1
389 334 3
113 25 3
335 692 5
303 251 4
123 194 5
146 144 1
655 155 4
685 94 3
236 484 1
792 282 7
433 413 7
868 490 5
899 289 5
32 670 2
222 227 3
870 987 1
184 404 7
882 919 4
889 588 5
644 665 1
284 909 4
507 932 5
357 832 7
207 605 6
709 434 0
329 738 7
78 658 8
65 417 4
751 850 1
675 949 2
313 958 7
607 737 2
544 81 1
371 138 8
213 18 3
854 668 1
631 146 7
733 294 4
738 875 4
821 33 2
818 170 8
2 224 2
271 815 2
550 496 0
501 143 6
188 48 5
639 436 8
409 585 8
852 853 8
355 817 2
588 542 4
937 123 0
336 635 1
645 261 2
763 295 0
474 103 2
91 852 3
201 232 0
43 386 3
491 3 3
337 566 4
226 675 7
425 609 5
523 342 8
882 387 3
96 963 6
541 473 3
800 377 3
956 114 7
454 597 0
226 982 1
47 138 6
286 916 5
483 276 0
230 977 0
664 838 4
868 422 8
920 770 8
589 770 2
525 824 5
110 541 0
402 776 3
940 123 0
240 343 3
779 528 8
582 522 6
778 564 5
263 18 4
988 668 2
31 290 4
806 508 4
312 82 0
101 429 6
339 307 2
794 625 2
300 779 3
852 362 4
246 972 2
864 636 0
600 228 3
857 724 1
986 999 1
950 366 6
679 603 8
739 511 6
903 824 5
453 509 5
746 442 4
563 170 1
316 588 1
668 518 5
115 629 4
452 71 1
260 20 6
257 483 0
33 338 5
440 898 7
17 31 2
515 910 4
196 45 5
876 676 4
436 418 6
768 217 0
38 438 4
673 525 4
249 341 7
464 667 4
498 274 2
156 626 5
705 652 8
41 50 1
724 840 8
651 96 5
570 6 4
394 194 2
191 998 4
117 72 4
373 997 5
504 565 2
135 440 3
853 860 1
360 364 1
266 968 1
522 585 6
603 1 7
680 612 4
565 941 6
604 629 5
6 48 1
265 672 7
612 543 0
987 700 7
781 811 3
15 517 0
96 320 2
164 904 5
225 537 0
777 186 0
323 519 1
50 915 4
256 390 6
535 365 4
463 241 2
778 183 1
224 877 3
185 83 1
732 399 4
717 202 8
587 234 3
114 743 1
673 402 6
865 560 1
975 391 8
259 21 8
435 304 5
728 714 4
341 856 2
850 133 3
18 187 5
839 11 0
756 413 0
720 504 2
598 613 7
499 70 7
737 12 0
521 351 5
660 98 0
617 282 4
838 921 4
806 312 6
938 387 8
825 790 7
583 360 0
404 752 1
189 843 1
938 478 0
382 262 0
844 940 0
945 213 1
140 117 5
886 324 0
788 633 1
229 520 3
895 413 7
729 683 4
990 994 4
320 895 5
427 61 0
666 730 5
866 768 4
859 812 2
581 536 8
391 683 7
875 232 8
859 909 4
523 3 5
283 797 2
955 268 4
8 54 4
452 579 1
756 947 5
72 273 8
457 295 0
445 944 0
659 233 1
271 466 5
595 281 5
880 331 4
640 656 6
997 509 2
66 510 8
627 166 7
261 996 2
978 879 3
479 671 8
70 406 6
275 268 2
323 980 4
927 695 6
818 318 1
1 140 5
982 967 3
820 957 2
630 765 4
577 312 1
740 826 8
465 785 3
160 115 4
75 59 4
271 97 7
264 37 7
751 649 8
40 255 5
26 846 5
393 706 6
809 619 8
627 456 2
131 758 7
16 768 4
99 549 4
888 589 0
526 452 6
78 245 0
332 835 0
375 318 3
741 655 1
381 304 1
23 24 1
89 178 8
767 491 7
864 73 3
166 464 7
736 191 8
278 260 6
325 918 0
901 391 2
220 518 7
983 725 0
585 511 5
316 104 2
711 738 2
201 455 3
556 177 4
514 601 7
595 859 1
110 896 4
42 407 4
98 149 6
551 400 8
790 698 4
427 928 0
753 881 1
122 208 0
705 670 2
231 524 5
822 79 7
591 198 2
862 669 7
360 979 7
210 126 4
726 363 8
687 757 0
477 768 4
411 34 3
190 464 2
917 158 0
165 317 4
643 723 3
994 159 2
13 297 6
258 375 8
743 424 2
687 579 6
996 90 0
531 372 4
28 637 6
280 960 7
418 111 0
549 182 1
151 286 6
886 985 7
184 430 1
379 153 7
750 100 3
646 79 1
398 677 6
495 999 6
716 637 0
959 227 8
841 970 5
7 148 3
402 423 4
715 173 8
327 635 8
309 169 6
808 189 7
310 682 6
849 842 0
576 929 6
87 622 2
425 309 6
665 330 3
506 987 3
75 717 5
861 582 4
678 346 0
796 626 8
797 638 8
878 984 3
816 980 2
214 30 0
576 650 8
328 474 3
884 243 0
581 375 3
938 323 4
458 871 7
594 750 0
848 570 3
619 884 1
22 353 0
502 486 2
849 566 4
940 84 5
436 118 1
810 781 4
147 195 0
433 143 2
443 951 3
168 133 7
30 291 7
608 832 0
712 25 8
823 745 7
558 913 6
592 639 0
671 92 5
967 946 1
167 883 5
231 311 5
75 524 0
163 719 5
855 615 2
232 652 4
602 147 2
683 203 4
931 63 6
414 567 2
786 793 8
496 699 6
858 702 7
924 58 1
744 636 2
167 998 7
578 196 6
298 190 3
863 67 8
968 869 4
854 955 6
553 878 6
97 552 7
97 120 5
958 385 6
488 894 7
942 501 5
784 685 3
397 335 8
949 965 5
877 694 6
580 562 5
283 544 5
773 479 8
376 739 8
175 703 6
570 475 3
647 191 2
637 6 3
425 279 0
68 836 6
489 219 1
491 890 5
809 993 6
70 107 7
6 419 5
303 358 5
344 982 4
349 942 2
1000
7851 894 7851
23748 29 23748
24821 199 24821
24989 297 24989
45526 388 45526
47295 574 47295
57142 155 57142
58374 892 58374
62611 780 67821
68700 312 82931
86889 299 86889
88159 868 100330
89401 109 103462
94121 998 107223
98108 422 119543
105673 817 122605
111237 641 127191
114851 350 129189
115514 39 155179
148349 873 161249
157598 476 164764
163541 566 165528
163578 9 167676
165583 208 173593
168645 50 174055
171168 942 175093
174643 738 177569
175125 430 188443
178635 872 196759
181221 628 208257
213000 67 213874
216745 938 219593
246211 307 246211
254601 910 254601
264489 765 264489
265642 612 269108
266577 376 279928
274467 227 282865
278534 71 290134
279186 667 304411
297355 486 306689
320724 885 320724
359030 693 359030
363314 164 363314
372015 652 372015
377318 326 377318
382749 777 382749
392024 130 392024
412149 755 412149
432421 500 432421
443851 69 443851
443933 15 443933
446913 68 446913
453814 267 453814
464685 211 464685
468697 344 468697
471217 778 471217
500190 722 500190
505158 818 505158
507179 67 507179
507372 887 507372
514982 813 514982
517799 806 517799
525301 463 525301
532508 217 532508
538942 619 538942
541911 425 541911
558497 582 558497
561050 880 561050
565897 416 565897
568439 509 568439
582143 18 582143
585210 354 586203
596946 461 596946
613565 372 613565
617242 487 626725
619812 872 627072
629608 663 638938
631640 428 642292
651633 305 664396
661863 918 682821
662525 745 724220
664761 508 731120
671462 857 744583
671538 920 811106
675232 631 811672
702348 542 812782
705323 505 817070
706519 965 824247
709954 955 857803
720894 817 866316
729271 52 882227
736167 351 898149
736840 88 928537
738940 978 938806
757384 779 943622
798179 489 951685
822589 239 959587
838808 149 969532
862381 616 981532
897167 823 1001321
904654 993 1010940
909396 992 1016503
922893 888 1056538
933010 102 1064822
937523 371 1068239
943013 153 1084937
947488 960 1085624
955009 433 1093882
961527 910 1095749
964698 649 1127675
967925 804 1133491
984618 102 1135931
994312 782 1145219
1008193 956 1152986
1011788 508 1154376
1012501 655 1167392
1017050 807 1169366
1019385 727 1171515
1024977 406 1172503
1036549 947 1181878
1053322 529 1198914
1066351 514 1199613
1096122 564 1209465
1097206 651 1221440
1114648 109 1228972
1115553 438 1248138
1123620 895 1254808
1127020 511 1262445
1129169 50 1263110
1134266 758 1263352
1135595 581 1267936
1148049 620 1278296
1165456 35 1281658
1166853 711 1301007
1176670 661 1302109
1186203 291 1309228
1189916 289 1312896
1208804 877 1360704
1213322 906 1383939
1274215 684 1397978
1275502 422 1412569
1286291 485 1453761
1287718 153 1454467
1296459 234 1463503
1307679 449 1464863
1312851 23 1470384
1315949 523 1508603
1317222 332 1509764
1339166 474 1511647
1368964 515 1519019
1374218 897 1530174
1378632 181 1571742
1398291 263 1587872
1432644 277 1595343
1466904 867 1595500
1475201 434 1607890
1480723 380 1610069
1490866 177 1617115
1493583 509 1623827
1494735 281 1630571
1498811 668 1655072
1518834 593 1655151
1527297 851 1662510
1537525 159 1663739
1538938 952 1665242
1550853 163 1675432
1570428 585 1706304
1571192 932 1722687
1619222 51 1724835
1619407 785 1730678
1631259 819 1738757
1631286 170 1739826
1637533 90 1747021
1651825 732 1748471
1671690 599 1750434
1683730 720 1755016
1696637 971 1767357
1729155 203 1776349
1731568 387 1789250
1732146 150 1793123
1740455 703 1795572
1769993 627 1795816
1776121 527 1804544
1793693 591 1806946
1794790 623 1808688
1839318 665 1839318
1842025 249 1842025
1844752 589 1844752
1865785 480 1865785
1876936 700 1876936
1879535 355 1879535
1884658 275 1884658
1889242 582 1889242
1900345 464 1900345
1901750 707 1901750
1916357 600 1916357
1937876 421 1938594
1940834 999 1944057
1959348 293 1959348
1962185 296 1973576
1971976 165 1986083
1981677 672 2012407
1991280 92 2029043
2017759 135 2036917
2018979 910 2063472
2036657 722 2063590
2054177 718 2072347
2056383 537 2081841
2080545 743 2094586
2137622 77 2137622
2139487 701 2139487
2162406 595 2162406
2165472 963 2165472
2180153 258 2180153
2189993 9 2189993
2194493 817 2194493
2215376 193 2215376
2226850 24 2226850
2236571 424 2236571
2244617 774 2244617
2270266 566 2270266
2282817 174 2282817
2288430 938 2288430
2290668 986 2290668
2298630 978 2298630
2302150 291 2302150
2310509 105 2310509
2317708 252 2317708
2319966 585 2319966
2320025 550 2320025
2324090 125 2324090
2325530 86 2325530
2327421 481 2348302
2337820 172 2350873
2344358 252 2386961
2368288 736 2405551
2406133 2 2417316
2414236 97 2443907
2417101 986 2458979
2444755 688 2461254
2446765 142 2495463
2452737 80 2505018
2475749 440 2525683
2504383 846 2597327
2518635 407 2598672
2519764 664 2600871
2528589 850 2627750
2532525 903 2656455
2542057 118 2664191
2555008 510 2668791
2568152 891 2672911
2569714 260 2689417
2579010 708 2712877
2597211 88 2713459
2608944 207 2713487
2609925 686 2720409
2635627 43 2722695
2641186 308 2723363
2656915 421 2730070
2661369 63 2754229
2681092 660 2767624
2682845 913 2772554
2684799 608 2774038
2684926 590 2775945
2737313 843 2794459
2751581 778 2796807
2754749 350 2807477
2762152 166 2807532
2763446 78 2809477
2770704 160 2810289
2811987 579 2813705
2816263 708 2816263
2820705 229 2834299
2820771 346 2836583
2822102 720 2841479
2823353 405 2842217
2844622 321 2844622
2851757 967 2851757
2859582 969 2859582
2860354 388 2860354
2881000 239 2881000
2895293 449 2895293
2902846 284 2902846
2903055 562 2903055
2909342 710 2909342
2916985 185 2916985
2929382 31 2929382
2933002 286 2933002
2941481 460 2941481
2946450 323 2952648
2946864 225 2954952
2950098 639 2955095
2951011 981 3004314
2954265 880 3024007
2959177 840 3031596
2967462 720 3034766
2967548 26 3041214
2969492 333 3047385
2970792 589 3047940
2972144 647 3049896
2982922 104 3059947
2989334 935 3060863
3008322 300 3066334
3012206 665 3070610
3014487 121 3090828
3019734 764 3096766
3036771 7 3099473
3044195 43 3106520
3050838 706 3119317
3055920 839 3147629
3069910 415 3161185
3072409 986 3165333
3122078 206 3167095
3128302 340 3170416
3144766 821 3174580
3165243 512 3204651
3184411 391 3206470
3185867 366 3206525
3191000 253 3208716
3198356 240 3218506
3212626 892 3224434
3213605 609 3230661
3225061 611 3233555
3229431 517 3237981
3230152 298 3249158
3231906 728 3259104
3235830 379 3267330
3248088 928 3270374
3257039 234 3289335
3277284 593 3308626
3301165 408 3313882
3330465 190 3330465
3352662 774 3352662
3358349 321 3358349
3370839 407 3370839
3384287 722 3384287
3387677 180 3387677
3415138 32 3415138
3418343 717 3418343
3420759 907 3420759
3428344 146 3428344
3434223 191 3434223
3435913 159 3435913
3439283 913 3439283
3441874 134 3446734
3451071 76 3451071
3456202 973 3456202
3466905 851 3467599
3469322 950 3508976
3479150 388 3516816
3479500 7 3534307
3493228 120 3536950
3493796 634 3549527
3497284 299 3575518
3498383 871 3621898
3533887 148 3648197
3553044 335 3657030
3567656 706 3676647
3575088 418 3677369
3581691 237 3683212
3587571 820 3694111
3595513 142 3695083
3600623 26 3697489
3601962 256 3700198
3617270 395 3700713
3632167 89 3707883
3653026 214 3709629
3656411 259 3719160
3667097 673 3720168
3677684 912 3729491
3698118 637 3730689
3700179 575 3739178
3711076 456 3744300
3714156 551 3753766
3718310 461 3760480
3732744 486 3765133
3733975 925 3769997
3760767 411 3792029
3768451 866 3814063
3782284 445 3818561
3792752 808 3829449
3794092 273 3832225
3805405 198 3846536
3809927 148 3871203
3810393 906 3888867
3810764 105 3899274
3834657 151 3930090
3840240 452 3943493
3852905 702 3944397
3855956 523 3959188
3869572 273 3976320
3901697 379 3979300
3907324 115 3979904
3908086 525 3982330
3910714 151 3989351
3911891 303 3994663
3934376 592 4004941
3945023 709 4005975
3965446 624 4015466
4004634 570 4026722
4006814 882 4049803
4017678 499 4051491
4021080 733 4066044
4034699 283 4068336
4038131 105 4075910
4039122 101 4099956
4043769 310 4100167
4047591 503 4116299
4053780 900 4140903
4054472 170 4141883
4060102 767 4168121
4062426 279 4175232
4068610 971 4182085
4083597 397 4202801
4103976 806 4211823
4113845 134 4217707
4116583 627 4221374
4119834 496 4230728
4149605 139 4232797
4166116 477 4233472
4166542 755 4233987
4179465 141 4238150
4204020 936 4254787
4208224 439 4257774
4247854 189 4264704
4263972 676 4285202
4265416 12 4286714
4271932 491 4294170
4272099 809 4301795
4276490 523 4310023
4291319 731 4325767
4294523 455 4342202
4305352 16 4373573
4313040 126 4376383
4317750 635 4381597
4362347 686 4391561
4391885 856 4396805
4392886 602 4407499
4397244 402 4407873
4401352 500 4414146
4446570 752 4446570
4453747 875 4453747
4454197 855 4454197
4457084 543 4457084
4463544 439 4463544
4465023 825 4465023
4475469 148 4475469
4479191 324 4487381
4486567 906 4487570
4487997 911 4494223
4504794 919 4532463
4517628 36 4535529
4525869 644 4554645
4533645 906 4593256
4574661 967 4605721
4575416 899 4619121
4577387 778 4637601
4613434 45 4653113
4614034 423 4658609
4616537 360 4671347
4625265 869 4673215
4625684 257 4677157
4629178 248 4677832
4629652 280 4678727
4633192 522 4679850
4635466 683 4684019
4639738 810 4684704
4641529 587 4693901
4649869 345 4710966
4665113 758 4714517
4667948 52 4726474
4672946 160 4731786
4681503 207 4732002
4705054 893 4768484
4716725 114 4773451
4726113 784 4794854
4726151 398 4797076
4762721 53 4808349
4772562 336 4812482
4800869 987 4826729
4812335 848 4837566
4870625 897 4870625
4870880 774 4870880
4886408 712 4893808
4896431 876 4899524
4904512 826 4918156
4908516 951 4919666
4914427 712 4935893
4934086 374 4941823
4934790 417 4950035
4941603 385 4951336
4942853 290 4968182
4948918 46 4976755
4948925 923 4981222
4952868 919 4991439
4957332 486 5013957
4959624 12 5049232
4966410 388 5054634
4970119 542 5059358
4982702 900 5064023
4986589 78 5068295
4988618 434 5069171
5011406 173 5069979
5020548 463 5083100
5040718 614 5086652
5059145 752 5095652
5084309 148 5100431
5086207 798 5121721
5130607 685 5130607
5141741 452 5141741
5148621 93 5148621
5170225 890 5170225
5180805 363 5180805
5199819 80 5199819
5207517 470 5207517
5209003 727 5209003
5214045 166 5214045
5217614 143 5217614
5221826 323 5221826
5228422 557 5228422
5230379 996 5230379
5236680 158 5236680
5256488 50 5256488
5265117 655 5265117
5273283 641 5273283
5276582 334 5276582
5284579 824 5284579
5289819 120 5289819
5313773 321 5313773
5332693 97 5332693
5333944 127 5333944
5350014 445 5350014
5388980 330 5388980
5398671 80 5398671
5409878 218 5409878
5413871 144 5413871
5415902 114 5415902
5424577 156 5453195
5464410 771 5464410
5473797 871 5473797
5478758 166 5478758
5482652 803 5482652
5491269 268 5501364
5508645 605 5508645
5511059 713 5511059
5517931 455 5517931
5529895 420 5529895
5531432 453 5531432
5556247 392 5556247
5557183 683 5562826
5558884 334 5572586
5566098 45 5586499
5572419 355 5587704
5583972 632 5602657
5597258 488 5635381
5599904 768 5670502
5615946 31 5671649
5624226 241 5673961
5625793 540 5687525
5638987 472 5715607
5642649 20 5731298
5644306 888 5735671
5662884 367 5737177
5668333 662 5739989
5672323 750 5741816
5684727 496 5747340
5688939 158 5748722
5693130 274 5750275
5705806 865 5753553
5721639 611 5762959
5735403 685 5769849
5745126 805 5777782
5748341 511 5807423
5760242 734 5814787
5763103 535 5815808
5799682 860 5821130
5806342 618 5849676
5814031 491 5854552
5821511 964 5854623
5837642 951 5864313
5853434 762 5874400
5859723 475 5877919
5864094 62 5889625
5876240 431 5895154
5881987 977 5910961
5904540 725 5919162
5911556 53 5941865
5918287 915 5945238
5936951 244 5945474
5944730 48 5952369
5957705 54 5957705
5999312 153 5999312
5999521 163 5999521
6003643 845 6003643
6025772 598 6025772
6027297 947 6027297
6030916 711 6030916
6031346 240 6031346
6052461 541 6052461
6056974 802 6056974
6079859 711 6079859
6101859 85 6101859
6116682 296 6116682
6139563 31 6139563
6162290 475 6162290
6178570 487 6178570
6182545 85 6182545
6182730 237 6182730
6191515 252 6191515
6192192 459 6192192
6196606 140 6196606
6227567 275 6227567
6244676 796 6244676
6274952 350 6274952
6280394 493 6280394
6294557 695 6294557
6303385 856 6303385
6306472 734 6306472
6317398 522 6317398
6352073 69 6352073
6353245 740 6353245
6354822 120 6354822
6362782 922 6362782
6387696 963 6387696
6402426 809 6402426
6403894 746 6403894
6413104 985 6413104
6436364 787 6436364
6457050 345 6457050
6465605 971 6465605
6476993 330 6476993
6481257 683 6481257
6485891 729 6485891
6496402 955 6496402
6496849 521 6496849
6500782 841 6500782
6525221 159 6525221
6535661 492 6535661
6555074 94 6555074
6557545 67 6557545
6563628 749 6563628
6567332 447 6567332
6574039 14 6574039
6576022 822 6576022
6576162 539 6576162
6578535 973 6578535
6579412 286 6597392
6583729 372 6606775
6600002 939 6633764
6605323 76 6642581
6623915 390 6665126
6623921 629 6670756
6625557 418 6672614
6638659 785 6693848
6641661 145 6696476
6673713 485 6697990
6691363 947 6699131
6695584 82 6707379
6695750 178 6709415
6697695 236 6711237
6717334 91 6717334
6717696 163 6719719
6719578 18 6727700
6724699 762 6728666
6733459 699 6733459
6734718 296 6737148
6737324 603 6737457
6740578 697 6740578
6744779 635 6747085
6758109 99 6769028
6760372 645 6783896
6761907 119 6784294
6770620 930 6791643
6781337 287 6793444
6788364 80 6819770
6788675 754 6843803
6794262 388 6851065
6795535 895 6864254
6803881 875 6881663
6835677 724 6910874
6837602 32 6924552
6843946 751 6942444
6851582 859 6946148
6864047 91 6953623
6866556 676 6958064
6888475 122 7005009
6894341 111 7007658
6899848 553 7017058
6909758 244 7030253
6914693 3 7038154
6920648 225 7057534
6929858 899 7069475
6932821 539 7076539
6946408 547 7092714
6956594 465 7100693
6966191 403 7104401
6985417 668 7104892
7003179 853 7109461
7015909 612 7140639
7016600 899 7161067
7032557 382 7181681
7050997 826 7190731
7055048 909 7195459
7057527 706 7207703
7059501 528 7235771
7079061 219 7239314
7096114 674 7249375
7114621 15 7260401
7118895 978 7267835
7140539 373 7277498
7163380 341 7284909
7164153 124 7287640
7170254 329 7291229
7170727 828 7295436
7193704 710 7298619
7208923 482 7313825
7226849 809 7325758
7241038 156 7341673
7260511 237 7353609
7268074 531 7355662
7270978 939 7358226
7302378 388 7404375
7323557 143 7407189
7332645 551 7412414
7332750 191 7418591
7334558 453 7420549
7342171 694 7435920
7344854 516 7447622
7356650 168 7453420
7372188 645 7463321
7377755 170 7471721
7390989 941 7473126
7393710 105 7478368
7397332 394 7480701
7405617 852 7483338
7409960 987 7490208
7423676 278 7500778
7437549 219 7511011
7438101 898 7515928
7439945 113 7548565
7450781 817 7553830
7456848 983 7558374
7464367 690 7560133
7475385 552 7578247
7477324 802 7596291
7500995 132 7610011
7509839 239 7618790
7534297 71 7621594
7540637 850 7628340
7543365 686 7628377
7549229 16 7628516
7555962 343 7633657
7565665 406 7639417
7591580 466 7639528
7615355 665 7642700
7627693 217 7644739
7631517 803 7648583
7644555 990 7655245
7645507 790 7667572
7654308 931 7677123
7668459 852 7694318
7668981 781 7724246
7670122 429 7726001
7681220 380 7754999
7693965 901 7757377
7694059 463 7759331
7699090 429 7760005
7700501 683 7792392
7752125 424 7800001
7754141 809 7801798
7763133 600 7804572
7766085 279 7808520
7770992 486 7832772
7771804 855 7853421
7772212 644 7869764
7791303 227 7907385
7795621 838 7910505
7801791 153 7912369
7802881 999 7922864
7804832 697 7929898
7807238 985 7932938
7824716 412 7955552
7852616 35 7963692
7879314 354 7982503
7904022 509 8002015
7908000 286 8010151
7922024 615 8011178
7937634 11 8013448
7943617 982 8027436
7947939 902 8036858
7954780 448 8045091
7961622 371 8056843
7974722 278 8064668
8019147 265 8068607
8031887 366 8071674
8037037 438 8075495
8051457 198 8076608
8061094 724 8085881
8066477 302 8097234
8069037 484 8102764
8070807 493 8108060
8082057 75 8115828
8084399 631 8116736
8084633 265 8120650
8085778 727 8137134
8086813 162 8138259
8090785 145 8139054
8095543 766 8139228
8106559 979 8147335
8110872 31 8148505
8111540 562 8149593
8116075 945 8150339
8127409 296 8173515
8137151 936 8174545
8140728 548 8188928
8141679 948 8194044
8154218 135 8206018
8160985 232 8227597
8165802 787 8228202
8167420 131 8229459
8171003 324 8231844
8177870 410 8234149
8189983 803 8237703
8190170 239 8242285
8191111 272 8247753
8198581 785 8256154
8215108 55 8260456
8218272 700 8274642
8222502 782 8286276
8223393 525 8294740
8247807 94 8296527
8252398 643 8297954
8259601 267 8300817
8279051 410 8324039
8280344 566 8336412
8281130 22 8342187
8288535 581 8350995
8328865 763 8383185
8341089 134 8384915
8343049 317 8391848
8362660 970 8398705
8369608 437 8404562
8370913 525 8406291
8377724 528 8430529
8379590 426 8432490
8384438 733 8452011
8402391 41 8456044
8406808 695 8459449
8414631 374 8512861
8424503 119 8513072
8472713 93 8525351
8505039 775 8542292
8531833 947 8546013
8547838 926 8554119
8576680 986 8576680
8580857 825 8580857
8585747 558 8586317
8592667 224 8604621
8600896 459 8605725
8615384 475 8618521
8617028 281 8620140
8640692 618 8640692
8650255 791 8650255
8655099 662 8655099
8666413 160 8666413
8692290 658 8692290
8697654 952 8698939
8720091 711 8720091
8744034 710 8744034
8747349 842 8747349
8751185 855 8766312
8753557 511 8768184
8758511 224 8783704
8761580 322 8792191
8762713 459 8794567
8771656 614 8819126
8774475 469 8823676
8793224 568 8823809
8807141 338 8825844
8816512 60 8827013
8857488 935 8857488
8858503 368 8858503
8871054 325 8871054
8871178 200 8871178
8871677 283 8871878
8876520 213 8876520
8878352 811 8898325
8892856 998 8915646
8925663 633 8925663
8928437 265 8928437
8931746 507 8932737
8939220 954 8942480
8940803 296 8947123
8947695 971 8956017
8956617 3 8965191
8979893 635 8979893
9020387 122 9020387
9025289 629 9025289
9065186 345 9065186
9070299 806 9070299
9073660 364 9073660
9085350 73 9085350
9094981 284 9094981
9103864 899 9103864
9105113 71 9105113
9111293 805 9111293
9118669 103 9118669
9119681 567 9119681
9126978 619 9126978
9127925 402 9127925
9143683 211 9143683
9146499 598 9146499
9150770 358 9150770
9172706 436 9172706
9185349 769 9185349
9185789 343 9185789
9185876 811 9185876
9188098 908 9188098
9212443 164 9212443
9215229 133 9215229
9227899 598 9227899
9240040 651 9240040
9246359 355 9246359
9254287 548 9254287
9256237 956 9256237
9256600 246 9256600
9260767 851 9260767
9285854 408 9285854
9314506 790 9314506
9314727 777 9325097
9316865 671 9359129
9361695 331 9371379
9366302 279 9415074
9372926 835 9447523
9375643 539 9449333
9378763 788 9454495
9384604 684 9458281
9405841 4 9459934
9409262 418 9462694
9412556 226 9469449
9426725 958 9470471
9437037 436 9484220
9451585 708 9491165
9457792 933 9515732
9487964 883 9525440
9491060 986 9526493
9494031 238 9544884
9514950 502 9559074
9529640 380 9562632
9531805 737 9574756
9544795 807 9575233
9547114 380 9576690
9548709 852 9582291
9550102 610 9592887
9562040 616 9603056
9574134 397 9611878
9582628 268 9614791
9605899 209 9638656
9621910 863 9647770
9626241 42 9674575
9631673 451 9681324
9632803 362 9687760
9638273 100 9691152
9639427 142 9691682
9642677 303 9693285
9654826 952 9696711
9659860 993 9707152
9665611 136 9710251
9675302 125 9718223
9687297 341 9736605
9696749 132 9738589
9727092 92 9743793
9727151 104 9762171
9737604 448 9784680
9737839 586 9787849
9738443 778 9788716
9744723 535 9796664
9773588 184 9805665
9779354 317 9815471
9780681 322 9823509
9802658 362 9828833
9831758 693 9840106
9855846 742 9855846
9859139 518 9859139
9863091 439 9863091
9892845 700 9892845
9902717 752 9902717
9903524 123 9903524
9906481 412 9906481
9924077 4 9924077
9926959 480 9926959
9944008 519 9944008
9959629 369 9959629
9961210 737 9961210
9964714 659 9964714
9964859 255 9967982
9970665 144 9977092
9984996 112 9994174
9999578 951 9999578
