1000 999
94 465 6
285 646 6
805 726 7
999 907 2
213 188 2
432 484 3
120 773 1
538 786 2
562 252 5
122 130 3
231 552 4
89 32 8
317 721 7
742 422 4
78 210 5
292 308 8
456 886 8
473 515 1
707 725 1
461 946 6
322 873 5
785 761 7
620 948 7
41 151 5
600 839 2
429 208 5
664 170 6
2 13 3
923 891 1
826 932 8
942 850 3
868 174 3
879 718 5
622 204 3
687 70 4
774 279 5
399 821 6
316 932 1
148 556 0
334 104 8
986 425 4
716 375 8
414 672 7
816 190 3
170 899 5
490 684 5
529 54 4
900 609 0
816 749 0
529 949 7
594 671 8
352 478 3
518 735 3
665 292 5
812 40 6
436 210 7
618 993 0
446 834 6
456 340 5
99 693 3
750 563 3
484 595 7
307 98 2
719 609 1
206 199 2
735 723 1
479 979 3
77 767 1
399 898 8
944 20 2
441 801 0
876 413 7
156 374 1
336 754 5
230 509 8
339 106 0
72 539 2
23 549 1
915 993 4
235 480 4
135 561 7
511 377 0
101 841 2
122 546 8
811 722 7
398 503 3
203 199 5
849 360 7
185 925 5
544 176 7
669 482 7
977 62 7
265 314 0
173 834 5
801 891 6
794 321 0
962 591 3
616 299 3
67 173 7
271 144 3
366 678 7
326 902 1
512 643 5
329 202 2
553 905 8
333 793 4
957 765 5
98 756 5
653 158 1
282 350 0
511 537 4
553 581 6
815 462 3
267 862 2
391 583 0
189 487 8
355 965 1
305 951 7
67 99 8
725 98 5
616 666 4
89 753 6
509 905 6
25 836 4
229 586 4
992 464 1
500 399 8
296 165 6
563 538 2
763 818 2
260 223 0
522 81 8
365 821 0
860 324 3
14 930 8
556 452 6
345 543 1
896 183 2
990 475 3
194 443 7
25 845 3
475 17 7
727 54 2
66 77 8
516 246 0
114 216 2
303 291 4
686 857 6
582 586 0
677 993 6
833 928 5
679 239 3
890 179 4
110 612 8
706 306 1
919 861 2
918 268 1
305 426 2
204 580 5
390 564 5
380 348 6
408 397 4
31 729 1
285 662 3
479 521 5
402 797 1
244 185 8
962 281 6
280 854 5
624 220 8
887 330 1
218 270 5
60 809 6
892 555 2
126 334 4
419 231 1
635 256 4
565 523 6
9 145 7
407 991 4
270 970 4
354 627 5
852 658 0
945 185 4
442 482 8
158 204 3
666 166 3
540 594 6
691 328 7
458 121 7
667 242 2
817 837 0
787 554 1
652 400 1
804 94 1
743 417 0
303 713 3
196 377 0
689 648 4
92 784 2
412 508 1
803 634 0
768 452 1
354 305 3
331 386 4
339 342 0
344 167 7
629 459 6
727 105 4
711 638 5
929 383 5
358 244 3
234 893 7
612 838 0
504 747 7
984 486 0
409 406 0
542 171 0
773 872 6
885 447 7
172 32 6
674 759 0
690 314 4
234 565 2
131 236 4
578 535 6
264 121 0
529 757 0
606 509 3
550 604 3
659 6 0
178 198 0
708 616 5
846 201 6
572 491 6
849 974 2
284 660 1
455 614 7
666 780 8
634 943 5
549 281 5
403 39 4
22 706 5
116 18 4
678 981 0
810 859 6
828 656 8
332 744 3
134 679 8
92 477 6
345 547 3
112 979 8
42 759 3
290 457 4
911 704 5
746 111 5
990 465 4
920 937 1
783 241 6
808 208 8
79 24 3
879 495 7
239 285 3
625 330 3
374 109 8
68 993 3
327 439 6
907 636 3
75 423 4
27 922 7
626 838 2
768 257 7
116 5 3
884 966 4
282 235 3
973 380 6
53 831 3
958 723 0
505 702 6
262 64 4
83 90 6
389 539 2
695 687 6
844 494 6
121 362 3
47 312 6
204 95 3
928 205 8
847 391 2
680 781 2
727 501 3
479 520 7
752 64 4
453 181 6
46 764 8
420 710 3
870 111 8
932 798 8
877 326 6
570 97 4
206 444 6
661 129 7
913 153 1
995 27 5
341 413 4
785 880 7
527 168 5
813 748 0
655 479 0
748 195 8
430 997 8
357 581 2
924 758 6
690 481 8
436 912 0
772 73 1
473 606 5
450 290 5
947 424 3
799 681 1
222 499 4
318 805 6
117 335 2
261 502 3
514 630 8
579 714 5
334 524 3
397 724 0
941 466 1
431 351 7
433 850 8
714 999 6
778 583 6
481 532 1
498 489 0
296 334 6
916 147 3
492 640 8
388 525 1
239 982 5
306 483 6
237 57 5
948 360 0
790 959 7
978 273 4
105 882 0
288 676 7
969 423 3
504 779 4
837 739 1
45 11 6
297 615 0
406 922 8
855 451 1
85 121 5
997 59 4
49 317 4
532 256 3
990 891 4
90 66 7
632 222 8
96 84 5
984 978 1
191 668 0
935 743 1
460 52 7
65 750 0
555 575 1
588 725 4
305 654 3
866 989 0
148 405 1
285 392 5
443 202 0
667 935 6
175 820 7
517 316 2
310 956 3
629 912 6
154 365 1
252 670 6
59 789 8
251 402 0
251 960 7
223 125 5
457 119 5
201 129 8
305 410 8
283 859 4
648 554 3
731 421 8
776 663 0
443 462 7
193 676 7
653 364 4
490 776 0
431 686 4
639 228 2
246 439 5
608 825 1
472 177 5
867 873 0
641 712 7
230 669 6
435 26 4
79 145 1
359 732 2
891 875 3
864 444 5
616 262 6
860 138 8
224 301 3
729 270 6
312 558 3
661 845 4
851 296 2
63 55 4
779 745 0
378 116 5
322 330 1
238 28 7
316 867 8
506 24 4
727 840 7
209 657 5
182 667 3
940 919 7
40 905 6
621 964 2
753 819 0
553 998 7
475 503 5
167 621 4
147 361 7
776 33 7
96 178 3
498 880 4
748 708 4
294 30 7
892 843 2
630 596 8
838 872 4
20 831 6
857 162 1
451 223 7
46 59 2
904 390 1
823 506 2
505 981 1
619 725 7
976 232 1
465 437 4
884 289 1
315 600 7
584 996 4
310 792 8
438 755 7
8 403 0
44 409 3
34 39 7
859 150 8
127 530 1
560 145 3
605 446 6
102 895 2
510 427 5
468 353 8
836 58 6
413 91 2
140 56 0
673 916 8
739 918 0
921 736 1
141 835 7
463 644 3
756 473 6
101 67 8
297 834 4
686 309 5
58 832 8
613 131 6
468 165 3
642 910 4
128 581 1
389 284 7
200 735 1
796 877 7
347 576 5
872 715 4
4 923 0
772 996 8
476 888 2
723 751 6
315 893 7
748 153 4
81 202 7
787 379 1
256 639 1
639 274 8
664 904 1
607 599 4
628 396 4
645 668 2
839 519 7
525 137 6
980 304 0
890 170 1
459 69 3
597 449 1
975 108 7
321 855 0
808 343 8
536 890 4
215 494 6
651 495 6
560 769 2
617 549 8
482 806 4
209 159 7
883 552 2
629 173 5
556 709 6
220 946 6
253 219 6
469 909 8
51 943 5
132 427 5
701 10 7
280 613 0
451 561 2
124 333 1
905 864 3
332 280 7
104 959 7
725 213 0
247 946 0
703 4 7
93 350 4
485 451 0
698 877 7
44 171 5
578 233 4
966 404 2
825 543 7
108 920 7
434 786 5
70 71 5
771 485 7
772 289 6
457 811 5
163 457 0
452 901 4
904 736 0
933 213 5
409 311 3
871 681 6
493 712 7
302 527 0
394 694 7
247 574 6
349 350 8
308 911 3
963 717 1
35 411 5
822 933 4
352 734 0
828 570 2
264 829 7
611 373 0
587 942 4
950 987 7
883 786 0
655 694 0
281 712 8
790 116 7
64 160 5
355 934 0
382 395 4
117 466 0
770 412 5
661 535 5
444 899 8
415 115 1
568 189 1
492 777 3
533 356 5
715 628 5
792 263 2
35 428 8
914 705 8
909 692 3
563 503 7
267 37 6
716 980 4
161 152 6
792 394 0
841 474 3
222 687 3
556 954 0
784 440 4
358 445 8
883 957 5
792 541 1
254 1000 7
837 634 3
261 26 7
136 128 5
7 783 1
60 376 6
141 892 8
719 602 4
599 365 1
399 807 6
576 602 3
842 787 3
691 287 3
137 699 8
894 607 2
621 295 5
941 149 2
696 777 6
1 29 8
371 731 6
228 152 5
3 481 3
640 637 0
630 983 5
786 567 5
618 251 3
198 970 8
760 145 3
224 187 4
537 300 7
702 192 3
457 97 4
220 582 3
423 814 2
276 590 5
389 280 2
944 30 7
908 568 2
315 573 0
466 58 0
823 979 5
972 602 7
197 966 2
370 344 0
138 879 5
68 633 7
692 266 1
601 281 7
12 100 0
410 841 4
412 140 6
798 589 3
581 425 8
158 264 4
989 818 7
569 210 2
998 405 5
937 288 6
321 317 2
342 874 1
837 379 2
523 82 1
337 208 3
881 502 2
407 286 8
163 252 1
820 956 6
906 621 1
605 401 3
139 62 3
46 34 6
495 140 1
156 488 8
226 343 4
647 574 3
382 295 3
981 236 6
608 80 0
1 246 8
387 808 1
610 719 4
52 404 7
76 380 5
729 571 5
316 166 1
61 889 7
683 146 6
512 14 6
494 447 5
462 799 6
181 269 7
74 175 6
851 800 1
348 782 0
708 881 7
662 385 0
368 535 3
882 641 4
349 983 1
841 856 0
90 286 4
559 278 3
105 260 8
666 687 8
577 249 1
43 745 6
418 621 1
498 115 2
505 710 5
327 827 3
470 212 7
167 973 7
357 869 5
51 890 3
394 455 3
406 237 7
186 650 6
701 422 2
484 965 4
367 123 1
186 428 2
381 680 2
707 124 8
38 353 2
49 762 7
478 908 5
663 240 6
402 192 5
713 314 7
293 96 1
200 513 4
146 758 5
789 21 5
796 675 7
561 312 3
728 219 0
697 588 8
808 212 1
922 751 2
699 899 3
424 426 7
806 753 6
193 700 7
813 298 7
402 107 5
668 232 3
211 839 6
149 586 6
987 745 6
742 118 3
241 173 6
323 313 6
698 972 7
267 962 8
206 385 8
781 193 0
126 842 6
534 197 7
19 971 4
696 847 6
53 869 2
547 917 5
548 751 3
15 647 3
684 703 4
339 207 3
113 253 3
786 227 0
816 164 8
142 416 1
766 419 8
438 736 5
579 849 3
809 259 6
892 865 5
557 213 1
802 531 8
338 820 6
499 47 5
679 48 6
848 480 4
180 450 5
489 361 6
71 858 0
16 974 0
315 566 8
17 43 7
477 688 5
817 142 3
429 225 0
157 260 4
138 331 7
567 29 4
50 740 8
936 806 5
786 895 0
73 938 1
369 199 5
168 414 8
448 12 7
592 848 0
806 897 0
568 219 4
484 989 5
494 345 5
547 988 6
393 882 3
373 216 0
36 143 5
665 313 4
86 21 0
848 597 2
15 729 2
853 794 5
935 879 8
53 143 3
43 217 1
649 675 2
225 968 8
701 891 7
245 620 3
193 503 8
555 878 1
730 227 6
715 906 7
205 844 2
233 911 8
763 356 5
603 266 7
325 907 6
584 71 7
45 34 0
903 279 2
363 275 7
391 536 2
652 929 4
593 39 8
657 486 6
70 35 7
623 246 2
549 63 2
295 955 6
852 432 5
788 368 1
366 983 4
978 741 4
464 252 1
198 471 7
994 351 5
174 120 0
516 507 6
583 791 0
958 463 6
273 992 0
528 381 2
888 563 5
920 500 8
844 732 4
256 961 5
348 74 8
301 384 2
494 238 6
37 351 6
662 910 2
705 52 5
214 225 1
76 244 5
233 510 3
525 472 1
662 734 2
608 974 7
869 50 8
613 674 7
536 127 0
707 300 6
467 629 1
857 243 2
802 330 1
248 324 8
711 964 5
111 726 0
122 157 7
47 181 3
77 953 1
903 130 7
98 258 0
97 522 4
368 795 2
682 245 7
276 753 5
185 151 2
816 770 1
381 512 2
705 516 0
985 908 7
145 559 2
438 423 8
133 599 4
432 82 0
153 19 5
266 767 5
232 353 0
336 255 3
315 594 4
1 6 5
382 279 7
932 320 1
22 383 3
929 919 5
558 144 2
963 875 2
160 886 8
250 985 4
497 537 8
152 58 4
34 580 3
414 99 4
759 617 6
13 143 6
155 138 8
694 408 8
136 454 8
466 488 7
574 272 6
685 867 2
747 255 2
599 927 2
922 876 8
54 778 6
302 166 7
211 103 4
804 830 8
119 977 5
977 520 0
271 183 0
983 249 0
328 871 5
570 688 7
582 1000 1
786 796 1
931 738 3
411 216 2
585 733 4
101 942 1
273 318 2
372 875 1
146 437 2
421 50 5
551 436 8
757 824 3
249 585 6
938 939 8
61 793 8
87 963 4
544 874 1
169 386 0
775 492 4
208 550 1
620 532 3
572 83 0
962 375 5
88 909 0
319 292 6
959 277 1
720 266 2
275 102 5
795 968 0
246 737 5
615 652 6
60 701 6
859 191 2
545 685 6
140 738 0
598 917 1
631 378 6
100 385 3
384 627 6
38 952 8
800 386 8
137 526 2
984 123 4
704 806 6
829 184 6
486 147 1
346 50 4
833 863 0
523 609 7
865 626 1
820 342 0
967 946 1
926 177 2
458 572 8
44 477 5
496 526 8
221 345 3
77 860 0
1000
492 380 1067
687 927 1408
1082 286 6000
2012 650 7861
2039 39 8574
3141 611 8980
3768 820 9966
4034 390 10059
4192 615 10087
5430 839 10768
5916 245 11082
7376 941 11477
8227 911 11705
10668 967 12729
11199 757 13091
11459 740 16426
11718 500 19429
12250 274 22480
12705 426 24186
12882 340 25221
13219 746 25268
14308 13 26429
15226 592 27273
19373 120 27759
20666 715 28461
21138 239 28694
21500 748 30019
24662 510 30590
25030 234 33336
26270 384 34238
26296 158 36818
29494 320 39634
29932 184 39842
30433 452 40908
31511 845 42646
33912 348 44345
36138 664 44498
37733 364 44790
38375 167 46066
38458 267 47030
39108 865 47685
39604 844 47872
41405 795 50110
41453 871 51969
42620 268 52014
45797 500 52202
46534 861 53159
47115 78 56244
47566 141 56307
49056 438 56734
49737 537 57067
50982 645 57170
51095 468 58977
51162 730 60001
52606 363 61715
54857 617 61839
55948 577 62261
57555 798 62281
57690 901 63129
57741 641 63833
59007 921 65059
59598 11 65923
60003 269 67041
60106 927 69065
61604 804 69345
64431 687 71408
65788 151 71586
66361 997 72188
68071 709 72974
68298 974 74531
68612 799 75071
72611 597 75709
72923 44 76811
72962 243 77419
73039 129 78068
73057 413 78167
73626 938 78521
75064 235 79994
77802 869 80104
78228 994 80978
79412 2 87319
80482 674 89083
80657 398 91824
81608 183 93343
81879 601 94944
83728 516 95447
84338 621 95787
85035 164 96059
86545 181 98133
87124 657 98799
88753 222 99052
90082 45 99209
90997 587 100060
91993 246 100123
93088 425 100131
93468 523 100408
94274 869 102460
95556 674 102962
96257 354 106799
97543 537 107920
98436 372 108404
98841 334 108954
107727 853 109012
108145 361 109577
109194 183 110402
112523 580 112523
112629 136 112629
112697 839 112896
113481 274 113499
113495 484 113501
113752 64 114510
116438 840 116438
117302 129 117302
119115 361 119115
119936 707 119936
121403 725 121403
123220 202 123220
124063 445 124063
124368 247 124368
126924 347 126924
127057 54 127057
130241 325 130241
131021 119 131021
133569 821 133569
135997 448 135997
138102 169 138102
138367 783 138367
138967 980 138967
139450 355 139450
141279 360 141279
141814 590 141814
143720 603 143720
144552 971 144552
146504 305 146504
146549 389 146549
146912 845 146912
147039 275 147039
147729 849 147729
147785 560 147785
148093 738 148093
148854 877 148854
148946 459 148946
148961 229 148961
155975 946 155975
156696 306 156696
158059 989 158059
159178 116 159178
159498 97 159498
160748 940 160748
166662 799 166662
166803 234 166803
167043 719 167043
168182 59 168182
170120 194 170120
170894 120 170894
170939 75 170939
170999 778 170999
171422 231 171422
171557 323 171557
173661 343 173661
173888 402 173888
174529 228 174529
176904 915 176904
178165 575 178165
178505 274 178505
178760 637 178760
178909 964 178909
180798 138 180798
181742 976 181742
183890 147 183890
184051 739 184051
184503 573 184503
185676 31 185676
186133 437 186133
188951 445 188951
189358 222 189358
192207 88 192207
192257 719 192257
192706 748 192706
193684 219 193684
193936 857 193936
194684 604 194684
194976 193 194976
197035 432 197035
198349 407 198349
198628 110 198628
198861 862 198861
198977 215 198977
199919 960 199919
201351 874 201351
201505 53 201505
201556 909 201556
202051 725 202051
204512 64 204512
206083 81 206083
207270 884 207270
207727 179 207727
209352 809 209352
211342 75 211342
212618 992 212618
216434 984 216434
217799 922 217799
220417 73 220417
221683 444 221683
223292 946 223292
225826 871 225826
226105 969 226105
226277 811 226277
227921 770 227921
228687 540 228687
230382 544 230382
232093 593 232093
232873 522 232873
234789 151 234789
235466 54 235466
235493 634 235493
236558 225 236558
239495 74 239495
239501 236 239501
244328 535 244328
244479 789 244479
246488 292 246488
246844 633 246844
250201 732 250201
250783 202 250783
251032 245 251032
254158 316 254158
255594 864 255594
256484 845 256484
256888 485 256888
257039 808 257039
257234 685 257234
257624 17 257624
258290 824 258290
258944 926 258944
259202 636 259202
259768 430 259768
261953 542 261953
262647 926 262647
262741 860 262741
262811 760 262811
263647 147 263647
263689 912 263689
265012 251 265012
265162 418 265162
266660 210 266660
268587 701 268587
268850 183 268850
271503 140 271503
271727 42 271727
272454 866 272454
273352 282 273352
274067 798 274067
274752 45 274752
275996 453 275996
276566 977 276566
277859 14 277859
278735 511 278735
279388 275 279388
279592 596 279592
279737 49 279737
281352 370 281352
282043 198 282043
282899 783 282899
283814 661 283814
284445 311 284445
289441 701 289441
290345 375 290345
291157 960 291157
292335 106 292335
292824 628 292824
294854 427 294854
295393 762 295393
296629 964 296629
297765 365 297765
298988 565 298988
299518 539 299518
299528 937 299528
300736 687 300736
301449 198 301449
304138 476 304138
306142 348 306142
306520 865 306520
307511 57 307511
307882 446 307882
308249 689 308249
309345 895 309345
310207 727 310207
310220 110 310220
312148 288 312148
313013 29 313013
314943 88 314943
315135 412 315135
315460 924 315460
315498 64 315498
316051 742 316051
316057 726 316057
317091 748 317091
317773 256 317773
319518 340 319518
319565 120 319565
319692 213 319692
320117 843 320117
322862 378 322862
324625 499 324625
324810 549 324810
325206 803 325206
325320 652 325320
325581 404 325581
325690 490 325690
326959 168 326959
327555 16 327555
328631 624 328631
328633 635 328633
328789 828 328789
329377 637 329377
330421 921 330421
330608 123 330608
330728 459 330728
331165 760 331165
331414 548 331414
333170 224 333170
333382 483 333382
333667 77 333667
333994 811 333994
334020 47 334020
334270 120 334270
334820 752 334820
336153 765 336153
337555 658 337555
338983 730 338983
339426 223 339426
340525 821 340525
340894 486 340894
342990 747 342990
345235 403 345235
345513 498 345513
345634 264 345634
345978 591 345978
346612 678 346612
346995 188 346995
347361 545 347361
347754 127 347754
348339 370 348339
348412 275 348412
349453 178 349453
350090 972 350090
351041 391 351041
351141 983 351141
353399 14 353399
355821 962 355821
356006 406 356006
356508 277 356508
356533 360 356533
357542 470 357542
357768 504 357768
358878 846 358878
360580 593 360580
360841 829 360841
362836 389 362836
365959 955 365959
366863 820 366863
367941 858 367941
369055 130 369055
372280 993 372280
372736 167 372736
375400 51 375400
375758 339 375758
376154 905 376154
378709 415 378709
379224 438 379224
379559 983 379559
381721 159 381721
381876 799 381876
382895 481 382895
384963 54 384963
385339 978 385339
387473 867 387473
389150 818 389150
389209 667 389209
389284 452 389284
389324 904 389324
390659 345 390659
391061 437 391061
391459 11 391459
392371 349 392371
393482 570 393482
394498 983 394498
397970 376 397970
400964 435 400964
401145 465 401145
401906 307 401906
403356 520 403356
404192 143 404192
405120 809 405120
405526 675 405526
406337 279 406337
406909 793 406909
407683 148 407683
409744 108 409744
410690 181 410690
413095 685 413095
413213 627 413213
414016 825 414016
414116 852 414116
414196 99 414196
414351 700 414351
415683 209 415683
417686 172 417686
419466 309 419466
419807 51 419807
425531 724 425531
425978 70 425978
426556 975 426556
427623 10 427623
429026 608 429026
429526 217 429526
431450 462 431450
432878 130 432878
435776 699 435776
436092 436 436092
438247 909 438247
439699 231 439699
441357 729 441357
442060 917 442060
445146 400 445146
449233 881 449233
449584 855 449584
450340 436 450340
450770 788 450770
450777 482 450777
451452 221 451452
451817 822 451817
453125 789 453125
457284 873 457284
457360 499 457360
458571 711 458571
460100 808 460100
460432 402 460432
461105 40 461105
462545 862 462545
464675 408 464675
464813 233 464813
466915 591 466915
467155 297 467155
468336 176 468336
468708 48 468708
468978 174 468978
469592 148 469592
471161 375 471161
473745 485 473745
473810 825 473810
475156 48 475156
476625 859 476625
478916 151 478916
479446 93 479446
481362 897 481362
481614 644 481614
482089 582 482089
482311 40 482311
483107 94 483107
483136 897 483136
483956 141 483956
485411 767 485411
486704 46 486704
487981 52 487981
489897 596 489897
491106 573 491106
491591 967 491591
494152 50 494152
494480 281 494480
494626 372 494626
494766 732 494766
495261 351 495261
495484 853 495484
496974 618 496974
497259 434 497259
497370 59 497370
497451 828 497451
499344 555 499344
499597 368 499597
502772 506 502772
503165 985 503165
505512 627 505512
505786 569 505786
506883 747 506883
507327 537 507327
509195 673 509195
509901 747 509901
511764 375 511764
511772 464 511772
512423 330 512423
512645 522 512645
513272 623 513272
513690 907 513690
514501 212 514501
515438 252 515438
517707 701 517707
520217 619 520217
520266 670 520266
520283 609 520283
522772 174 522772
524733 723 524733
525988 267 525988
526583 996 526583
527480 817 527480
528804 488 528804
529717 927 529717
531440 795 531440
533107 105 533107
537698 751 537698
537830 441 537830
539790 816 539790
540008 165 540008
540366 935 540366
540601 54 540601
543985 52 543985
545108 658 545108
547464 893 547464
548406 251 548406
548773 806 548773
550164 147 550164
550966 518 550966
552036 308 552036
552149 644 552149
552822 516 552822
553289 94 553289
555178 246 555178
555634 230 555634
556617 394 556617
556876 862 556876
557270 472 557270
558109 152 558109
559287 707 559287
560899 624 560899
561616 253 561616
562583 719 562583
562622 349 562622
562935 262 562935
565377 599 565377
566548 370 566548
568189 852 568189
569812 1000 569812
570136 535 570136
570426 524 570426
571372 14 571372
571696 265 571696
572408 147 572408
572725 356 572725
573185 885 573185
573330 582 573330
576026 306 576026
576610 248 576610
578113 129 578113
579063 505 579063
580338 541 580338
581027 563 581027
582563 708 582563
584391 66 584391
584953 65 584953
586263 748 586263
587006 310 587006
587409 106 587409
588169 87 588169
588477 636 588477
588899 249 588899
589026 430 589026
589134 147 589134
589503 360 589503
590639 354 590639
590888 504 590888
591247 199 591247
591799 476 591799
591828 121 591828
594456 168 594456
598391 444 598391
600712 377 600712
600835 972 600835
601117 104 601117
601581 457 601581
602422 115 602422
602504 130 602504
602788 292 602788
603383 442 603383
603734 492 603734
605581 847 605581
606410 185 606410
607826 98 607826
607830 432 607830
608187 918 608187
609639 446 609639
609714 950 609714
609881 478 609881
609930 993 609930
610372 670 610372
611100 430 611100
612125 146 612125
612640 329 612640
613132 675 613132
617971 250 617971
618254 500 618254
618701 556 618701
620518 790 620518
620759 301 620759
622116 45 622116
622312 700 622312
622487 963 622487
624379 573 624379
626864 341 626864
627214 849 627214
627867 102 627867
629691 4 629691
630768 835 630768
631399 768 631399
632542 971 632542
633642 280 633642
634053 445 634053
635536 877 635536
635605 962 635605
636037 171 636037
636236 266 636236
636366 666 636366
637291 186 637291
637322 956 637322
637432 834 637432
638009 490 638009
638239 475 638239
638251 146 638251
638570 641 638570
638616 274 638616
638974 985 638974
639086 623 639086
639180 307 639180
640032 16 640032
640177 381 640177
640255 449 640255
640556 119 640556
641655 615 641655
641801 487 641801
645282 78 645282
646079 26 646079
646096 553 646096
647957 948 647957
648223 854 648223
648793 206 648793
649645 358 649645
649688 815 649688
649851 254 649851
654523 265 654523
655712 63 655712
657908 661 657908
658890 309 658890
659611 868 659611
660034 430 660034
660154 551 660154
660241 937 660241
660713 787 660713
662068 601 662068
662144 667 662144
666743 15 666743
667030 118 667030
669204 997 669204
669380 451 669380
671865 420 671865
672930 909 672930
674783 840 674783
675775 27 675775
676571 360 676571
677487 598 677487
677893 947 677893
678590 664 678590
680143 95 680143
680397 419 680397
680471 17 680471
681252 582 681252
681316 869 681316
681846 803 681846
683005 871 683005
683411 248 683411
685521 682 685521
688038 150 688038
688253 911 688253
688933 484 688933
691405 480 691405
693065 801 693065
693262 168 693262
694631 609 694631
695276 904 695276
695617 782 695617
697210 49 697210
697326 881 697326
697620 67 697620
698524 500 698524
698639 458 698639
700764 143 700764
701524 203 701524
704949 969 704949
704957 365 704957
705452 972 705452
705971 724 705971
706465 179 706465
706758 399 706758
707735 378 707735
708892 576 708892
709400 12 709400
709423 714 709423
710450 94 710450
716334 594 716334
718109 862 718109
718354 508 718354
719008 764 719008
719537 676 719537
723725 476 723725
726277 199 726277
727064 259 727064
727690 653 727690
727981 862 727981
728903 959 728903
729476 344 729476
729979 917 729979
731006 702 731006
731353 679 731353
732665 614 732665
734331 929 734331
737422 150 737422
738716 8 738716
739997 946 739997
741657 588 741657
744770 930 744770
747966 387 747966
748771 799 748771
749293 155 749293
749725 647 749725
750647 16 750647
751970 994 751970
752039 691 752039
752677 596 752677
753561 918 753561
754920 849 754920
756313 802 756313
756794 652 756794
757458 560 757458
757505 223 757505
757932 468 757932
759791 182 759791
760582 902 760582
760812 655 760812
761097 627 761097
761532 890 761532
762240 427 762240
763134 37 763134
764000 380 764000
764041 681 764041
764847 345 764847
767652 54 767652
768606 200 768606
769907 671 769907
770988 124 770988
771386 508 771386
772553 996 772553
772620 982 772620
773901 685 773901
775697 102 775697
775889 414 775889
776432 824 776432
776864 763 776864
778286 573 778286
778524 423 778524
779064 594 779064
779681 422 779681
780448 270 780448
781096 795 781096
781536 739 781536
782220 65 782220
782509 277 782509
784070 173 784070
786206 313 786206
786641 230 786641
787268 718 787268
787797 522 787797
788857 943 788857
788889 39 788889
789043 466 789043
791337 660 791337
791577 982 791577
792189 638 792189
793255 773 793255
795951 600 795951
797402 239 797402
798551 388 798551
798837 165 798837
799797 173 799797
800923 677 800923
803465 395 803465
804087 444 804087
804141 642 804141
805911 295 805911
808879 487 808879
810179 665 810179
810877 22 810877
811226 565 811226
811458 264 811458
812098 948 812098
813164 918 813164
815506 611 815506
818503 381 818503
819381 807 819381
819885 504 819885
820067 136 820067
821463 238 821463
823202 48 823202
824204 843 824204
824380 378 824380
824525 883 824525
826158 690 826158
828587 931 828587
828983 753 828983
829072 297 829072
829418 112 829418
830287 95 830287
830439 325 830439
830694 543 830694
831232 76 831232
831341 101 831341
831569 704 831569
831740 708 831740
832152 362 832152
833645 434 833645
833719 367 833719
834013 939 834013
834496 973 834496
835236 20 835236
836076 847 836076
837741 437 837741
837905 407 837905
838267 907 838267
838309 175 838309
841986 624 841986
843638 112 843638
845056 235 845056
845737 275 845737
845889 400 845889
847470 158 847470
847474 600 847474
847539 620 847539
850030 42 850030
850355 996 850355
851793 896 851793
852149 925 852149
853244 561 853244
854127 121 854127
854405 90 854405
854471 424 854471
855472 148 855472
856191 537 856191
857381 473 857381
857907 462 857907
859110 478 859110
860158 238 860158
860442 425 860442
860778 85 860778
862310 773 862310
862719 417 862719
863140 867 863490
863773 693 866374
864007 740 867415
864841 254 867952
866153 414 868844
866173 8 868934
866639 44 869183
868120 468 869507
868259 264 870138
869756 24 870387
869774 534 871282
871105 104 873384
873780 896 874786
875970 196 875970
876419 633 876419
876694 916 876694
876884 679 877560
877851 901 878006
877853 360 880855
878038 987 881737
878480 798 883601
879531 311 883716
879842 583 884775
880040 407 885057
880071 961 885437
883273 556 887552
887713 341 890040
888638 84 890659
889675 685 891684
892567 437 892567
892859 433 892890
893199 234 893199
893824 926 897776
894184 381 898249
894693 760 900536
894929 931 902514
896310 942 904830
898352 593 907712
899313 896 911673
899590 726 912752
899944 67 912761
900195 295 913540
902512 11 913922
903564 822 914718
903634 561 915527
905926 775 916969
905986 751 916996
906536 440 917678
907646 43 918139
908452 478 918704
908635 184 918915
910514 375 919024
910758 424 921581
912645 630 921625
912874 608 921632
915042 393 922562
916079 85 922932
917612 866 923299
918250 340 924288
918698 398 924618
920707 997 926018
921993 291 927305
922002 202 927690
922494 323 929059
923854 542 929529
924509 63 929951
924867 448 929967
925743 85 931045
928756 693 933269
928757 194 935028
929058 918 935420
929290 139 936514
930062 668 937632
931037 876 937725
931537 881 937978
931634 271 938130
932574 343 938797
933790 636 939713
933842 703 942641
934556 202 942964
934959 327 943082
938241 653 943793
938364 480 946382
938473 703 947122
938483 37 947656
939358 787 952234
942451 649 952300
945535 940 953508
948797 719 956589
949639 236 956861
954437 130 957269
954584 668 959479
955453 628 959557
955552 255 960655
955709 298 960835
959138 514 961474
959263 791 964449
959856 568 964851
961117 673 966736
961465 174 966954
961603 741 967746
963772 246 968002
963909 365 968429
964316 344 968499
964667 534 968955
964907 570 969042
965412 766 969547
967108 884 969821
967387 223 970820
967404 58 971353
968650 760 971435
969090 965 971706
969418 172 972675
970503 833 974785
971808 404 975003
971971 512 976261
977189 596 977336
978401 253 978671
978524 616 979566
979847 269 980733
980335 501 981265
981558 835 981616
982637 237 982637
982673 905 984124
984854 543 984854
985706 566 985734
986020 219 986020
986102 62 986974
988518 731 988752
991166 952 991166
993263 840 993263
993625 429 993625
994432 807 994432
995306 707 995306
996612 944 996612
997485 198 997485
999194 335 999194
