1000 999
849 362 4
472 187 4
526 71 6
505 525 7
728 729 8
714 3 4
111 29 7
60 310 5
521 221 7
23 444 2
563 962 8
60 146 7
802 216 3
151 857 4
877 48 1
706 317 6
739 478 0
992 923 7
126 998 0
799 433 2
4 50 1
374 327 7
38 174 6
220 586 8
486 438 4
832 275 3
675 945 8
401 636 8
530 87 6
599 442 1
953 718 4
826 669 7
59 536 4
585 340 0
168 781 0
631 312 5
903 910 2
744 843 8
53 333 1
850 574 2
701 372 5
42 704 2
893 138 5
191 293 4
874 837 3
585 708 4
367 535 4
843 929 0
28 127 3
829 122 4
310 279 3
195 64 4
61 632 8
453 501 3
322 504 0
943 608 5
990 910 3
922 959 6
903 475 3
458 353 8
167 414 7
546 725 1
4 473 6
154 403 8
635 674 8
316 152 5
871 363 7
448 61 5
754 758 1
6 67 7
812 133 1
930 447 8
614 72 0
941 455 5
84 130 6
62 678 8
791 836 7
168 164 8
468 303 4
885 44 6
592 569 0
424 861 2
452 155 1
975 397 1
701 502 8
148 838 2
537 914 0
204 721 8
136 289 7
101 801 6
687 633 5
543 11 6
567 649 4
141 450 3
258 246 4
757 192 8
811 389 8
788 859 1
367 689 8
784 125 2
539 37 0
223 778 5
935 835 8
15 752 8
268 94 2
149 690 0
249 914 4
746 115 8
845 798 6
140 87 5
186 87 5
1000 253 4
343 275 3
729 881 5
681 979 8
153 50 5
123 538 0
782 427 8
786 460 7
547 695 1
765 834 6
641 693 1
538 339 6
903 306 2
254 336 5
744 440 6
876 521 4
438 721 7
686 971 8
280 903 7
378 772 8
707 316 7
741 389 8
338 302 4
966 320 2
619 659 0
41 244 0
886 549 5
296 471 4
771 893 8
430 646 2
804 444 7
422 994 4
991 409 4
455 195 7
691 845 2
861 225 3
310 907 0
433 958 6
516 817 8
632 565 4
913 108 6
51 908 8
113 864 1
94 868 6
443 269 8
330 490 0
934 590 8
678 273 0
589 594 7
543 981 4
571 389 0
300 281 6
515 541 3
580 520 5
410 95 2
386 350 7
81 219 7
222 188 6
800 405 8
991 599 4
12 588 2
862 763 3
975 508 5
143 21 6
97 748 2
468 966 5
982 364 6
504 462 7
331 855 0
440 249 8
468 232 0
975 301 8
609 232 5
781 639 1
332 716 6
33 399 8
80 6 8
927 240 7
159 865 4
365 523 7
583 197 7
400 876 3
882 726 5
31 970 7
77 289 0
492 79 3
171 404 7
793 950 8
457 330 1
536 905 4
692 783 1
465 31 7
312 91 6
394 150 3
10 106 6
565 774 5
220 486 8
834 181 3
641 18 5
660 548 2
467 971 7
770 698 7
150 285 5
861 202 2
727 315 0
324 797 6
63 469 5
681 483 6
11 779 0
956 245 8
48 720 6
789 688 1
808 165 5
208 114 4
45 316 7
20 566 4
227 846 0
463 36 1
600 183 2
708 69 8
986 40 0
399 913 0
219 24 3
286 159 5
876 406 2
93 702 4
408 93 6
695 582 8
408 333 7
429 290 4
111 601 0
930 757 3
147 944 2
236 628 7
34 602 1
806 745 5
73 968 6
125 469 8
336 935 2
166 480 1
666 654 3
393 512 8
889 736 6
954 344 1
696 961 8
293 599 4
806 839 1
644 40 8
355 735 0
898 369 5
671 495 3
945 413 7
934 856 3
29 394 6
968 884 1
277 70 6
521 341 4
512 154 0
254 90 5
46 25 4
776 357 1
89 72 1
977 484 0
318 170 3
248 813 5
778 433 1
517 867 4
538 358 3
199 58 0
992 214 4
343 84 5
345 481 2
307 193 2
204 913 6
514 592 1
673 244 0
28 544 4
308 738 0
520 358 6
696 429 8
628 449 4
337 331 5
89 590 1
709 532 5
841 687 5
464 623 1
241 297 6
963 344 2
31 94 2
233 111 1
879 213 5
924 594 4
172 177 7
480 953 6
223 904 8
34 209 2
196 326 0
758 505 2
458 51 5
132 370 8
792 112 7
55 652 3
118 410 0
297 38 3
9 245 5
868 642 8
636 10 1
206 942 4
380 778 2
919 199 8
380 359 5
920 963 1
572 923 8
476 511 4
419 366 6
734 930 1
403 719 8
232 415 6
888 207 0
699 77 3
499 851 0
461 379 5
873 369 3
232 883 8
454 96 3
872 800 8
828 25 1
336 318 0
940 266 0
457 129 5
493 757 2
171 423 1
648 330 4
757 213 3
805 188 5
260 17 5
347 771 7
583 10 5
212 627 2
205 85 4
633 335 4
213 403 5
683 373 8
238 559 6
766 290 4
349 393 6
916 374 3
459 132 8
637 724 0
485 55 4
959 328 6
972 374 0
145 227 0
437 990 8
571 809 7
806 680 1
722 262 4
474 777 5
805 949 4
618 40 5
914 948 7
121 948 2
200 361 6
339 56 2
604 313 2
700 385 8
720 265 4
138 851 4
705 692 6
524 563 7
645 97 1
323 491 5
687 985 3
479 203 5
127 661 1
233 871 2
787 125 4
20 18 4
804 914 1
509 27 0
80 14 2
293 611 0
74 151 8
679 280 5
491 387 3
474 862 0
309 571 5
818 419 7
202 665 5
327 86 6
26 149 1
103 52 2
282 872 1
207 975 1
571 610 0
666 911 2
1000 951 8
276 368 0
688 993 6
418 576 0
664 262 7
351 595 6
385 537 0
62 512 2
975 319 4
505 176 3
203 617 0
499 461 1
202 890 2
650 461 8
66 483 0
458 814 4
707 408 5
666 984 2
811 27 6
626 722 3
8 573 7
348 231 1
937 873 0
587 374 0
256 334 8
283 287 5
534 745 4
519 650 2
288 710 2
818 104 7
191 817 6
140 105 6
995 61 6
619 371 1
354 497 0
199 905 4
451 448 0
338 109 0
198 590 2
980 50 4
903 762 1
759 792 7
298 502 6
833 257 2
688 931 3
932 308 7
82 740 4
608 2 4
535 933 3
135 115 0
824 875 2
801 546 1
251 723 4
622 132 5
751 455 4
88 625 5
697 446 5
596 523 0
496 160 7
675 646 0
733 577 2
765 525 1
304 307 4
785 104 2
183 750 1
30 683 1
325 978 8
618 853 0
63 575 6
357 739 4
228 687 4
264 167 4
124 131 1
373 589 7
375 425 1
976 669 1
239 519 3
666 594 4
445 954 0
122 25 4
895 864 5
436 133 1
872 16 6
864 57 0
965 548 8
674 926 1
965 27 1
751 633 3
737 108 1
951 987 0
828 714 0
302 303 2
677 157 6
256 599 0
507 469 4
989 667 2
586 658 0
76 903 7
552 716 4
731 428 5
562 190 1
972 961 5
969 45 7
773 82 3
178 705 4
271 64 5
185 554 5
882 895 2
429 939 6
685 5 0
253 568 7
476 291 7
32 311 7
949 22 8
142 497 8
637 384 8
179 640 2
706 646 2
174 146 2
346 9 7
561 68 3
554 224 8
655 553 0
989 720 4
456 142 0
709 441 8
453 105 3
863 715 2
769 125 2
44 74 3
693 784 8
392 878 1
925 213 6
237 684 1
343 575 6
925 730 2
623 701 4
774 100 0
850 513 5
144 51 8
968 142 4
258 755 7
710 836 2
401 775 3
67 687 7
260 518 0
168 891 8
190 581 5
71 8 0
481 151 6
223 982 7
43 509 5
502 373 1
85 311 8
54 522 8
662 800 0
531 189 2
887 13 1
616 30 4
171 963 4
267 274 6
864 865 5
689 657 0
465 124 4
606 195 5
18 768 0
321 370 0
508 571 3
905 187 8
266 704 0
13 674 7
852 240 0
651 36 4
294 58 3
709 825 6
539 149 8
833 123 1
794 493 6
884 329 0
611 860 0
815 563 2
498 635 0
973 886 6
431 515 4
975 625 8
1 556 8
449 259 5
540 124 5
137 164 4
118 226 2
421 845 3
799 439 5
196 977 0
354 148 6
200 780 6
532 286 3
235 215 1
591 283 4
831 183 8
79 797 5
49 40 8
662 579 2
879 379 8
821 449 8
152 612 0
522 640 6
3 244 4
602 90 8
659 310 8
978 251 5
764 458 7
697 786 3
92 380 3
493 974 5
584 422 5
107 498 4
218 338 1
352 246 6
231 576 7
474 957 6
211 200 6
567 831 3
570 327 6
698 408 4
7 299 8
940 185 6
311 375 6
163 233 7
481 78 1
387 376 0
927 937 6
360 662 8
749 944 4
779 738 6
194 708 1
396 686 8
613 386 0
165 853 8
178 791 4
448 486 0
617 742 5
916 996 2
844 368 4
740 332 1
557 313 1
624 282 1
716 651 7
98 616 2
765 296 4
71 973 8
841 96 7
880 429 7
6 510 3
291 203 7
863 158 0
172 724 7
437 874 8
186 558 7
190 631 1
548 180 0
582 386 4
632 445 0
60 503 5
457 263 4
614 234 7
605 742 0
753 747 8
64 912 0
381 360 7
130 102 0
379 873 8
459 83 3
50 267 4
564 979 7
1 99 0
38 721 3
779 459 6
800 434 6
128 207 5
656 753 3
563 231 8
971 909 3
276 653 7
357 997 8
7 517 4
538 528 8
476 145 2
556 883 8
657 819 5
485 615 6
869 900 3
250 88 2
892 467 5
242 437 4
964 791 6
39 922 5
582 19 7
893 470 5
64 713 1
733 105 2
531 853 1
414 810 0
705 256 8
358 355 7
665 111 8
933 345 7
993 402 0
270 885 1
866 186 6
629 682 3
887 824 8
124 109 6
926 506 6
606 987 0
208 789 3
533 621 5
72 247 4
890 212 6
915 578 8
839 569 6
262 999 2
752 983 5
906 643 4
756 16 7
666 539 5
785 736 5
133 527 1
37 134 7
276 90 0
298 210 8
103 538 2
886 823 7
584 708 2
647 453 1
153 157 3
249 333 0
236 160 1
578 19 5
896 276 6
915 195 3
477 613 6
284 788 6
940 310 6
251 336 4
820 651 8
538 972 7
569 929 0
182 119 4
897 793 8
390 991 3
116 857 8
201 590 1
591 761 0
261 185 8
418 854 0
482 692 1
523 27 7
228 542 5
569 161 5
515 826 8
59 65 3
272 136 2
119 628 8
802 476 1
671 714 2
466 989 7
593 23 5
789 641 5
282 366 7
645 616 5
427 412 5
997 309 8
833 184 5
643 45 0
780 451 7
396 169 1
555 77 7
959 860 5
620 500 1
870 995 0
206 552 8
977 120 8
738 47 1
133 419 3
825 240 3
574 203 6
17 727 4
452 610 7
911 931 4
945 668 4
287 75 7
713 378 1
217 296 3
333 639 3
765 292 1
582 712 0
981 859 6
811 500 7
178 786 7
979 304 8
917 492 8
531 858 8
68 104 3
856 830 2
842 95 4
930 921 0
489 710 8
362 162 5
230 411 5
250 81 3
890 572 1
44 682 6
819 262 8
389 515 3
897 652 1
687 288 8
387 226 5
420 445 8
703 871 2
456 663 4
380 382 4
857 403 5
533 908 0
725 167 7
842 377 4
86 411 3
753 36 8
156 40 3
33 194 5
50 864 1
440 840 4
66 221 3
796 910 1
785 320 1
638 225 0
195 867 1
560 816 6
308 647 0
487 543 0
604 295 6
595 575 8
598 965 7
980 507 2
324 407 0
238 516 4
603 12 3
603 793 2
955 795 0
538 314 5
505 717 7
243 714 7
368 656 5
182 484 2
468 416 4
444 17 4
305 85 1
576 344 2
158 655 8
676 459 2
388 254 2
484 711 4
829 934 4
316 749 6
560 760 6
87 331 7
280 936 1
813 634 3
827 965 4
634 480 0
620 91 0
771 597 0
379 952 7
750 907 1
91 277 0
740 430 0
655 607 7
353 80 5
467 875 0
790 643 6
202 427 6
679 979 5
255 10 2
550 474 6
612 222 4
2 391 6
749 110 7
295 117 2
968 799 8
928 315 6
489 252 2
488 785 0
449 223 0
963 902 4
794 960 3
847 228 2
987 457 3
489 920 0
679 229 1
514 126 3
938 211 6
356 741 2
23 967 4
307 670 7
698 604 7
346 633 8
284 522 2
899 85 6
560 395 7
236 75 3
421 733 6
866 234 3
694 623 5
300 620 3
690 936 8
687 767 2
17 775 8
573 927 5
179 50 8
169 918 7
432 250 8
785 803 4
15 139 6
862 235 6
921 986 0
759 961 2
70 79 6
396 11 6
630 202 0
417 411 2
924 139 4
723 468 5
495 269 2
556 259 0
450 376 4
440 550 8
821 149 3
737 731 5
12 829 2
461 392 8
819 5 8
755 42 3
281 471 8
901 95 4
342 239 1
173 746 0
172 182 1
743 224 3
551 347 2
795 154 5
629 946 2
911 813 4
83 715 0
155 822 5
214 410 3
702 746 4
703 706 8
943 751 6
849 125 4
136 309 1
432 237 6
2 398 7
426 939 2
152 732 1
395 188 6
754 15 0
720 894 7
380 544 2
216 435 5
462 697 4
216 352 5
35 716 6
278 566 3
743 424 7
239 905 5
996 545 6
952 175 0
777 848 1
672 706 3
869 678 5
988 292 4
1000 528 5
42 305 0
306 720 5
189 947 1
807 82 0
357 529 8
881 853 2
442 21 4
702 343 8
810 637 8
494 326 8
142 383 7
1000
254 548 254
262 203 471
273 124 483
535 365 535
575 937 575
633 830 880
634 666 968
883 28 1106
903 168 1143
1222 827 1222
1353 953 1353
1557 144 1557
1760 42 1760
1769 472 1769
1800 618 1800
1806 636 1814
1937 530 2040
2086 61 2219
2229 508 2229
2246 375 2278
2309 620 2452
2606 865 2606
2760 432 2760
3105 86 3105
3119 998 3119
3343 508 3343
3499 280 3499
3512 829 3512
3768 34 3768
3869 366 3869
3884 481 3884
3954 335 3954
4019 424 4019
4095 906 4095
4100 552 4100
4164 539 4164
4206 592 4206
4281 152 4281
4317 835 4317
4438 402 4438
4443 971 4443
4447 928 4447
4466 394 4466
4637 50 4637
4659 72 4659
4701 868 4701
4934 897 4934
5101 686 5101
5105 557 5171
5162 12 5384
5388 706 5469
5452 57 5485
5466 524 5487
5499 443 5914
5516 892 6076
5670 760 6163
5691 469 6251
5875 736 6282
6221 631 6367
6263 175 6644
6290 577 6645
6459 63 6758
6623 18 6916
6633 319 7024
6704 899 7099
6755 97 7117
6782 908 7403
7096 938 7487
7102 375 7609
7138 387 7649
7477 471 7931
7481 636 7947
7490 681 8001
7581 950 8002
7705 154 8011
7847 899 8099
8036 622 8119
8131 570 8255
8143 775 8295
8314 954 8416
8521 416 8521
8705 122 8764
8717 389 8770
8805 551 8805
8929 162 8971
8961 685 8999
9093 937 9097
9099 542 9145
9130 671 9365
9136 361 9438
9456 877 9515
9476 514 9537
9582 56 9582
9654 505 10225
9663 542 10232
9830 935 10514
9900 810 10575
9988 306 10599
10138 522 10705
10297 497 10745
10588 134 10955
10645 247 10987
10815 163 11219
11073 444 11247
11092 79 11248
11131 993 11291
11436 863 11436
11864 496 11864
11883 872 11883
12052 352 12052
12070 892 12070
12080 415 12080
12108 761 12145
12120 90 12243
12165 90 12263
12213 887 12264
12227 346 12275
12307 290 12307
12450 317 12450
12529 755 12634
12538 390 12733
12544 877 12825
12616 798 12879
12666 448 13260
12672 34 13287
12679 103 13310
12700 112 13341
12859 98 13499
13145 856 13599
13329 852 13785
13354 510 13877
13402 316 13935
13425 490 14019
13442 927 14079
13456 763 14117
13564 117 14134
13567 712 14578
13638 250 14630
13867 46 14648
13878 463 14663
14074 201 14696
14156 257 14699
14176 564 15132
14227 878 15176
14286 996 15239
14400 733 15609
14661 425 15610
14845 805 15631
14905 384 15735
15096 92 15900
15151 871 16044
15201 860 16138
15829 504 16247
15886 662 16480
15933 233 16660
16125 133 16680
16193 978 16848
16632 13 16887
16671 186 16910
16761 554 17036
16840 725 17060
16863 910 17061
16870 915 17201
17027 142 17383
17059 172 17429
17169 265 17458
17337 916 17522
17492 587 17598
17513 397 17608
17592 419 17675
17608 300 17860
17736 255 17931
17749 276 18014
17814 789 18077
18050 308 18213
18057 309 18454
18077 844 18521
18121 377 18539
18507 660 18581
18734 132 18734
18808 407 18808
18883 727 18883
19073 738 19073
19137 979 19137
19351 232 19351
19425 116 19425
19589 409 19589
19653 307 19653
19727 563 19727
19756 236 20095
19763 53 20126
19798 560 20155
19812 330 20327
19850 603 20390
19929 663 20423
19981 161 20440
20278 413 20488
20319 422 20529
20331 317 20552
20796 61 20832
20968 498 20968
21144 747 21144
21167 748 21167
21229 264 21229
21290 592 21290
21404 60 21404
21409 249 21409
21417 333 21417
21586 618 21586
21612 729 21612
21631 404 21631
21657 994 22038
21725 779 22077
21760 110 22091
21824 415 22250
21848 795 22259
21963 861 22486
21978 30 22508
22013 489 22539
22062 731 22582
22092 531 22685
22117 692 22741
22119 856 22842
22241 942 22959
22325 570 23013
22409 859 23206
22640 514 23272
22666 803 23300
22826 400 23779
22893 619 23803
22922 44 23933
22980 268 24285
23035 941 24366
23214 133 24442
23270 746 24488
23327 198 24513
23461 264 24567
23478 34 24604
23559 829 24626
23572 655 24872
23611 828 24901
23674 199 25057
23788 375 25105
23836 520 25121
23931 381 25126
23963 491 25290
24157 873 25318
24243 644 25377
24254 88 25537
24440 614 25751
24713 863 25922
24837 286 26005
25053 870 26034
25103 841 26124
25216 508 26297
25255 480 26313
25293 26 26326
25344 905 26337
25427 240 26378
25557 355 26381
26043 896 26412
26126 66 26470
26148 470 26480
26175 732 26496
26369 493 26506
26406 571 26595
26482 314 26814
26530 442 26886
26775 402 26992
26795 40 27009
26936 493 27036
27109 360 27282
27172 965 27407
27184 843 27476
27235 479 27596
27484 880 27731
27569 194 27807
27653 615 28131
27699 626 28210
27716 34 28221
27833 583 28328
27846 57 29023
28000 723 29270
28050 730 29412
28566 11 29498
28593 647 29540
28669 228 29704
28675 317 29931
28727 745 29951
28796 417 29957
29336 37 30023
29343 38 30306
29622 349 30391
29623 276 30509
29953 692 30622
30231 802 30660
30259 355 30718
30553 221 30909
30561 849 31146
30614 18 31319
30643 794 31435
30762 815 31509
30926 213 31621
30967 928 31975
30984 40 31983
31591 843 32020
31609 266 32074
31627 731 32093
31674 836 32436
31691 468 32443
31709 189 32681
31759 638 32799
31854 314 32957
32130 742 32994
32211 14 33055
32322 576 33166
32334 884 33389
32348 590 33557
32359 419 33661
32686 927 33664
32898 89 33702
33259 888 33863
33399 726 33964
33451 189 34178
33605 193 34209
33611 419 34324
33732 602 34511
33766 357 34796
33835 896 34915
33913 874 35399
33917 622 35647
34022 143 35679
34044 380 35768
34132 175 36079
34138 279 36091
34157 917 36118
34206 831 36230
34281 602 36414
34473 62 36418
34546 854 36452
34559 568 36518
34572 976 36550
34651 707 36551
34723 850 36609
34741 343 36668
34946 42 36905
35003 815 36961
35102 12 36966
35174 31 37009
35191 956 37057
35509 228 37072
35600 934 37090
35602 406 37152
35607 613 37283
35865 664 37317
35925 933 37400
36038 918 37516
36118 195 37652
36156 671 37680
36244 292 37703
36313 442 37760
36399 587 37790
36438 778 37959
36522 634 38040
36603 220 38053
36607 205 38294
36947 31 38319
37317 462 38351
37412 240 38387
37530 401 38389
37587 942 38423
37778 486 38449
37794 793 38480
37858 126 38526
38013 79 38554
38042 15 38668
38048 40 38762
38050 865 38806
38087 429 38850
38233 741 38921
38261 31 38924
38269 323 39013
38308 871 39110
38348 40 39397
38502 657 39449
38513 157 39468
38518 618 39667
38829 229 39706
39126 4 39729
39135 656 39737
39152 188 39844
39231 806 39947
39326 378 40061
39495 915 40127
39523 456 40503
39629 19 40608
39636 443 40664
39883 279 40845
39920 327 40975
39929 59 41038
40042 869 41161
40165 303 41315
40233 734 41367
40366 309 41423
40415 635 41437
40580 889 41462
40821 769 41503
40861 673 41648
41024 96 41671
41143 19 41686
41180 861 41797
41289 869 42032
41409 372 42052
41588 973 42067
41684 191 42094
41695 976 42108
41805 970 42148
41952 357 42206
42240 298 42243
42349 578 42369
42484 367 42484
42495 161 42495
42613 801 42683
42685 476 42817
42739 615 42865
42764 956 43126
42791 648 43168
42806 978 43176
42837 706 43253
42863 887 43361
42872 635 43419
43137 140 43544
43168 177 43573
43264 990 43592
43482 409 43655
43681 91 43731
43703 615 43769
43726 70 43956
43747 911 44006
43840 246 44101
43903 993 44228
44042 821 44278
44210 131 44306
44444 961 44444
44645 334 44645
44724 378 44724
44958 737 44958
44976 451 44976
45049 68 45049
45064 911 45064
45071 537 45071
45094 610 45094
45184 212 45184
45330 468 45330
45411 847 45411
45504 598 45504
45507 266 45507
45566 908 45566
45578 398 45578
45599 552 45599
45699 12 45699
45754 457 45754
45900 19 45900
45934 735 45934
46108 549 46108
46118 719 46118
46126 381 46126
46343 651 46343
46391 117 46391
46444 851 46444
46450 665 46450
46786 472 46786
46835 109 46835
46999 867 46999
47120 803 47120
47271 675 47271
47291 901 47291
47404 616 47404
47534 697 47534
47543 333 47543
47561 618 47561
47613 311 47613
47839 992 47839
47842 117 47842
47846 541 47846
47956 142 47956
48061 317 48061
48153 184 48153
48292 854 48292
48343 382 48343
48411 178 48411
48659 976 48659
48759 203 48759
48830 113 48830
48896 858 48896
48913 572 48913
49086 347 49086
49098 283 49098
49191 386 49191
49208 544 49208
49229 708 49229
49305 413 49305
49413 642 49413
49575 478 49575
49636 822 49636
49925 236 49925
50092 687 50092
50523 445 50523
50578 250 50578
50845 896 50845
51119 322 51119
51129 445 51129
51168 257 51168
51777 823 51777
52105 185 52105
52114 561 52114
52132 12 52132
52245 877 52245
52403 715 52403
52419 678 52419
52464 771 52464
52508 742 52508
52699 710 52699
52765 938 52765
52861 973 52861
52887 606 52887
52907 216 52907
53060 59 53060
53149 363 53149
53280 475 53280
53289 213 53289
53355 695 53355
53498 673 53498
53572 728 53572
53727 729 53727
53857 990 53857
54013 252 54013
54076 181 54076
54095 307 54095
54166 347 54166
54181 604 54181
54213 367 54213
54436 639 54436
54538 581 54538
54618 253 54618
54733 127 54733
54751 736 54751
54789 671 54789
54895 258 54895
55041 406 55041
55106 521 55106
55141 764 55141
55277 473 55277
55523 519 55523
55553 947 55553
55576 803 55576
55627 503 55627
55714 98 55714
55723 326 55723
55757 197 55757
55872 6 55872
55917 706 55917
56129 524 56129
56141 36 56141
56158 743 56158
56179 679 56179
56262 828 56262
56276 984 56276
56308 94 56308
56314 270 56314
56410 61 56410
56537 2 56537
56560 619 56560
56875 231 56875
56879 9 56879
56916 219 56916
57013 997 57013
57305 685 57305
57488 530 57488
57490 95 57490
57491 511 57491
57604 230 57604
57713 835 57713
57751 151 57751
57935 858 57935
58178 781 58178
58220 947 58220
58290 685 58290
58302 267 58302
58327 26 58327
58433 367 58433
58782 170 58782
58796 572 58796
58904 234 58904
58905 816 58905
59062 179 59062
59202 220 59202
59420 702 59420
59494 268 59494
59568 871 59568
59848 935 59848
60154 988 60154
60183 962 60183
60394 820 60394
60485 77 60485
60622 404 60622
60647 826 60647
60848 365 60848
60962 95 60962
61019 658 61019
61250 11 61250
61285 165 61285
61292 750 61292
61437 919 61437
61488 318 61488
61770 595 61770
61771 229 61771
61831 47 61831
61947 322 61947
62185 929 62185
62189 404 62189
62218 573 62218
62308 400 62308
62339 263 62339
62427 437 62427
62436 692 62436
62708 989 62708
62831 709 62831
63382 600 63382
63526 261 63526
63557 512 63557
63610 485 63610
63644 343 63644
63834 598 63834
63857 527 63857
63984 361 63984
64055 539 64055
64118 95 64118
64153 590 64153
64234 37 64234
64241 776 64241
64333 500 64333
64399 521 64399
64710 770 64710
64731 567 64731
64747 86 64747
64797 126 64797
65007 983 65007
65009 851 65009
65330 604 65330
65478 422 65478
65518 51 65518
65524 591 65524
65675 6 65675
65742 532 65742
65743 925 65743
65754 60 65754
65759 589 65759
65772 604 65772
65809 218 65809
65954 165 65954
66024 974 66024
66174 188 66174
66241 908 66241
66379 443 66379
66420 568 66420
66562 40 66562
66763 27 66763
66859 967 66859
66943 141 66943
67135 654 67135
67144 21 67144
67148 79 67148
67157 291 67157
67176 577 67176
67368 524 67368
67489 947 67489
67579 598 67579
67644 155 67644
67832 535 67832
68129 33 68129
68261 876 68261
68423 534 68423
68586 290 68586
68642 266 68642
68733 884 68733
68862 20 68862
68981 980 68981
69023 77 69023
69115 94 69115
69269 913 69269
69420 983 69420
69587 117 69587
69682 762 69682
69723 887 69723
69838 418 69838
69866 771 69866
70103 79 70103
70333 876 70333
70613 522 70613
70615 568 70615
70642 881 70642
70805 457 70805
70980 492 70980
71085 461 71085
71137 476 71137
71144 686 71144
71505 298 71505
71597 841 71597
71628 644 71628
71631 374 71631
71644 972 71644
71688 283 71688
71880 988 71880
71946 490 71946
71952 157 71952
72148 123 72148
72149 476 72149
72156 436 72156
72200 379 72200
72202 738 72202
72347 453 72347
72428 144 72428
72500 803 72500
72853 842 72853
72881 359 72881
73002 502 73002
73086 324 73086
73211 232 73211
73310 389 73310
73326 400 73326
73575 839 73575
73617 264 73617
73850 524 73850
73855 327 73855
73964 254 73964
74105 926 74105
74291 21 74291
74460 326 74460
74532 174 74532
74629 551 74629
74907 339 74907
74919 980 74919
75182 621 75182
75434 366 75434
75447 781 75447
75639 986 75639
75747 930 75747
76048 665 76048
76108 6 76108
76139 138 76139
76189 372 76189
76280 724 76280
76477 464 76477
76563 272 76563
76626 876 76626
76766 52 76766
76917 800 76917
77068 291 77068
77072 33 77072
77129 172 77129
77184 832 77184
77205 244 77205
77222 884 77222
77312 722 77312
77439 747 77439
77552 609 77552
77553 273 77553
77609 140 77609
77682 13 77682
77868 790 77868
77963 881 77963
77993 84 77993
78055 65 78055
78250 576 78250
78299 309 78299
78317 348 78317
78513 342 78513
78735 12 78735
78742 122 78742
78767 721 78767
78809 448 78809
78815 281 78815
78818 478 78818
79135 447 79135
79188 489 79188
79300 741 79300
79307 434 79307
79318 344 79318
79389 693 79389
79503 129 79503
79563 141 79563
79572 237 79572
79760 10 79760
79838 910 79838
79930 457 79930
80159 847 80159
80216 322 80216
80259 963 80259
80269 37 80269
80419 561 80419
80570 20 80570
80629 683 80629
80713 122 80713
80956 432 80956
80977 492 80977
81407 933 81407
81483 391 81483
81662 702 81662
81749 704 81749
81840 112 81840
81892 692 81892
82099 150 82099
82165 972 82165
82540 159 82540
82647 32 82647
82653 366 82653
82715 681 82715
82814 382 82814
82888 527 82888
83058 526 83058
83084 884 83084
83187 227 83187
83217 943 83217
83452 315 83452
83461 667 83461
83664 536 83664
83705 747 83705
83973 468 83973
84094 922 84094
84154 449 84154
84200 399 84200
84255 177 84255
84624 554 84624
84703 368 84703
84729 526 84729
84814 866 84814
84907 250 84907
84934 862 84934
84974 371 84974
85230 270 85230
85276 457 85276
85369 757 85369
85379 399 85379
85394 769 85394
85460 876 85460
85496 992 85496
85557 276 85557
85761 741 85761
85795 533 85795
85894 366 85894
85908 42 85908
85920 396 85920
86064 432 86064
86089 421 86089
86162 301 86162
86197 180 86197
86263 16 86263
86300 475 86300
86327 895 86327
86532 159 86532
86593 247 86593
86690 708 86690
86771 970 86771
86822 91 86822
86892 571 86892
87318 318 87318
87343 899 87343
87441 316 87441
87567 385 87567
87680 291 87680
87795 836 87795
87829 703 87829
87846 943 87846
88009 826 88009
88019 28 88019
88068 884 88068
88091 546 88091
88380 876 88380
88383 896 88383
88639 664 88639
88656 595 88656
89038 670 89038
89117 769 89117
89256 895 89256
89289 706 89289
89369 184 89369
89420 699 89420
89462 567 89462
89563 562 89563
89590 379 89590
89718 234 89718
89803 741 89803
89832 295 89832
89976 178 89976
89978 29 89978
89992 760 89992
90013 18 90013
90041 616 90041
90064 50 90064
90123 593 90123
90193 719 90193
90281 807 90281
90312 3 90312
90328 814 90328
90534 149 90534
90603 920 90603
90668 43 90668
90762 405 90762
90995 793 90995
91067 127 91067
91160 198 91424
91337 876 91436
91531 608 91592
91661 187 91703
91791 572 91823
91932 6 91932
91942 340 91957
91967 643 92012
92011 739 92021
92052 20 92343
92138 238 92366
92140 329 92378
92223 240 92615
92334 426 92632
92476 605 92794
92586 894 92870
92644 330 92879
92655 110 92942
92694 48 93105
92699 980 93136
92734 679 93141
92796 191 93151
93085 152 93250
93141 781 93375
93170 289 93407
93667 755 93667
93705 528 93705
93708 168 93708
93807 352 93807
93815 792 93815
93844 386 93844
94121 456 94121
94259 147 94259
94343 760 94343
94443 108 94443
94538 894 94538
94612 869 94612
94805 771 94805
94971 396 94971
95005 561 95005
95087 448 95087
95290 532 95290
95317 774 95317
95398 460 95398
95410 456 95410
95433 150 95433
95466 545 95466
95731 350 95731
95789 163 95789
95834 184 95834
95921 174 95921
95994 556 95994
96008 439 96008
96067 33 96067
96100 150 96100
96124 476 96124
96560 766 96560
96657 394 96657
97041 307 97041
97056 488 97056
97115 561 97115
97174 248 97174
97306 458 97306
97308 53 97308
97334 41 97411
97435 954 97439
97594 874 97594
97693 257 97693
97791 72 97791
97833 114 97897
97985 842 98030
98122 542 98163
98125 304 98211
98235 615 98414
98395 893 98465
98429 781 98532
98481 818 98657
98534 894 98726
98611 88 98895
98744 439 98957
98780 414 99051
98788 790 99105
98802 223 99196
99081 870 99201
99156 944 99346
99181 362 99458
99204 563 99622
99307 193 99881
99941 528 99941
