1000 999
83 30 7
170 989 5
180 892 6
735 182 3
95 817 0
45 632 4
619 132 4
910 143 1
132 265 2
191 630 6
264 722 4
675 181 8
254 995 0
123 310 6
774 777 0
587 289 8
321 455 0
776 954 8
915 570 2
686 340 6
784 176 2
644 288 6
8 693 2
71 370 8
81 334 3
415 333 1
454 662 5
238 283 5
390 442 1
100 976 3
759 442 2
708 123 8
561 266 0
538 335 3
657 9 3
376 819 8
740 855 1
530 702 5
932 951 6
435 742 2
188 118 1
566 946 4
511 745 4
149 733 8
465 726 6
610 797 4
836 598 7
260 15 8
15 611 1
923 285 1
373 289 2
810 312 5
812 167 1
192 393 7
618 541 7
315 650 2
19 774 0
573 521 6
688 584 4
646 554 6
848 896 6
844 428 5
881 316 5
80 700 5
997 180 1
537 142 6
792 966 5
328 895 1
336 323 2
138 292 1
224 845 5
691 244 1
524 471 8
917 205 8
715 394 8
135 882 8
809 254 7
390 688 1
293 164 2
839 911 8
43 690 3
938 483 5
842 337 3
318 123 5
853 946 7
559 733 6
330 566 1
867 365 6
864 344 5
909 169 2
662 965 2
809 696 5
224 287 6
827 249 3
984 13 1
927 992 2
127 12 6
194 799 7
427 294 6
36 473 1
423 976 6
919 195 6
640 153 6
355 674 1
800 916 2
425 260 1
671 44 5
829 354 1
383 911 8
24 633 2
115 209 7
879 711 1
219 574 6
331 387 6
165 695 0
747 139 4
563 145 4
665 743 4
778 502 4
259 649 2
926 964 0
360 964 7
397 985 7
928 669 2
994 878 6
459 999 5
152 330 1
163 346 8
408 282 2
22 767 4
736 34 0
316 935 5
617 259 0
884 382 7
613 278 6
745 828 5
165 57 4
150 670 8
314 200 2
411 202 3
421 141 3
418 729 6
392 4 7
205 694 8
811 137 6
981 544 8
262 910 0
366 617 3
51 704 3
163 730 3
30 1000 3
453 771 5
268 369 8
185 319 7
708 823 8
548 989 8
314 651 1
927 944 3
639 701 5
552 272 8
399 638 4
920 648 4
781 456 0
232 560 8
587 490 8
940 754 1
457 890 6
921 563 4
188 328 2
719 345 2
880 522 2
634 298 1
894 306 3
136 732 4
512 767 7
713 726 7
610 830 0
670 781 0
466 883 3
685 721 7
583 956 3
461 901 5
859 870 2
719 24 5
493 55 7
666 832 4
960 16 4
869 985 2
406 59 2
178 103 1
729 452 8
407 326 8
833 712 0
433 990 3
94 513 5
541 38 8
112 784 0
263 870 2
368 851 3
79 705 0
397 601 5
284 72 3
149 880 4
990 50 2
541 516 4
426 891 5
948 451 8
949 32 0
65 890 8
877 85 6
836 656 3
806 318 1
579 765 6
249 561 8
680 980 5
837 18 3
673 157 6
495 361 8
868 250 4
200 749 5
874 741 1
858 32 2
587 660 5
777 960 7
122 667 2
393 338 6
191 635 5
532 834 5
301 896 1
126 886 1
538 175 6
870 374 5
432 742 3
564 545 8
371 748 6
738 947 6
641 889 7
121 125 1
861 295 3
160 525 7
42 927 5
76 531 3
198 694 4
988 894 3
403 494 2
467 601 7
993 301 6
71 372 7
506 79 6
101 599 0
580 32 8
88 754 0
672 28 4
530 86 4
895 704 4
800 302 6
420 237 2
780 873 6
607 907 8
252 124 1
794 312 7
468 142 3
506 453 0
158 511 0
497 194 0
634 310 7
444 854 5
417 937 2
569 110 6
687 92 5
968 781 0
677 793 6
830 247 4
531 325 3
48 137 5
950 822 0
886 2 0
664 932 4
632 898 6
792 250 0
53 947 6
938 697 0
63 651 7
192 168 3
495 582 3
493 482 6
14 480 1
527 92 7
543 621 3
614 393 1
869 277 8
449 829 7
644 844 0
516 47 5
654 410 1
985 441 4
598 750 4
519 534 8
268 387 5
676 972 4
492 121 6
289 748 4
773 488 3
817 746 3
241 446 1
857 139 2
286 676 5
578 317 1
319 782 6
904 65 5
764 833 7
930 429 7
663 981 2
614 659 4
342 739 2
754 647 5
211 856 5
65 222 7
800 539 1
394 930 1
259 252 8
408 762 0
174 978 6
297 847 1
970 837 8
683 334 8
343 390 8
453 766 1
814 749 4
252 816 5
959 215 0
341 718 7
158 710 5
789 380 0
436 852 6
389 299 7
327 58 2
227 230 8
16 308 8
422 129 8
396 698 8
416 190 0
820 622 2
381 7 5
549 426 4
664 128 5
282 802 1
440 495 7
319 716 4
116 565 3
359 813 7
684 563 0
823 326 5
230 540 4
114 305 0
316 990 7
553 570 4
22 264 8
653 854 1
368 757 2
405 398 3
556 234 2
69 73 7
313 556 3
888 970 2
603 327 8
100 32 8
218 700 1
932 590 3
154 897 1
873 220 4
603 547 3
819 569 0
388 724 7
266 92 8
209 957 3
190 927 5
984 635 2
83 491 6
283 498 3
821 261 1
89 694 3
217 779 5
922 855 2
162 280 7
732 974 5
491 65 8
510 639 7
276 230 8
887 607 8
284 23 0
294 304 2
206 837 5
280 316 3
589 7 8
838 987 1
91 568 3
229 828 1
203 824 7
173 363 2
761 934 5
519 3 1
581 773 3
684 114 7
322 488 0
438 439 7
973 630 0
982 109 5
156 249 7
970 385 5
849 461 2
873 864 5
401 776 5
46 967 2
296 655 1
263 977 5
624 443 6
8 1000 6
741 922 5
901 91 6
761 54 3
877 681 1
60 289 0
206 66 5
25 638 6
534 346 0
470 786 4
214 766 5
459 441 5
699 770 6
133 692 5
641 906 7
529 133 1
801 847 3
789 211 5
267 391 7
311 496 7
557 783 0
290 785 8
43 873 2
962 523 8
814 689 4
751 535 5
875 169 2
549 750 5
603 683 2
753 151 7
778 127 6
275 882 8
935 979 6
239 357 5
443 879 8
232 215 5
533 117 7
555 226 3
208 278 0
821 725 2
1 585 2
607 318 3
919 144 5
395 898 0
445 892 0
73 424 2
248 198 4
470 506 4
178 734 5
28 266 5
625 648 8
815 985 3
620 425 8
392 768 4
328 166 6
375 952 8
7 171 5
196 190 5
907 90 0
410 554 8
835 637 0
995 437 5
360 157 3
791 242 8
718 262 4
853 809 7
281 673 3
245 888 0
616 85 5
860 734 7
586 919 6
288 105 3
728 101 5
341 597 6
3 66 4
329 49 0
20 861 4
557 444 6
606 829 3
915 851 0
332 472 3
719 83 8
17 588 3
636 607 8
402 562 7
921 97 8
933 195 8
53 838 7
889 615 7
552 811 5
994 637 5
228 518 7
146 68 7
29 902 1
5 172 4
717 642 2
931 574 0
898 571 5
830 411 0
835 98 5
131 909 1
720 159 0
367 953 7
141 802 0
397 184 7
847 840 3
441 894 2
800 967 7
707 839 5
512 576 4
914 546 5
176 356 6
859 208 5
404 975 1
364 90 0
623 493 6
777 743 5
741 324 2
120 675 8
528 969 0
386 520 5
628 322 2
983 202 0
767 834 1
7 693 6
874 544 3
679 193 1
897 807 5
526 939 8
464 769 5
120 841 3
28 738 7
624 500 8
635 19 1
505 805 2
878 21 6
603 452 7
945 636 4
864 687 3
796 880 6
17 825 5
82 54 4
417 389 7
297 778 6
398 22 2
143 583 1
247 340 5
970 748 2
446 515 3
339 911 0
844 862 8
627 358 3
685 724 8
852 808 1
564 481 3
558 493 6
136 967 5
81 487 3
818 406 8
4 602 7
163 197 2
251 670 6
479 830 2
154 933 0
93 437 7
388 374 0
227 969 0
604 369 3
11 239 3
375 147 5
702 540 0
422 246 8
379 287 3
241 602 2
928 318 3
100 243 5
404 662 3
965 841 8
963 346 5
952 804 3
48 104 8
435 135 6
775 226 4
307 250 7
765 474 2
826 325 6
739 184 0
508 9 6
12 628 1
61 967 4
677 211 3
821 365 5
756 583 3
605 843 4
452 180 7
625 197 3
242 425 6
376 567 3
338 489 5
202 281 7
413 354 5
469 673 7
460 311 4
797 874 4
108 328 2
737 180 0
359 904 4
378 463 7
185 554 0
402 348 6
343 116 7
135 735 5
211 370 6
287 731 4
388 908 6
759 572 6
279 575 1
784 145 6
439 562 4
128 646 1
332 655 0
235 4 6
774 499 3
904 942 5
611 872 4
741 540 8
390 159 8
414 980 8
931 37 4
210 374 1
669 772 8
8 631 5
74 67 3
866 444 0
153 346 3
87 881 5
170 246 6
588 509 5
769 304 7
606 975 4
99 810 1
910 546 4
81 25 5
808 528 4
529 573 4
390 986 1
990 770 7
550 800 7
598 848 6
288 831 6
995 678 1
208 240 1
997 167 8
812 231 4
524 854 3
814 94 6
577 888 7
476 641 3
733 64 3
579 544 0
884 347 2
510 194 0
236 59 1
52 541 4
521 842 7
658 875 3
817 514 6
329 325 3
363 732 2
779 177 7
348 387 4
612 461 6
989 285 0
211 151 6
668 40 2
643 213 0
67 949 5
611 290 4
493 10 2
190 772 6
291 714 6
206 626 2
323 894 8
286 842 7
371 303 6
413 630 1
694 790 0
311 81 7
78 921 4
389 292 4
778 409 0
174 795 8
757 216 0
985 400 1
351 932 0
546 33 6
485 257 0
96 123 2
720 380 3
291 289 7
348 600 4
508 460 2
58 130 2
35 362 8
155 789 5
940 839 0
445 447 4
215 551 3
905 706 3
102 867 3
32 203 6
261 360 5
871 64 3
460 876 0
918 477 8
846 30 2
337 605 5
258 809 3
95 484 2
912 441 7
708 35 7
951 458 0
6 648 0
14 234 3
219 140 5
312 183 2
404 187 2
384 433 0
915 329 7
803 15 8
856 585 0
468 41 5
913 437 7
697 503 8
309 70 0
225 96 8
592 884 8
26 491 2
372 316 5
15 545 2
517 697 5
410 684 2
265 103 1
381 520 2
298 593 1
980 561 6
216 530 1
575 363 7
168 350 2
843 41 7
642 446 2
205 703 4
367 270 0
136 813 1
905 129 1
898 948 0
27 668 1
824 312 5
892 738 8
456 408 7
111 865 2
269 360 8
538 132 4
811 958 3
512 793 7
269 666 5
329 655 6
857 372 1
161 526 8
956 514 5
791 504 2
186 569 1
559 971 0
709 441 5
191 39 3
109 172 0
408 560 6
494 883 7
604 271 3
445 617 8
221 127 3
939 755 7
953 849 7
320 2 1
630 652 2
727 988 4
204 973 7
681 734 4
68 768 4
913 940 4
456 56 4
465 455 5
119 698 5
7 383 0
113 201 4
21 375 6
41 462 0
160 424 1
666 845 6
681 524 1
650 244 2
883 822 2
327 13 4
223 153 5
309 769 1
710 154 3
32 439 0
496 798 6
244 689 3
899 951 6
900 590 3
148 127 1
168 107 3
787 942 6
542 22 2
992 317 3
486 598 6
836 231 4
518 117 1
939 732 5
501 74 4
104 174 4
793 57 2
673 903 4
234 693 8
134 543 4
885 309 1
788 938 4
178 930 1
992 799 1
971 661 5
758 513 4
300 777 7
448 954 7
163 320 8
233 325 0
533 343 8
296 745 2
470 961 0
398 253 4
613 256 1
509 77 6
328 419 5
690 62 1
458 996 3
805 274 7
941 19 0
571 759 6
664 776 3
637 420 4
380 991 2
341 998 5
179 582 6
177 431 5
396 632 4
104 24 5
111 122 8
574 71 6
442 825 5
483 626 1
925 863 1
24 424 0
434 363 3
805 802 6
165 705 7
80 866 4
296 889 3
974 723 5
360 820 7
541 208 2
273 466 2
507 12 1
241 629 8
169 555 0
833 960 4
608 508 5
267 484 4
594 337 3
333 172 7
164 404 2
399 189 7
475 558 8
777 676 0
752 926 1
841 21 4
894 705 8
317 75 8
624 342 5
506 902 3
876 536 2
924 628 2
243 744 8
199 704 2
349 348 7
107 34 8
667 376 7
894 212 3
64 837 3
507 352 0
623 84 4
207 34 6
469 255 8
204 498 8
919 91 8
913 31 3
204 121 8
10 72 4
85 355 6
59 607 7
916 722 7
139 900 2
115 330 3
719 505 0
295 64 6
282 929 7
407 412 0
478 739 4
934 489 2
343 450 2
694 655 3
217 519 6
609 770 8
775 86 8
757 481 0
430 639 2
756 627 3
761 30 2
188 889 0
668 276 0
353 228 6
877 893 6
818 528 1
682 393 7
595 335 3
472 475 3
535 425 5
737 596 1
510 591 8
193 661 4
936 937 7
314 462 3
548 349 7
645 370 2
747 357 7
604 962 0
360 382 6
101 378 8
822 560 1
377 474 2
143 279 5
99 602 4
895 760 2
440 968 4
787 378 3
643 191 4
573 970 3
634 331 2
982 179 1
943 764 1
134 141 8
951 106 7
151 955 8
908 353 0
334 294 2
111 250 2
421 376 2
479 182 8
485 277 6
531 428 5
455 654 6
44 293 1
36 871 6
118 850 8
529 658 4
925 356 0
97 763 0
502 918 6
499 942 5
113 901 3
936 176 1
773 741 3
115 85 7
1000
5 648 23
7 678 26
9 722 36
20 326 51
25 8 63
29 805 66
50 256 92
53 340 104
68 516 123
74 545 143
77 603 147
95 719 167
107 700 183
108 195 192
109 276 200
119 754 204
123 901 213
141 502 216
144 578 219
162 459 232
190 964 238
200 123 239
207 935 244
245 486 250
251 666 253
260 690 260
261 837 262
270 437 297
280 807 312
283 864 355
293 105 365
302 276 369
323 313 371
324 629 375
327 46 376
372 597 382
394 640 394
407 439 407
469 807 469
473 162 473
477 325 477
480 896 481
489 885 497
505 797 508
528 120 528
538 601 538
562 218 562
563 62 563
569 570 569
583 93 583
586 306 586
599 842 599
600 394 600
625 360 625
629 251 629
634 604 634
640 253 640
642 278 642
643 411 643
644 93 644
657 97 657
661 261 661
665 579 665
669 194 669
671 771 671
705 895 705
712 25 712
728 601 728
756 407 756
761 554 761
763 631 763
767 501 767
783 665 783
784 472 784
788 748 788
790 75 790
799 429 799
811 580 811
823 137 823
829 48 829
833 29 833
835 768 835
845 781 845
850 266 850
865 213 865
877 701 877
879 974 879
882 219 882
885 471 885
894 359 894
909 965 909
925 619 925
937 919 937
948 132 948
952 110 952
955 498 955
957 121 957
962 280 962
965 513 965
966 335 966
971 171 971
979 166 979
999 841 999
1005 935 1005
1009 543 1013
1029 924 1029
1049 863 1049
1057 669 1057
1079 735 1079
1083 635 1083
1086 673 1086
1112 332 1112
1116 189 1116
1128 447 1128
1133 604 1133
1168 553 1168
1175 83 1175
1199 481 1199
1207 79 1207
1223 877 1223
1237 98 1237
1239 289 1239
1247 583 1247
1250 741 1250
1253 723 1253
1257 222 1257
1281 655 1281
1282 957 1282
1285 354 1285
1295 727 1295
1302 468 1302
1304 597 1304
1308 525 1308
1310 351 1310
1316 269 1316
1321 883 1321
1338 471 1338
1339 240 1339
1348 189 1348
1350 902 1350
1362 726 1362
1366 312 1366
1403 647 1403
1416 328 1416
1439 741 1439
1446 185 1446
1451 223 1451
1468 940 1468
1472 423 1472
1474 41 1474
1476 361 1476
1479 183 1479
1514 926 1514
1542 943 1542
1545 561 1545
1549 31 1549
1561 750 1561
1563 824 1563
1577 828 1577
1581 106 1581
1600 302 1600
1603 225 1603
1640 554 1640
1643 501 1643
1655 864 1655
1662 445 1662
1702 508 1702
1707 503 1707
1716 453 1716
1717 581 1717
1723 464 1723
1729 224 1729
1739 382 1739
1753 564 1753
1760 942 1760
1768 283 1768
1771 363 1771
1775 55 1775
1776 983 1776
1786 883 1786
1793 739 1793
1804 144 1804
1806 538 1806
1807 842 1807
1821 406 1821
1831 188 1831
1832 945 1832
1834 14 1834
1837 771 1837
1849 814 1849
1856 846 1887
1873 733 1900
1885 380 1903
1887 469 1904
1888 449 1908
1909 253 1910
1933 404 1933
1937 885 1937
1946 945 1946
1951 458 1951
1971 934 1971
1975 523 1975
2007 453 2007
2019 233 2019
2040 63 2040
2049 529 2049
2072 444 2072
2078 609 2078
2080 138 2080
2088 642 2088
2095 498 2095
2098 639 2098
2099 861 2099
2102 152 2102
2104 287 2104
2118 397 2118
2125 516 2125
2163 549 2163
2171 451 2171
2189 330 2189
2254 542 2254
2256 546 2256
2265 77 2265
2273 562 2273
2321 843 2321
2322 703 2322
2324 282 2324
2329 912 2329
2357 328 2357
2359 848 2359
2364 808 2364
2383 504 2383
2407 910 2407
2416 327 2416
2422 692 2422
2425 176 2425
2449 901 2449
2453 43 2453
2460 803 2460
2464 591 2464
2466 979 2466
2467 640 2467
2486 230 2486
2487 922 2487
2500 498 2500
2510 635 2510
2514 536 2514
2518 842 2518
2525 896 2525
2535 867 2535
2537 349 2537
2545 228 2545
2550 367 2550
2554 587 2554
2555 881 2555
2560 39 2560
2575 403 2575
2584 113 2584
2587 539 2587
2590 608 2591
2593 898 2604
2603 30 2607
2608 243 2619
2625 976 2625
2636 62 2636
2687 742 2687
2720 964 2720
2736 762 2736
2738 556 2738
2740 844 2740
2745 898 2745
2765 125 2765
2809 204 2809
2812 567 2812
2819 343 2819
2844 781 2844
2862 743 2862
2866 764 2866
2881 977 2881
2885 867 2885
2892 951 2892
2893 382 2893
2894 741 2894
2897 735 2897
2917 25 2917
2929 591 2929
2945 459 2945
2998 466 2998
3004 872 3004
3009 173 3009
3016 416 3016
3033 413 3033
3035 580 3035
3040 173 3040
3046 631 3046
3047 912 3047
3054 66 3054
3064 999 3064
3079 550 3079
3090 315 3090
3092 491 3092
3100 263 3100
3118 308 3118
3124 226 3124
3177 791 3177
3188 487 3188
3196 301 3196
3242 101 3242
3259 196 3259
3272 551 3272
3273 304 3273
3292 963 3292
3305 907 3305
3308 634 3308
3311 812 3311
3313 966 3313
3314 913 3314
3321 383 3321
3336 114 3336
3343 107 3343
3351 20 3351
3382 41 3382
3388 669 3388
3425 93 3425
3434 850 3434
3439 147 3439
3451 480 3451
3474 653 3474
3488 290 3488
3501 307 3501
3524 386 3524
3530 881 3530
3552 420 3552
3558 377 3558
3563 183 3563
3605 586 3605
3631 967 3631
3647 372 3647
3682 118 3682
3690 345 3690
3702 246 3702
3731 333 3731
3732 337 3732
3734 344 3734
3750 295 3750
3752 27 3752
3779 76 3779
3786 282 3786
3792 643 3792
3795 657 3795
3802 433 3802
3804 543 3804
3816 992 3816
3828 210 3828
3837 85 3837
3861 53 3861
3865 842 3865
3889 531 3889
3891 787 3891
3894 559 3894
3915 405 3915
3930 896 3930
3935 144 3935
3945 534 3945
3950 656 3950
3969 7 3969
3972 420 3972
3976 283 3976
3982 787 3982
3987 350 3987
3994 150 3994
4012 149 4012
4024 918 4024
4030 442 4030
4038 541 4038
4072 907 4072
4080 637 4080
4081 22 4081
4087 307 4087
4097 392 4097
4106 188 4106
4108 534 4108
4140 709 4140
4145 833 4145
4151 227 4151
4182 868 4182
4194 914 4194
4207 318 4207
4223 788 4223
4235 706 4235
4241 832 4241
4245 487 4245
4246 491 4246
4255 377 4255
4258 812 4258
4264 996 4264
4288 809 4288
4296 317 4296
4312 594 4312
4313 662 4313
4320 767 4320
4336 523 4336
4391 691 4391
4394 911 4394
4395 675 4395
4412 603 4412
4414 737 4414
4417 55 4417
4421 49 4421
4430 163 4430
4441 703 4441
4454 993 4454
4469 628 4469
4477 663 4477
4479 646 4479
4486 334 4486
4496 167 4496
4513 539 4513
4516 730 4516
4536 97 4536
4541 554 4541
4546 582 4546
4548 999 4548
4550 291 4550
4558 231 4558
4564 669 4564
4594 789 4594
4600 280 4600
4611 305 4611
4623 958 4623
4650 56 4650
4676 439 4676
4682 867 4682
4689 249 4689
4691 886 4691
4699 482 4699
4704 812 4704
4710 515 4710
4716 383 4716
4718 720 4718
4721 881 4721
4742 963 4742
4755 376 4755
4756 667 4756
4759 882 4759
4766 478 4766
4785 41 4785
4817 100 4817
4823 703 4823
4843 908 4843
4845 571 4845
4846 941 4846
4854 908 4854
4864 388 4864
4870 650 4870
4874 339 4874
4886 879 4886
4905 859 4905
4911 995 4911
4917 881 4917
4925 940 4925
4937 997 4937
4956 371 4956
4963 476 4963
4982 570 4982
4983 732 4983
5015 450 5015
5024 126 5024
5033 580 5033
5037 259 5037
5042 782 5042
5048 308 5048
5051 437 5051
5073 511 5073
5082 487 5082
5107 47 5107
5110 769 5110
5121 378 5121
5141 731 5141
5155 833 5155
5171 696 5171
5176 919 5176
5196 697 5196
5207 816 5207
5218 896 5218
5227 168 5227
5233 361 5233
5248 613 5248
5275 328 5275
5279 549 5279
5285 366 5285
5308 249 5308
5309 498 5309
5313 825 5313
5320 117 5320
5324 88 5324
5328 252 5328
5338 11 5338
5342 190 5342
5352 546 5352
5360 379 5360
5381 730 5381
5386 777 5386
5391 814 5391
5399 582 5399
5427 874 5427
5428 924 5428
5440 756 5440
5441 826 5441
5443 37 5443
5456 556 5456
5462 869 5462
5470 809 5470
5480 197 5480
5482 257 5482
5483 661 5483
5484 948 5484
5501 349 5501
5509 656 5509
5511 10 5511
5518 467 5518
5519 737 5519
5535 644 5535
5559 578 5559
5576 958 5576
5585 380 5585
5617 298 5617
5623 678 5623
5626 387 5626
5638 385 5638
5640 376 5640
5643 52 5643
5658 681 5658
5663 37 5663
5670 588 5670
5672 105 5672
5681 634 5681
5688 145 5688
5714 684 5714
5725 563 5725
5732 370 5732
5740 883 5740
5778 918 5778
5781 893 5781
5782 331 5782
5787 234 5787
5792 940 5792
5802 566 5802
5826 133 5826
5832 942 5832
5845 350 5845
5846 367 5846
5847 798 5847
5848 968 5848
5858 557 5858
5869 569 5869
5871 518 5871
5878 115 5878
5892 191 5892
5897 303 5897
5905 669 5905
5910 284 5910
5913 342 5913
5914 737 5914
5928 968 5928
5937 62 5937
5951 317 5951
5955 618 5955
5973 495 5973
5978 481 5978
5990 580 5990
5994 301 5994
6001 207 6001
6002 668 6002
6006 457 6006
6014 693 6014
6019 739 6019
6068 660 6068
6085 402 6085
6087 77 6087
6097 54 6097
6101 700 6101
6135 864 6135
6143 235 6143
6158 464 6158
6161 932 6161
6172 927 6172
6182 242 6182
6184 564 6184
6205 963 6205
6214 767 6214
6225 781 6225
6231 356 6231
6236 938 6236
6237 166 6237
6246 503 6246
6262 46 6262
6278 981 6278
6289 614 6289
6290 795 6290
6298 26 6298
6302 641 6302
6306 754 6306
6320 303 6320
6324 114 6324
6333 157 6333
6345 920 6345
6347 966 6347
6353 445 6353
6364 73 6364
6397 69 6397
6401 387 6401
6405 460 6405
6419 555 6419
6426 580 6426
6439 218 6439
6455 194 6455
6491 18 6491
6497 250 6497
6520 676 6520
6533 564 6533
6536 131 6536
6545 969 6545
6570 229 6570
6589 30 6589
6591 361 6591
6593 777 6593
6615 17 6615
6617 508 6617
6628 880 6628
6637 528 6637
6639 773 6639
6643 603 6643
6644 386 6644
6651 206 6651
6652 233 6652
6654 884 6654
6667 648 6667
6670 319 6670
6674 104 6674
6682 892 6682
6685 303 6685
6708 789 6708
6715 672 6715
6734 313 6734
6743 730 6743
6747 249 6747
6753 584 6753
6759 906 6759
6766 668 6766
6775 231 6775
6781 813 6781
6784 241 6784
6794 761 6794
6807 500 6807
6808 717 6808
6824 914 6824
6835 693 6835
6837 731 6837
6856 145 6856
6864 844 6864
6868 245 6868
6883 297 6883
6893 18 6893
6895 731 6895
6897 978 6897
6907 212 6907
6908 100 6908
6914 735 6914
6918 139 6918
6920 825 6920
6933 136 6933
6937 431 6937
6948 806 6948
6950 589 6950
6973 340 6973
6978 249 6978
6987 757 6987
7013 571 7013
7015 163 7015
7021 107 7021
7024 288 7024
7025 978 7025
7027 373 7027
7029 970 7029
7031 884 7031
7033 439 7033
7039 784 7039
7043 154 7043
7047 445 7047
7060 100 7060
7064 666 7064
7087 606 7087
7098 442 7098
7108 260 7108
7109 596 7109
7111 386 7111
7114 76 7114
7115 693 7115
7116 98 7116
7117 363 7117
7128 496 7128
7132 596 7132
7134 543 7134
7136 359 7136
7137 706 7137
7140 527 7140
7161 978 7161
7163 981 7163
7166 114 7166
7172 658 7172
7190 100 7190
7236 845 7236
7247 192 7247
7267 647 7267
7279 49 7279
7280 462 7280
7308 977 7308
7312 275 7312
7328 442 7328
7362 515 7362
7363 494 7363
7364 689 7364
7375 684 7375
7376 374 7376
7389 957 7389
7393 905 7393
7419 567 7419
7426 999 7426
7451 893 7451
7455 975 7455
7460 907 7460
7477 967 7477
7493 227 7493
7501 85 7501
7551 941 7551
7586 342 7586
7591 193 7591
7610 376 7610
7611 700 7611
7612 993 7612
7617 930 7617
7624 628 7624
7637 902 7637
7649 828 7649
7668 738 7668
7670 459 7670
7689 208 7689
7706 580 7706
7708 836 7708
7714 548 7714
7716 458 7716
7732 754 7732
7733 619 7733
7736 541 7736
7741 406 7741
7751 900 7751
7754 814 7754
7762 50 7762
7770 337 7770
7788 558 7788
7800 147 7800
7805 876 7805
7811 517 7811
7822 256 7822
7829 496 7829
7833 640 7833
7849 465 7849
7854 688 7854
7863 771 7863
7864 20 7864
7875 277 7875
7884 462 7884
7887 274 7887
7888 915 7888
7894 39 7894
7908 157 7908
7919 985 7919
7928 942 7928
7931 446 7931
7932 638 7932
7940 825 7940
7941 392 7941
7961 321 7961
7962 513 7962
7971 697 7971
7977 929 7977
8025 636 8025
8032 922 8032
8043 864 8043
8061 562 8061
8088 85 8088
8099 864 8099
8115 631 8115
8118 153 8118
8129 353 8129
8139 712 8139
8149 453 8149
8161 718 8161
8174 356 8174
8183 38 8183
8187 829 8187
8200 4 8200
8202 435 8202
8206 735 8206
8210 671 8210
8226 704 8226
8229 605 8229
8249 701 8249
8250 275 8250
8256 790 8256
8264 486 8264
8274 969 8274
8300 19 8300
8333 997 8333
8335 465 8335
8340 254 8340
8341 451 8341
8343 562 8343
8348 348 8348
8350 607 8350
8355 733 8355
8360 989 8360
8365 155 8365
8371 584 8371
8372 290 8372
8385 82 8385
8392 396 8392
8401 515 8401
8402 658 8402
8403 16 8403
8407 335 8407
8410 928 8410
8416 124 8416
8441 879 8441
8443 402 8443
8446 485 8446
8454 333 8454
8486 220 8486
8492 655 8492
8500 770 8500
8505 373 8505
8507 688 8507
8528 558 8528
8534 280 8534
8538 802 8541
8541 884 8543
8549 69 8549
8551 312 8551
8556 129 8559
8565 781 8567
8566 713 8581
8567 751 8601
8578 872 8608
8582 820 8609
8589 889 8611
8619 279 8619
8628 313 8628
8634 52 8634
8637 698 8638
8653 783 8654
8655 559 8655
8665 382 8668
8671 192 8685
8672 340 8687
8684 39 8701
8687 563 8703
8689 516 8704
8690 941 8711
8693 547 8741
8696 99 8752
8703 837 8763
8706 958 8773
8707 475 8818
8723 244 8824
8728 829 8826
8736 989 8828
8740 663 8840
8760 724 8851
8777 628 8863
8785 341 8865
8808 108 8871
8811 439 8903
8820 158 8905
8824 432 8910
8856 267 8918
8858 290 8952
8860 878 8958
8862 70 8963
8866 553 8984
8877 662 8993
8891 744 9016
8910 857 9018
8912 381 9031
8922 798 9039
8925 644 9042
8931 481 9054
8962 138 9058
8974 213 9064
8976 987 9066
8983 237 9068
8990 687 9072
9007 7 9080
9010 589 9082
9012 331 9099
9020 52 9106
9031 831 9109
9059 677 9122
9064 318 9128
9073 453 9136
9075 944 9156
9109 205 9159
9110 7 9165
9113 28 9180
9122 468 9211
9131 399 9226
9135 327 9227
9137 745 9230
9156 104 9235
9169 126 9255
9174 494 9285
9177 100 9294
9183 114 9312
9188 818 9318
9191 786 9331
9214 802 9361
9221 345 9364
9222 362 9384
9233 576 9400
9272 248 9405
9281 510 9413
9292 19 9422
9294 404 9431
9304 685 9443
9308 2 9453
9320 939 9462
9330 83 9486
9332 50 9488
9359 330 9514
9373 864 9518
9377 682 9521
9385 810 9525
9389 478 9533
9406 259 9537
9430 939 9545
9436 271 9551
9451 514 9565
9463 912 9576
9466 564 9584
9474 49 9590
9479 744 9593
9480 221 9600
9485 468 9604
9486 860 9609
9515 963 9626
9521 21 9632
9529 819 9639
9534 148 9649
9558 118 9650
9564 162 9666
9566 708 9669
9570 327 9672
9608 192 9674
9613 120 9687
9620 556 9694
9636 611 9702
9655 390 9704
9662 890 9709
9674 346 9711
9677 324 9720
9682 529 9729
9692 567 9732
9712 109 9735
9713 399 9736
9721 887 9739
9735 93 9745
9768 188 9768
9771 951 9777
9784 565 9784
9788 987 9801
9816 490 9816
9830 869 9830
9836 405 9836
9850 729 9850
9863 787 9863
9870 540 9870
9892 21 9892
9926 439 9926
9931 414 9931
9936 166 9936
9939 1000 9939
9941 201 9941
9951 48 9951
9952 57 9952
9953 419 9953
9959 451 9959
9971 676 9971
9978 364 9980
9985 982 9992
9987 195 10000
