1000 999
815 490 0
714 30 1
517 710 5
632 980 2
651 692 3
427 909 8
583 472 0
534 770 5
245 848 5
991 535 5
251 372 1
616 888 4
749 598 7
946 283 8
790 5 5
609 886 0
584 562 4
557 462 0
904 845 0
473 637 7
796 819 8
950 375 7
124 686 5
164 255 6
555 123 4
265 667 5
601 280 1
632 129 2
396 661 0
961 982 2
774 410 4
371 668 3
925 91 0
304 323 6
384 270 7
211 179 7
352 284 6
996 960 8
830 74 1
365 781 2
917 49 1
893 206 1
418 965 8
990 847 4
644 318 4
583 620 6
32 6 3
443 544 4
549 361 3
455 685 1
402 491 4
999 882 2
521 714 0
816 810 3
890 435 4
368 630 5
826 594 0
824 952 6
931 541 2
643 876 3
60 165 8
299 941 0
292 867 3
956 416 8
867 119 5
359 326 5
367 234 2
227 675 2
483 474 3
174 149 4
297 528 5
750 393 6
298 545 1
664 715 5
709 925 5
310 564 4
847 812 8
931 97 3
519 191 2
966 618 5
11 29 5
399 957 6
479 473 0
639 880 8
576 997 0
475 38 2
80 975 3
875 548 7
285 363 5
895 122 2
666 572 3
638 986 2
145 635 4
247 486 3
579 775 8
641 918 4
350 869 4
736 329 8
232 93 4
5 879 5
864 418 7
946 746 2
176 600 5
39 979 5
65 9 7
726 215 5
928 673 1
522 319 7
832 553 3
654 417 2
951 725 4
471 385 2
99 631 4
595 173 8
240 683 8
192 940 8
994 818 7
892 856 0
385 192 4
372 990 3
927 166 4
764 895 7
484 12 7
351 571 8
968 269 1
993 352 4
32 728 6
518 612 8
544 802 4
203 208 3
856 787 6
752 333 6
367 55 8
994 709 3
284 790 0
964 369 5
923 497 7
538 150 0
546 367 0
929 218 6
366 7 3
135 455 1
957 445 8
380 998 6
743 572 0
904 21 5
578 305 3
480 362 1
659 222 6
290 204 6
938 71 6
449 770 0
357 727 1
332 435 0
885 436 8
886 740 5
246 941 6
277 121 1
476 644 1
960 111 2
262 95 2
342 344 7
828 715 4
394 223 1
466 597 4
22 433 4
150 464 4
867 268 6
691 172 0
34 27 8
973 800 2
41 56 4
116 769 2
171 117 1
629 457 0
78 626 4
648 775 2
454 879 8
643 697 3
399 25 8
331 67 3
568 529 8
273 551 0
599 716 1
939 967 0
777 591 8
626 72 3
465 512 3
51 335 2
847 321 3
305 53 3
538 278 4
359 976 7
341 191 5
476 92 7
243 759 5
670 552 6
905 981 0
532 398 1
882 320 8
219 778 7
604 475 2
36 435 2
752 784 8
439 15 2
308 153 4
805 632 4
297 821 5
765 895 1
900 719 6
135 253 7
161 97 2
786 799 2
818 949 6
325 644 0
617 99 3
350 351 0
733 66 6
76 120 2
128 410 2
909 841 4
834 425 2
235 267 0
182 688 8
266 307 7
680 978 4
721 365 4
240 259 0
738 728 4
869 755 3
511 558 2
231 137 3
467 327 0
445 240 8
322 222 4
169 115 4
249 887 6
809 913 2
985 417 7
669 698 2
373 267 5
148 258 8
905 736 0
652 1000 6
116 854 7
937 372 0
648 31 4
724 431 1
945 260 1
466 273 3
630 935 7
405 872 1
951 709 6
392 517 5
131 299 7
619 613 3
161 261 1
952 274 5
979 433 2
984 591 4
12 133 5
693 354 8
175 821 4
630 592 3
966 2 8
541 460 1
704 757 4
827 921 7
573 800 6
868 27 6
687 875 2
464 165 0
444 133 0
461 701 6
497 462 1
684 328 1
397 711 7
758 128 0
693 115 6
701 167 7
78 960 8
415 796 1
695 899 5
739 300 1
114 476 0
83 767 1
347 711 2
905 580 3
731 607 5
922 965 2
966 290 3
456 818 0
957 770 3
180 658 0
933 23 3
119 870 6
70 422 1
288 550 0
974 872 0
119 83 8
719 255 1
594 273 6
296 514 5
470 933 7
831 962 7
700 240 4
825 306 3
918 707 2
556 796 0
163 737 7
754 605 2
44 599 1
633 584 8
19 31 7
258 748 8
859 103 0
553 898 4
474 639 0
981 420 7
238 879 6
159 720 4
413 158 5
542 651 0
61 258 7
363 307 0
1 542 8
634 813 5
58 508 6
194 829 2
619 469 0
179 295 8
533 93 2
155 190 8
480 158 7
983 213 5
414 813 8
272 530 0
42 350 0
273 447 6
514 121 6
753 77 8
734 31 8
332 674 4
630 942 7
217 796 1
537 242 1
676 54 5
649 544 1
434 334 2
865 810 4
852 797 4
305 490 2
762 517 4
646 191 5
530 549 0
840 453 5
727 700 4
892 228 1
706 355 8
797 17 4
731 258 2
345 51 4
871 657 8
744 878 1
567 458 2
344 601 4
625 782 7
57 709 3
947 762 6
647 46 6
467 882 5
775 728 1
145 409 4
287 956 8
320 598 6
502 940 7
443 888 1
812 642 2
318 130 7
456 749 5
597 702 3
588 527 4
151 736 1
451 813 0
914 667 5
843 239 5
196 499 5
598 842 7
962 889 5
549 140 8
645 768 6
445 191 2
535 133 6
2 82 7
228 929 7
407 795 5
288 6 4
635 745 6
806 672 7
137 894 1
602 510 5
134 322 1
795 113 7
277 383 8
257 144 2
113 660 6
24 481 0
185 419 7
395 148 1
286 3 1
510 514 1
563 764 5
493 2 7
488 766 0
567 716 8
198 183 1
932 985 1
418 291 3
804 698 3
402 457 0
401 922 5
358 286 5
450 463 4
275 107 7
936 205 2
309 989 5
646 487 2
127 420 1
686 137 8
118 603 3
734 144 8
576 921 3
348 494 7
171 937 8
730 831 0
915 488 4
846 500 3
494 77 3
155 196 7
735 500 5
706 181 2
662 471 8
661 940 8
213 916 0
250 473 7
356 656 3
99 653 5
884 762 7
468 998 8
403 65 8
484 228 4
945 843 7
992 569 3
269 29 6
98 758 4
120 108 8
477 557 0
770 255 3
127 678 3
652 655 6
549 227 0
587 147 8
530 149 4
956 668 1
456 756 4
176 195 2
548 930 1
296 314 0
995 340 0
421 901 0
106 903 8
547 983 5
414 260 3
886 985 8
86 771 5
509 901 7
507 530 4
874 688 4
651 587 3
276 191 2
874 650 3
831 31 0
964 313 2
375 906 2
394 8 6
317 244 7
979 347 3
161 930 7
559 851 8
88 537 2
892 324 4
779 848 5
374 26 3
813 219 5
310 640 3
694 969 4
961 20 1
908 412 1
881 689 3
408 411 6
897 504 7
985 863 3
364 966 2
329 337 3
316 625 2
785 310 6
203 75 1
186 105 5
617 614 7
351 346 4
465 475 5
876 560 0
898 899 4
934 776 6
33 972 1
768 670 8
163 708 1
814 863 4
41 365 5
463 849 4
755 403 1
533 501 8
804 271 7
361 809 5
505 778 7
699 586 6
340 369 6
47 843 3
547 794 0
237 752 2
892 184 0
461 165 5
112 978 7
486 175 2
929 207 1
628 891 8
595 221 7
314 524 6
215 695 1
478 990 7
445 576 2
837 30 6
627 440 1
519 887 4
28 978 4
791 658 2
50 761 5
820 62 6
739 821 0
398 840 5
572 837 2
193 832 7
423 377 1
603 392 5
176 547 8
424 756 6
281 704 7
953 460 6
402 154 6
612 963 0
681 365 6
188 949 3
880 92 5
297 819 2
989 276 1
753 459 3
210 795 0
106 265 6
834 633 4
235 77 4
10 600 8
455 319 2
244 843 5
834 322 8
138 211 2
704 54 4
568 533 4
835 168 2
760 343 4
867 788 2
288 199 3
63 379 2
864 446 5
393 127 5
516 978 2
930 229 3
380 685 4
294 781 1
792 493 1
323 803 6
708 577 0
96 526 8
16 921 8
567 394 4
404 917 7
162 83 0
81 241 4
389 561 2
545 113 6
406 65 3
155 242 7
236 291 7
619 961 1
94 63 3
711 877 2
552 714 2
314 948 8
184 936 3
910 772 8
846 34 5
976 773 8
408 495 8
100 566 8
696 706 0
96 776 3
126 493 2
524 328 4
489 378 2
970 320 6
911 585 5
289 233 2
101 722 1
772 904 3
546 206 4
378 722 4
805 34 0
882 692 2
150 760 4
362 582 8
235 14 6
552 561 0
276 883 5
452 721 2
712 634 5
533 364 1
835 502 7
125 652 0
197 456 3
520 642 7
58 992 1
716 79 1
304 610 1
344 508 3
451 690 0
157 435 7
861 723 7
644 661 1
417 24 4
857 166 1
399 952 5
391 132 8
215 796 3
43 97 5
436 435 3
274 400 4
510 869 2
532 357 1
594 402 5
141 163 3
482 842 7
770 896 5
636 531 7
461 859 1
279 305 3
577 680 2
541 714 3
40 314 5
342 283 3
234 4 1
742 850 0
887 226 7
729 575 5
37 623 6
116 559 0
860 969 6
311 783 4
114 432 1
353 679 1
576 172 6
252 565 0
15 957 8
440 195 8
988 55 1
293 317 0
674 807 2
688 366 4
317 641 3
829 464 1
820 596 7
349 373 1
594 515 1
356 794 0
462 225 7
416 212 5
902 126 6
524 45 2
673 441 8
977 123 3
771 958 0
998 682 7
830 347 6
838 411 8
189 77 3
964 982 2
183 422 2
624 782 1
969 624 3
149 636 4
800 932 0
273 523 7
957 3 1
987 701 6
919 417 6
912 56 8
498 968 3
381 60 8
752 822 6
705 907 4
220 351 4
559 171 6
418 233 2
228 355 7
539 739 7
760 18 7
678 563 7
139 464 8
839 15 2
557 156 4
622 143 5
264 71 1
153 496 3
527 59 4
224 513 4
506 485 7
822 763 0
749 767 6
239 406 8
611 844 8
102 592 7
61 210 6
76 308 5
190 793 3
35 67 3
518 527 4
761 448 3
833 108 6
400 954 1
375 300 5
334 924 8
926 505 6
180 330 7
754 747 8
362 717 2
84 796 4
69 356 5
64 129 3
70 340 0
608 102 6
315 543 6
364 693 5
968 816 0
183 402 1
198 326 7
271 955 1
202 596 2
23 943 6
599 107 4
663 230 4
5 572 4
470 697 1
282 254 3
65 194 6
703 607 6
986 551 2
431 248 4
428 945 6
313 593 5
923 530 6
145 606 1
574 673 1
813 177 2
873 508 8
57 81 0
732 360 8
311 6 3
283 310 8
80 406 3
655 682 4
658 473 3
379 807 2
767 187 5
984 318 6
628 237 7
152 430 0
599 592 3
439 508 5
753 816 1
201 120 6
446 621 3
417 282 0
412 339 1
304 262 0
961 817 6
615 405 2
727 527 8
74 53 0
997 270 6
426 386 6
170 506 1
602 123 7
759 221 3
387 87 5
665 203 0
918 718 8
315 688 1
75 719 5
928 822 5
216 806 0
124 536 7
589 37 4
528 429 4
849 747 8
667 409 2
429 766 7
708 653 8
302 742 3
329 152 0
162 371 7
864 13 8
944 627 5
74 67 0
789 178 2
762 520 8
142 184 0
338 178 6
868 306 3
228 802 5
109 397 8
525 374 6
938 141 3
808 79 1
754 857 5
311 699 4
811 209 0
238 878 0
941 295 5
628 511 8
332 931 7
585 256 6
920 840 3
9 38 0
879 87 7
581 914 4
301 917 2
185 666 6
823 489 8
159 239 5
815 925 3
782 391 5
231 50 7
780 671 3
626 152 8
862 990 6
686 732 8
499 961 3
696 934 2
492 174 5
2 441 2
713 323 2
281 68 4
959 845 1
624 622 4
881 949 0
929 677 8
682 18 2
405 106 0
856 105 2
136 218 8
246 46 3
526 281 4
159 85 5
421 224 2
762 312 1
888 836 3
541 496 3
319 263 6
858 834 6
401 811 8
588 723 8
868 152 1
216 859 8
172 37 2
679 29 4
944 566 8
425 200 2
354 49 6
957 110 2
583 268 4
388 682 3
538 897 6
851 325 4
339 386 5
814 476 5
366 706 3
901 554 4
377 500 4
62 104 4
155 260 1
365 436 4
22 855 4
486 575 6
989 206 5
436 437 1
8 547 7
981 884 0
112 382 3
999 698 3
992 974 3
377 751 5
89 821 7
252 546 8
181 774 1
503 314 7
728 230 4
972 611 1
480 241 7
801 271 7
339 610 5
791 497 5
258 789 3
822 17 3
772 188 1
66 889 2
664 812 3
939 304 1
227 844 7
420 336 8
267 4 7
777 303 1
711 509 4
345 426 4
948 820 3
838 596 4
48 159 5
363 848 6
64 141 4
242 160 4
633 186 7
370 653 7
971 344 3
236 844 3
431 115 6
761 903 2
511 849 5
427 386 6
823 912 2
790 958 7
376 546 8
907 73 6
606 786 5
562 415 6
91 742 2
59 256 1
772 525 0
403 285 7
214 800 6
609 438 5
210 853 3
966 144 7
382 435 3
188 670 8
701 657 1
280 741 3
20 401 1
636 798 6
861 223 2
411 944 5
170 853 5
727 866 2
52 99 3
696 334 1
339 661 1
325 330 5
765 210 6
73 670 7
146 135 4
570 111 1
470 390 0
437 694 8
76 671 6
152 179 8
540 520 5
595 739 1
849 256 8
90 89 6
484 992 5
330 590 5
177 442 4
643 502 4
1000
10556 506 10556
16866 587 16866
21649 643 21649
21791 384 21791
40037 320 40037
51624 688 51624
85622 774 85622
93977 33 93977
108837 503 108837
110740 835 110740
117411 502 117411
120102 309 120102
154884 990 154884
156574 427 156574
162890 41 162890
183171 780 183171
195385 824 195385
199552 958 199552
227595 391 227595
233922 92 233922
240420 879 240420
251357 516 251357
258116 489 258116
280433 436 280433
288216 215 288216
293830 839 293830
302339 215 302339
335852 322 335852
337003 420 337003
393823 624 393823
404175 381 404175
405228 940 405228
428388 3 428388
429011 558 429011
433034 696 433034
435719 417 435719
439800 417 439800
454185 167 454185
455090 662 455090
459740 80 459740
470825 849 470825
490020 486 490020
490342 981 490342
493735 628 493735
496215 970 496215
543197 780 543197
545166 315 545166
548089 809 548089
549284 428 549284
551113 627 551113
557198 772 557198
561610 853 561610
563411 904 563411
598334 426 598334
624747 645 624747
625688 250 625688
630612 966 630612
647846 695 647846
655790 341 655790
657046 162 657046
663383 876 663383
673288 449 673288
674354 29 674354
684529 610 684529
711723 938 711723
723499 225 723499
725045 890 725045
730232 487 730232
730975 544 730975
737883 361 737883
738864 71 738864
738949 258 738949
750015 218 750015
759530 251 800564
767301 959 804482
779959 356 820730
783686 364 865063
796847 463 873575
799944 878 886763
817520 758 973733
837774 196 975290
854972 616 983626
860089 301 991681
877171 369 1011721
882370 612 1038143
889659 72 1039476
911092 364 1040902
924681 521 1041655
938852 113 1042868
955140 805 1050398
955315 407 1054120
956376 927 1055114
959535 511 1055220
962162 762 1058578
971830 283 1087121
976857 547 1090692
998850 255 1097132
1008881 130 1122375
1039900 227 1126743
1044272 416 1128687
1047490 738 1152760
1054375 654 1159401
1068752 111 1167210
1077225 272 1184194
1085264 678 1212952
1090820 190 1225006
1091379 549 1226628
1097615 805 1228930
1100666 829 1229509
1107168 153 1231103
1114670 133 1232638
1115954 595 1233366
1119103 959 1237482
1120644 145 1241387
1126980 181 1242167
1130910 604 1243390
1136330 743 1246080
1146369 137 1259771
1150431 100 1260587
1157179 591 1269029
1174089 782 1285599
1184994 195 1292300
1188654 746 1307736
1192764 602 1314328
1206151 496 1317923
1209322 907 1336705
1225577 643 1345655
1231716 203 1347300
1232498 360 1350878
1233439 472 1377421
1246690 980 1380223
1269864 951 1383155
1270020 831 1413248
1287806 129 1423602
1290865 697 1423990
1323169 791 1432302
1344268 144 1444192
1350860 664 1460981
1398034 250 1462776
1400482 404 1509835
1427108 759 1524420
1427353 525 1535661
1437411 386 1548345
1465083 405 1549426
1468124 417 1556447
1486725 57 1570680
1487029 446 1575983
1501623 343 1591189
1509963 967 1592074
1528073 669 1594475
1528243 711 1613181
1539361 839 1627517
1543277 686 1635665
1545071 662 1656542
1558519 239 1659846
1577969 157 1675345
1608585 563 1676703
1639421 936 1687372
1644145 977 1690963
1659401 105 1700112
1664254 682 1701876
1670107 396 1729815
1681659 9 1752886
1699807 994 1771405
1709528 65 1785113
1710743 861 1785931
1757722 285 1786554
1785126 892 1806639
1790558 503 1830067
1792527 521 1835906
1829254 159 1849242
1839938 522 1854457
1848255 756 1857367
1879479 436 1879479
1880163 966 1880163
1884308 843 1884308
1889062 543 1889062
1893970 909 1902282
1900961 253 1908401
1904091 232 1916177
1905352 383 1928370
1907837 190 1938952
1929619 761 1995212
1968340 350 2017335
1969372 996 2031155
1972603 64 2057088
1977271 137 2059165
1998039 689 2059348
2019788 630 2065715
2027011 476 2076062
2035186 188 2078347
2036951 486 2099712
2045844 816 2106904
2058472 439 2109830
2098748 978 2112609
2101050 399 2119508
2109175 904 2121084
2135759 328 2135759
2138157 369 2138157
2140285 732 2140285
2144191 531 2144191
2145172 633 2152945
2146086 629 2155089
2147273 223 2156280
2158586 979 2158586
2185251 210 2185251
2206360 387 2206360
2213919 278 2213919
2231917 249 2231917
2234839 49 2234839
2259975 858 2259975
2270287 176 2270287
2292608 950 2292608
2296181 816 2296181
2315465 325 2315465
2322049 471 2322049
2336741 893 2336741
2345506 30 2345506
2349337 360 2349337
2353491 15 2353491
2356507 134 2356507
2360377 472 2360377
2364274 335 2364274
2380600 11 2380600
2401362 772 2401362
2407005 984 2407005
2430410 314 2430410
2442933 590 2442933
2446924 438 2446924
2458752 828 2458752
2499158 342 2499158
2499388 835 2499388
2500169 401 2500169
2507953 999 2507953
2525730 43 2525730
2526162 290 2526162
2531230 722 2531230
2538583 523 2538583
2542913 239 2542913
2551293 480 2551293
2554648 33 2554648
2579423 611 2579423
2597283 899 2597283
2606465 377 2606465
2624376 937 2624376
2628388 700 2628388
2630434 273 2630434
2633658 924 2633658
2638658 142 2638658
2665688 93 2665688
2675373 323 2675373
2679955 103 2679955
2712067 516 2712067
2721378 819 2721378
2726078 935 2726078
2729638 527 2729638
2731731 801 2731731
2732422 579 2732422
2751285 254 2751285
2756385 220 2756385
2767341 369 2767341
2769241 358 2769241
2778821 354 2778821
2779363 109 2779363
2788200 948 2788200
2809024 377 2809024
2818752 870 2818752
2830714 162 2830714
2854634 262 2854634
2881534 231 2881534
2882106 304 2882106
2892570 964 2892570
2894162 319 2894162
2897335 646 2897335
2911389 180 2911389
2932444 218 2932444
2935768 532 2935768
2937613 243 2937613
2954542 445 2954542
2955303 632 2955303
2957868 282 2957868
2963938 579 2963938
2964229 507 2964229
2965581 248 2965581
2990270 807 2990270
2998640 451 2998640
3035146 873 3035146
3038172 968 3038172
3045155 169 3045155
3060367 666 3060367
3062307 692 3062307
3069686 345 3069686
3074808 705 3074808
3100200 951 3100200
3112338 296 3112338
3117840 27 3117840
3124453 599 3124453
3128947 51 3128947
3130363 392 3130363
3133736 952 3133736
3134203 130 3134203
3144533 152 3144533
3157669 308 3157669
3182446 405 3182446
3191637 704 3191637
3195003 554 3195003
3197590 660 3197590
3202495 99 3202495
3214728 356 3214728
3217388 138 3217388
3237785 583 3237785
3240011 569 3240011
3242362 181 3242362
3246428 741 3246428
3247364 842 3247364
3254355 717 3254355
3263646 549 3263646
3266698 195 3266698
3279694 40 3279694
3282364 431 3282364
3288246 846 3288246
3296671 64 3296671
3308938 219 3308938
3309461 559 3309461
3311889 335 3311889
3314625 692 3314625
3318137 952 3318137
3329123 423 3329123
3332100 740 3332100
3346299 564 3346299
3356077 963 3356077
3360067 653 3360067
3364962 442 3364962
3375718 570 3375718
3382293 50 3382293
3388395 37 3388395
3401274 364 3401274
3419545 219 3419545
3426758 359 3426758
3428464 688 3428464
3435794 815 3435794
3443898 513 3443898
3454454 762 3454454
3459191 314 3459191
3463519 576 3463519
3504210 417 3504210
3519201 857 3519201
3519438 727 3519438
3520564 885 3520564
3527500 763 3527500
3533595 110 3533595
3539313 770 3539313
3540184 925 3540184
3542241 174 3542241
3549815 388 3549815
3552760 299 3552760
3555100 634 3555100
3562096 224 3562096
3567981 673 3567981
3589536 971 3589536
3593591 369 3593591
3598197 820 3598197
3599372 80 3599372
3605686 517 3605686
3614964 791 3614964
3626166 376 3626166
3627584 634 3627584
3634845 735 3634845
3658846 581 3658846
3664867 696 3664867
3665966 519 3665966
3670726 886 3670726
3695312 150 3695312
3707476 340 3707476
3711479 675 3711479
3744751 425 3744751
3758352 821 3758352
3770126 933 3770126
3774518 847 3774518
3785577 914 3785577
3790131 759 3790131
3796560 602 3796560
3807483 429 3807483
3810172 799 3810172
3820242 80 3820242
3820312 901 3820312
3827809 516 3827809
3831005 849 3831005
3873900 994 3873900
3874922 16 3874922
3898612 142 3898612
3904678 115 3904678
3925085 399 3925085
3943090 449 3943090
3968518 410 3968518
3982390 91 3982390
3983384 157 3983384
3987743 20 3987743
3994413 985 3994413
4008021 696 4008021
4014020 92 4014020
4024781 807 4024781
4027726 101 4027726
4046695 536 4046695
4052237 731 4052237
4052983 212 4052983
4067988 593 4067988
4091185 481 4091185
4100513 529 4100513
4102545 338 4102545
4132659 641 4132659
4148074 699 4148074
4150576 915 4150576
4156523 649 4156523
4159218 794 4159218
4171055 767 4171055
4175064 123 4175064
4195658 892 4195658
4225227 243 4225227
4230617 970 4230617
4265972 737 4265972
4269515 202 4269515
4272679 299 4272679
4286571 635 4286571
4287928 907 4287928
4290878 660 4290878
4302969 715 4302969
4314688 853 4314688
4317506 22 4317506
4344070 298 4344070
4345374 727 4345374
4349751 715 4349751
4359030 386 4359030
4367049 143 4367049
4373504 971 4373504
4383087 705 4383087
4388018 652 4388018
4391153 717 4391153
4396260 69 4396260
4402311 941 4402311
4402969 514 4402969
4406215 360 4406215
4416375 489 4416375
4421027 509 4421027
4425275 269 4425275
4426741 941 4426741
4427935 607 4427935
4434203 150 4434203
4457332 887 4457332
4458498 317 4458498
4465795 594 4465795
4482191 162 4482191
4490984 162 4490984
4496329 392 4496329
4505790 449 4505790
4522489 693 4522489
4524699 176 4524699
4544733 678 4544733
4549622 117 4549622
4549823 841 4549823
4558930 2 4558930
4561195 944 4561195
4587450 298 4587450
4603358 754 4603358
4608018 418 4608018
4608323 351 4608323
4637740 320 4637740
4653178 194 4653178
4660395 664 4660395
4660853 605 4660853
4691370 838 4691370
4692295 193 4692295
4694207 171 4694207
4720684 170 4720684
4730203 370 4730203
4735823 747 4735823
4767840 9 4767840
4772697 418 4772697
4775101 613 4775101
4797073 785 4797073
4843602 527 4843602
4850022 538 4850022
4856264 819 4856264
4860949 886 4860949
4877507 424 4877507
4877855 319 4877855
4879467 423 4879467
4914540 416 4914540
4917499 503 4917499
4955750 787 4955750
4959462 109 4959462
4961093 463 4961093
4968250 676 4968250
4972210 108 4972210
4997567 236 4997567
4998801 769 4998801
5015541 355 5015541
5040559 293 5040559
5042310 122 5042310
5086394 737 5086394
5090011 216 5090011
5110175 522 5110175
5121644 994 5121644
5124943 974 5124943
5126165 75 5126165
5157738 411 5157738
5173469 524 5173469
5181331 805 5181331
5208490 976 5208490
5211968 33 5211968
5222369 704 5222369
5222547 273 5222547
5235578 348 5235578
5235606 48 5235606
5235706 980 5235706
5239186 831 5239186
5240301 272 5240301
5278491 936 5278491
5283187 891 5283187
5284018 209 5284018
5284695 733 5284695
5300686 812 5300686
5303479 672 5303479
5310733 61 5310733
5314137 426 5314137
5327584 680 5327584
5329728 187 5329728
5339437 564 5339437
5375719 269 5375719
5383541 686 5383541
5397341 709 5397341
5398498 457 5398498
5413433 238 5413433
5439063 445 5439063
5440152 555 5440152
5459553 465 5459553
5472881 129 5472881
5477064 595 5477064
5503699 206 5503699
5521138 638 5521138
5530451 287 5530451
5531178 884 5531178
5536157 545 5536157
5537028 803 5537028
5551887 889 5551887
5575924 705 5575924
5576622 934 5576622
5596827 692 5596827
5613703 238 5613703
5619819 843 5619819
5628189 84 5628189
5633095 71 5633095
5642151 538 5642151
5653312 764 5653312
5658551 870 5658551
5675466 857 5675466
5684813 57 5684813
5691352 39 5691352
5700236 754 5700236
5717979 455 5717979
5726608 40 5726608
5732300 343 5732300
5745598 471 5745598
5746494 765 5746494
5748968 280 5748968
5750350 564 5750350
5763063 645 5763063
5775201 345 5775201
5779997 349 5779997
5787276 155 5787276
5833647 222 5833647
5847012 471 5847012
5856645 216 5856645
5859109 755 5859109
5862334 972 5862334
5868443 237 5868443
5869979 394 5869979
5897250 747 5897250
5912881 605 5912881
5917069 790 5917069
5936619 341 5936619
5972481 446 5972481
6001621 994 6001621
6005633 521 6005633
6019744 132 6019744
6026122 15 6026122
6032536 574 6032536
6038668 123 6038668
6082952 633 6082952
6112012 869 6112012
6112568 506 6112568
6125499 790 6125499
6128399 498 6128399
6134172 235 6134172
6136376 848 6136376
6143506 872 6143506
6156867 313 6156867
6158351 596 6158351
6173927 817 6173927
6174808 552 6174808
6182873 967 6182873
6196958 672 6196958
6198210 869 6198210
6200969 381 6200969
6201142 983 6201142
6206378 338 6206378
6211692 593 6211692
6215184 128 6215184
6216918 530 6216918
6233493 593 6233493
6248006 570 6248006
6249753 61 6249753
6265152 301 6265152
6293840 229 6293840
6300137 333 6300137
6312278 481 6312278
6318958 49 6318958
6321507 61 6321507
6336930 871 6336930
6351841 613 6351841
6353493 676 6353493
6390839 176 6390839
6391479 253 6391479
6395790 51 6395790
6411375 680 6411375
6435545 826 6435545
6439493 633 6439493
6449625 755 6449625
6452175 406 6452175
6453633 130 6453633
6454987 466 6454987
6466070 246 6466070
6474335 128 6474335
6477367 473 6477367
6496651 200 6496651
6523206 267 6523206
6557269 224 6557269
6579941 878 6579941
6582593 517 6582593
6595832 490 6595832
6596025 901 6596025
6599850 961 6599850
6600043 396 6600043
6601697 836 6601697
6604701 706 6604701
6611438 641 6611438
6622005 206 6622005
6624698 881 6624698
6624888 637 6624888
6640522 22 6640522
6649320 293 6649320
6658997 886 6658997
6663824 147 6663824
6669064 374 6669064
6672965 848 6672965
6676178 642 6676178
6686637 904 6686637
6686694 905 6686694
6689029 349 6689029
6699930 347 6699930
6717827 583 6717827
6729629 933 6729629
6734825 18 6734825
6737384 71 6737384
6745339 311 6745339
6753585 797 6753585
6774943 83 6774943
6784322 286 6784322
6803152 755 6803152
6825897 573 6825897
6834824 645 6834824
6835383 154 6835383
6837178 399 6837178
6838320 736 6838320
6841920 425 6841920
6844200 269 6844200
6853887 493 6853887
6863380 883 6863380
6866118 165 6866118
6892682 368 6892682
6893027 491 6893027
6897233 661 6897233
6897815 576 6897815
6910733 589 6910733
6918524 579 6918524
6920572 777 6920572
6941478 878 6941478
6943743 429 6943743
6947123 39 6947123
6958374 35 6958374
6966382 219 6966382
6990462 105 6990462
6991659 811 6991659
7005410 189 7005410
7007175 383 7007175
7008097 39 7008097
7012862 103 7012862
7088749 352 7088749
7089791 445 7089791
7091170 597 7091170
7091540 584 7091540
7147314 753 7147314
7181791 465 7181791
7190917 639 7190917
7197607 723 7197607
7206019 731 7206019
7248755 45 7248755
7252659 756 7252659
7252754 805 7252754
7253047 31 7253047
7261704 789 7261704
7267777 667 7267777
7274110 92 7274110
7281700 738 7281700
7293178 409 7293178
7299267 45 7299267
7317576 269 7317576
7344526 910 7344526
7346287 338 7346287
7355363 239 7355363
7360375 995 7360375
7361790 248 7361790
7366114 48 7366114
7369312 274 7369312
7380638 966 7380638
7396040 845 7396040
7419368 594 7419368
7420463 255 7420463
7422373 798 7422373
7441690 133 7441690
7446251 68 7446251
7459450 247 7459450
7460695 703 7460695
7465218 432 7465218
7477030 117 7477030
7500262 915 7500262
7519832 798 7519832
7520042 982 7520042
7533178 376 7533178
7556320 466 7556320
7578769 712 7578769
7584170 827 7584170
7598262 252 7598262
7599725 416 7599725
7601456 560 7601456
7612686 242 7612686
7626634 436 7626634
7630391 490 7630391
7631813 990 7631813
7632506 627 7632506
7635193 500 7635193
7637709 919 7637709
7638294 849 7638294
7647253 128 7647253
7647955 366 7647955
7663601 992 7663601
7671278 880 7671278
7675132 232 7675132
7679029 836 7679029
7687072 663 7687072
7696586 605 7696586
7704264 135 7704264
7705585 64 7705585
7717988 644 7717988
7721975 589 7721975
7732455 816 7732455
7733862 128 7733862
7738030 563 7738030
7740725 535 7740725
7741415 890 7745464
7758164 688 7758164
7759297 915 7760858
7772063 376 7772407
7794016 432 7794016
7801069 556 7801069
7827533 416 7827533
7831859 7 7831859
7844486 875 7844486
7865024 279 7865024
7866245 870 7866245
7871759 460 7871759
7881228 668 7885883
7883598 144 7897412
7894210 643 7899668
7895735 987 7911752
7923379 353 7923379
7924160 882 7930131
7932670 943 7956598
7936785 670 7987827
7940360 611 7996245
7950630 785 7999095
7965975 165 8003947
7972109 83 8005510
7972677 67 8006639
7976851 639 8039004
7993052 843 8053838
7995281 12 8076126
7996929 561 8080523
7998790 701 8083113
7999089 552 8096617
8011923 599 8115040
8015310 522 8129629
8017163 211 8150522
8038944 241 8173079
8040135 29 8175128
8043621 836 8183088
8054493 574 8201979
8059212 660 8205402
8060786 758 8208170
8067003 998 8208679
8072773 686 8215460
8075522 411 8217214
8089132 315 8233141
8121147 76 8238748
8130726 108 8242256
8135568 826 8254663
8142052 678 8287098
8169452 332 8294616
8180691 748 8305597
8185344 313 8310731
8200985 901 8316707
8203195 949 8320300
8206471 412 8324984
8207703 795 8359669
8213862 693 8364689
8217392 269 8372639
8269574 37 8380746
8271948 647 8389209
8322731 238 8400936
8334771 765 8411740
8341863 918 8420981
8352171 632 8453076
8360609 500 8464795
8367623 457 8466688
8381383 560 8494142
8389323 729 8500506
8416525 918 8501016
8421622 286 8505158
8422345 186 8508876
8436159 430 8516272
8436559 54 8519789
8440365 799 8525814
8442855 660 8552900
8442914 297 8574829
8452277 611 8581616
8463505 336 8582488
8466482 521 8587606
8468680 978 8613853
8480241 568 8627885
8486383 185 8628384
8490057 881 8634040
8503308 429 8640245
8515807 909 8645334
8516449 402 8645658
8529474 646 8646563
8554487 479 8651720
8559123 834 8657741
8567652 827 8673495
8577569 612 8681965
8592322 144 8683066
8596317 537 8690005
8598016 655 8693688
8609781 16 8696852
8610684 144 8709444
8612972 442 8726099
8621287 4 8726605
8641788 405 8727956
8654257 174 8731105
8668566 248 8769810
8669619 436 8775391
8672725 39 8788279
8672981 183 8822058
8686149 385 8822322
8694346 86 8825639
8704503 878 8830735
8708439 191 8836483
8718825 775 8851464
8726669 834 8855269
8727730 29 8868873
8733941 994 8871975
8746607 438 8879502
8750011 472 8905121
8756601 215 8907640
8781329 436 8936141
8786977 263 8943587
8836091 610 8947699
8846357 281 8948169
8857018 87 8952011
8871019 296 8970767
8872528 83 8988768
8875045 252 8994421
8882773 189 8999684
8886211 653 9000424
8908114 517 9013546
8917639 503 9030105
8941029 178 9035699
8952470 716 9049689
8968095 346 9054929
8972631 744 9059990
8975912 10 9078485
8993091 696 9082373
9028227 415 9109576
9041228 66 9114915
9057570 441 9130483
9058674 35 9135259
9062244 863 9141815
9066598 687 9148061
9074655 203 9159349
9089232 508 9160373
9096805 847 9178847
9109377 69 9189735
9117755 398 9191780
9124942 828 9206770
9138926 35 9207167
9140782 847 9210372
9151446 58 9214045
9166602 548 9219034
9175853 348 9253325
9180226 21 9266091
9188647 372 9276744
9199475 7 9282271
9211601 191 9295499
9217577 928 9319245
9220240 165 9334350
9223998 202 9337294
9228605 679 9348038
9241600 73 9353345
9242176 945 9355996
9243562 567 9374769
9255057 892 9390323
9258015 546 9393505
9289153 822 9400931
9292685 543 9424287
9294532 16 9448272
9297584 550 9448921
9301707 480 9451596
9303429 59 9456521
9347859 674 9461579
9348346 504 9463652
9352765 244 9465075
9388550 718 9470805
9395279 960 9473545
9399082 263 9481173
9400656 916 9483696
9415645 307 9484491
9417381 801 9497327
9421294 669 9498751
9425105 768 9518385
9437773 856 9522715
9495256 465 9524310
9496218 249 9529527
9503811 597 9535902
9505708 941 9539389
9508040 124 9545539
9548122 490 9555675
9557186 54 9558617
9566603 919 9566603
9581680 216 9581680
9614427 815 9614427
9643978 587 9643978
9661914 773 9661914
9670586 366 9670586
9679347 752 9679347
9696328 535 9696328
9701889 476 9701889
9707214 447 9707214
9708826 618 9708826
9712525 748 9712525
9715944 10 9715944
9720396 179 9720396
9730375 970 9730375
9740018 477 9740018
9740082 523 9740082
9744999 551 9744999
9762510 537 9762510
9769654 302 9769654
9774616 114 9785100
9779307 608 9795388
9809061 786 9821568
9811714 374 9823155
9812780 258 9825179
9814663 937 9825225
9845562 495 9845562
9852389 654 9852389
9868320 737 9868320
9870852 171 9870852
9879662 823 9879662
9937402 17 9937402
9952172 250 9952172
9953115 947 9953115
9974240 865 9974240
9978013 372 9978013
9979635 847 9979635
9980559 306 9980559
9986893 541 9986893
9989054 661 9989054
9989431 195 9989431
9992353 873 9992353
9992397 51 9992397
9998108 986 9998108
