1000 999
832 256 3
933 712 7
714 676 7
583 189 1
954 75 1
37 204 4
299 570 1
266 8 5
567 617 0
668 358 2
647 142 6
682 389 3
6 344 7
566 778 8
248 274 0
614 206 7
727 522 4
444 511 7
76 147 2
688 358 6
634 633 3
242 788 5
772 47 4
749 530 6
505 440 1
99 740 4
638 465 7
569 222 5
608 586 7
729 525 1
274 462 5
880 557 1
373 174 3
522 379 8
980 619 0
360 412 4
913 673 2
182 748 3
96 26 0
805 822 2
516 160 5
587 322 5
763 661 5
456 540 7
983 88 2
325 897 0
502 126 0
366 283 3
903 80 5
91 237 6
915 305 0
432 106 0
96 266 3
452 179 6
520 205 5
850 632 2
302 86 2
617 898 8
972 120 2
4 463 4
649 144 7
860 921 3
155 340 0
787 130 0
701 659 0
302 425 1
144 127 5
709 622 3
270 698 2
550 214 3
354 400 7
388 699 6
349 20 5
905 763 1
479 576 5
244 101 6
327 584 8
436 975 5
323 769 6
463 980 3
219 102 4
941 908 7
651 380 7
552 741 0
311 688 1
85 369 7
352 142 5
846 356 1
988 521 6
294 682 3
17 96 0
360 2 3
509 297 2
527 669 4
31 886 8
349 662 1
62 423 0
26 990 4
145 861 4
357 406 0
166 447 3
514 190 1
469 955 8
602 134 4
642 721 2
671 762 2
487 476 3
101 881 5
744 88 1
813 931 3
337 796 4
10 891 6
718 452 1
39 581 6
327 741 6
518 810 6
190 776 3
984 524 6
55 714 0
908 17 4
777 766 0
387 639 4
563 145 8
327 1000 2
568 328 0
882 935 3
765 958 0
45 758 2
936 839 2
977 416 5
830 490 3
794 556 0
552 523 7
103 99 5
852 642 5
166 648 1
418 737 5
720 771 8
351 7 6
261 953 7
408 856 7
823 175 2
253 529 0
746 485 6
659 934 3
428 628 3
38 259 4
115 517 8
728 156 7
271 226 7
411 940 7
914 995 3
665 155 2
184 19 7
890 593 0
992 580 5
875 57 7
620 939 2
74 435 8
466 627 8
108 26 0
312 254 6
826 849 1
332 296 8
573 779 0
626 591 0
911 73 0
302 706 1
343 681 8
747 207 4
752 630 5
618 379 6
193 984 1
16 19 4
752 149 5
361 316 7
778 721 6
194 810 7
165 79 4
138 469 6
696 326 0
571 585 5
883 967 4
448 979 4
76 395 2
741 95 1
437 929 0
170 324 6
779 18 5
506 288 2
750 697 5
281 805 1
690 876 7
201 77 2
667 996 8
844 458 2
284 645 8
149 545 4
409 658 0
185 835 1
503 848 4
88 926 7
93 666 7
514 881 8
330 495 5
976 230 0
240 714 6
367 605 7
133 349 0
973 400 0
200 457 4
266 888 1
303 180 3
792 678 2
664 906 8
806 836 1
716 650 3
637 863 1
368 259 2
922 219 8
486 243 6
163 498 6
991 900 3
145 831 7
820 85 7
742 721 7
452 913 0
218 696 1
911 372 4
840 279 3
370 153 4
503 730 6
719 481 1
783 805 1
5 872 5
970 27 6
833 397 2
712 853 6
707 492 3
932 169 4
175 145 2
922 386 2
709 741 1
166 874 6
732 317 2
402 614 2
331 192 2
422 496 5
276 933 5
729 970 4
548 592 6
585 317 7
2 598 5
193 793 5
527 462 7
437 755 3
535 997 7
518 370 1
417 762 3
171 134 1
602 508 2
854 66 1
297 384 2
755 612 5
155 191 6
507 527 7
572 638 4
811 973 3
918 815 8
350 112 3
548 884 2
399 199 7
482 208 6
454 194 2
765 110 4
449 467 4
685 852 4
272 156 8
883 32 8
376 444 8
24 439 0
10 806 4
787 362 1
80 747 6
862 907 8
12 835 7
285 594 0
900 443 8
822 256 2
254 81 0
512 993 4
63 123 3
196 88 8
516 221 4
466 546 4
161 591 0
863 607 8
695 69 5
188 46 5
610 800 6
309 632 7
754 662 1
585 172 5
81 866 1
725 2 8
193 369 2
55 347 0
426 4 8
603 506 6
873 474 5
946 326 8
771 43 3
634 365 6
931 491 0
925 488 5
377 352 5
749 662 0
519 757 3
687 236 5
465 611 1
794 499 4
878 400 8
61 787 3
190 770 7
484 477 4
692 114 0
851 233 1
144 300 4
964 947 6
494 737 4
340 511 7
722 939 2
798 880 4
930 184 7
539 44 2
876 680 8
498 306 1
67 891 8
104 508 0
193 574 1
320 632 8
408 553 6
453 203 1
355 588 2
909 134 4
486 631 7
227 775 1
140 463 5
295 670 0
471 431 0
931 455 5
200 734 3
605 596 5
5 334 3
40 64 1
357 640 1
716 597 6
941 308 0
111 876 6
298 82 8
717 132 6
571 678 3
624 603 5
176 749 1
130 603 7
831 134 8
623 489 6
286 267 4
986 539 2
567 18 7
130 262 3
287 833 1
33 158 4
515 622 6
546 919 5
364 584 5
600 72 0
885 500 1
358 955 1
82 97 6
508 789 7
845 749 8
333 771 7
92 404 7
329 927 5
128 333 5
332 468 8
675 958 7
389 480 5
138 422 0
649 390 1
301 717 3
919 257 0
215 759 1
255 257 7
371 694 2
414 471 7
24 172 1
318 454 1
506 106 1
544 808 4
470 963 8
74 63 1
808 896 5
882 978 2
408 562 4
537 328 1
830 438 1
739 118 1
515 560 0
979 411 1
692 435 4
871 154 0
674 768 3
341 453 8
139 825 1
385 719 0
943 197 0
951 43 1
167 733 2
844 496 1
564 246 2
109 312 1
378 725 5
583 693 5
269 12 2
57 636 7
831 713 1
168 272 3
576 600 3
904 23 1
50 774 8
572 894 0
509 122 8
773 398 3
674 877 5
374 87 2
780 713 1
617 29 3
51 884 8
978 889 0
677 616 4
969 995 0
702 611 5
773 872 4
767 991 1
433 240 0
484 546 1
578 961 8
610 113 3
162 80 0
48 623 2
985 583 4
775 477 3
53 119 5
942 220 5
24 578 8
635 54 5
865 542 4
345 406 0
450 999 1
914 726 8
239 345 0
101 391 3
419 818 8
989 937 0
743 434 8
223 470 1
437 691 1
477 652 5
727 263 0
762 644 7
418 768 6
188 334 3
686 648 5
604 908 3
375 621 3
690 371 7
430 753 6
275 8 7
289 445 8
16 937 5
473 62 1
92 660 8
887 901 7
338 394 6
616 89 8
814 399 5
561 971 2
256 471 7
197 514 5
628 949 7
551 371 2
73 740 8
337 924 0
578 851 3
520 767 5
820 56 3
122 139 1
315 661 1
246 538 7
142 828 4
406 519 0
496 383 7
528 535 7
810 89 7
857 95 5
501 893 8
863 407 2
855 279 2
295 267 6
350 745 2
215 248 6
575 152 5
206 700 0
47 421 3
651 164 2
429 668 2
47 69 8
979 94 3
779 671 7
895 404 6
513 948 8
699 915 3
338 656 7
517 594 2
107 749 7
371 747 1
169 141 8
148 490 2
440 716 2
468 213 4
965 262 8
562 241 1
744 998 5
838 628 0
158 361 0
152 986 2
245 76 2
825 295 5
702 968 3
53 468 2
955 73 8
124 467 0
223 739 3
360 475 4
486 973 3
803 292 6
735 993 3
769 78 4
313 628 1
13 396 5
537 143 5
951 206 7
704 415 5
754 363 8
830 208 5
821 182 8
619 23 6
841 945 3
531 693 2
250 543 4
751 909 4
355 299 3
974 18 2
689 382 3
272 418 1
71 330 0
76 205 4
506 58 4
217 633 8
450 588 7
410 338 6
863 375 1
398 689 0
500 410 1
315 654 0
945 745 5
52 952 0
648 25 1
474 262 7
41 220 3
573 672 3
532 274 4
991 150 4
284 224 1
278 740 8
882 509 4
216 49 1
609 601 6
989 879 7
679 41 8
962 521 4
547 215 4
952 537 8
302 774 0
435 472 2
126 807 6
116 30 1
273 802 4
716 651 0
498 334 8
725 698 5
372 434 3
934 150 0
559 173 2
466 517 1
723 364 1
565 464 2
136 783 4
971 476 2
634 198 8
357 331 8
135 469 7
872 464 6
290 178 7
476 478 0
251 416 1
624 259 8
360 956 2
878 722 8
320 982 8
165 159 0
527 98 6
288 824 7
754 367 8
319 516 4
795 886 2
46 928 3
684 727 1
81 380 3
90 9 3
137 976 5
226 615 0
557 555 4
534 797 3
674 403 5
996 230 1
669 60 0
906 427 5
460 462 4
193 318 7
261 781 1
867 77 1
136 368 7
544 616 3
545 335 2
18 337 2
864 21 2
375 732 3
792 537 3
464 827 4
819 115 2
519 379 1
316 987 7
664 508 6
951 477 6
168 703 4
812 782 6
480 869 3
788 984 0
756 228 2
611 208 5
293 982 0
110 482 4
144 526 0
202 71 2
300 181 6
745 265 7
866 777 6
207 865 5
493 106 2
711 308 1
456 784 3
801 253 3
829 45 8
764 228 2
19 494 0
135 856 6
209 795 7
116 409 4
29 890 2
516 430 7
912 218 3
675 892 5
943 858 8
938 515 2
339 560 0
58 846 3
84 400 3
129 81 0
905 972 2
187 812 3
390 420 3
54 868 7
184 28 4
250 453 1
947 743 8
2 912 8
726 390 2
215 595 6
247 49 5
832 201 0
68 735 7
241 125 3
687 586 4
252 348 7
277 598 5
135 14 2
724 751 5
48 559 4
397 268 4
882 646 2
67 167 4
982 803 4
847 441 1
146 579 7
536 717 3
111 61 1
691 79 3
445 790 7
676 313 3
736 342 6
989 350 4
577 626 0
855 25 1
476 736 4
289 926 2
881 691 5
399 890 5
182 958 3
527 352 5
384 105 5
461 313 7
766 42 4
262 999 8
959 663 8
719 32 6
196 899 6
12 310 7
97 120 7
178 648 1
191 666 7
553 941 3
216 663 3
702 421 0
353 392 0
330 768 3
180 25 8
931 967 2
476 57 5
238 286 1
704 282 7
346 831 3
118 234 6
778 76 2
842 908 7
630 307 3
551 548 8
807 21 3
502 653 6
88 401 3
488 973 7
109 224 5
53 174 6
954 910 8
536 769 5
898 504 2
718 703 0
83 100 8
271 609 7
409 549 0
283 553 1
315 254 8
413 750 3
857 569 3
443 35 2
818 497 3
789 577 0
717 957 4
460 946 8
247 126 2
238 761 2
707 434 0
442 382 0
629 849 6
263 282 4
843 177 4
627 454 3
869 790 1
572 932 0
641 269 7
150 853 7
380 738 4
657 470 5
988 836 7
505 348 4
262 797 0
708 237 0
563 829 5
232 847 1
214 265 7
772 791 2
36 989 7
483 28 5
387 439 0
916 343 4
296 349 5
7 923 4
839 358 0
86 157 0
446 551 4
385 710 3
858 950 3
902 841 6
121 24 1
589 454 4
638 886 5
411 260 6
551 994 8
697 506 8
102 766 4
207 862 6
521 115 7
93 825 5
405 195 2
325 793 6
281 59 3
948 594 7
590 503 4
790 817 3
567 975 5
459 735 4
291 19 4
580 564 3
829 676 0
320 794 1
586 705 5
452 581 2
578 809 5
17 342 0
526 397 0
579 860 8
837 706 0
961 9 1
178 27 5
127 273 3
510 101 4
91 862 8
621 381 6
344 758 0
735 378 3
161 131 5
220 273 0
557 533 1
376 923 7
577 405 3
766 655 7
977 372 3
956 322 7
509 117 7
600 30 6
123 534 7
225 280 6
815 613 3
211 789 2
135 870 1
352 289 7
568 785 1
932 296 4
170 852 6
395 261 5
22 954 0
137 847 2
633 884 8
113 687 2
284 731 2
629 541 6
23 118 6
704 424 3
558 880 0
132 304 4
210 610 6
351 993 8
250 961 0
602 834 5
77 715 5
855 944 3
880 804 3
380 801 5
587 137 0
867 151 2
235 554 5
579 682 4
202 143 1
925 162 1
982 331 0
220 816 7
362 158 0
615 570 3
908 960 5
174 559 3
22 667 4
12 100 1
478 314 2
840 406 8
424 501 6
329 833 1
535 795 1
225 253 5
799 512 8
892 920 0
196 423 0
235 759 1
37 271 2
160 557 5
868 911 1
764 1 6
892 717 3
953 66 7
249 387 0
423 987 7
47 229 5
643 138 2
986 403 2
187 181 0
826 917 5
109 451 4
769 163 6
374 149 2
463 558 6
154 803 2
557 1 1
168 101 6
353 796 2
143 182 2
242 590 8
374 889 2
101 582 3
34 293 1
981 610 5
252 781 7
887 757 0
627 576 2
576 58 6
562 3 1
394 378 5
786 991 8
842 523 1
13 518 5
84 124 8
849 321 4
990 212 4
825 65 1
390 396 8
124 625 8
186 508 6
9 417 0
260 140 7
538 308 6
701 238 8
203 264 2
973 160 0
385 569 6
532 840 0
393 560 4
92 226 1
167 45 2
217 818 3
599 978 4
255 918 3
70 942 4
73 978 1
606 430 4
564 966 1
336 300 7
995 699 1
487 12 1
705 585 7
702 164 0
258 874 4
843 110 3
683 460 0
190 859 5
996 183 7
15 766 8
494 189 4
789 485 5
541 567 8
64 376 0
452 457 5
769 11 0
916 645 0
807 191 1
784 292 4
760 515 0
425 783 8
359 535 1
911 231 6
1000
1369 937 1826
1748 698 2312
2003 795 2353
2286 691 3031
2610 735 4090
4797 802 4797
5124 352 5124
5274 504 5274
5458 692 6376
5932 775 7317
6643 356 9146
7390 711 10332
8027 179 10831
8957 453 13790
8981 53 14376
9152 206 15911
9296 163 16840
10482 601 17539
11743 751 17933
13910 297 18040
14427 925 19865
16286 218 23047
17384 257 23319
19766 207 25565
20578 410 27165
22851 436 27235
24355 255 28671
24755 653 28728
25711 69 29755
32117 754 32117
33422 847 33422
33897 942 34207
35369 863 35450
35980 262 35980
37339 329 37339
37431 191 37690
37851 931 38966
38168 178 39091
38402 594 39520
39439 783 39803
39978 723 40138
40135 107 42278
41513 295 42298
41858 447 45023
44721 288 46124
49610 354 49610
49621 284 49621
50399 64 50399
50789 858 50789
51555 970 51555
51597 957 51626
53145 843 53145
54241 864 54241
54545 327 54545
54560 888 55869
57557 186 57557
58517 419 58517
58775 155 58775
59683 159 59683
60813 123 60813
61680 780 62788
61712 335 64108
61879 562 64201
62450 928 64919
62863 185 65839
63582 315 69091
63795 371 69210
63970 88 69757
64215 192 69898
66753 2 72435
68817 114 74011
69090 224 74253
69756 760 75056
70167 778 76307
70333 848 77154
71927 753 77831
72006 228 79186
72010 90 79262
73566 406 79738
75080 954 82430
75274 800 83697
75750 72 85461
76681 274 86354
76708 872 86785
78119 566 87559
78131 562 87562
78420 784 89549
79507 235 90748
79713 389 92037
80922 30 92867
82549 945 93059
85127 711 93673
86984 145 94680
89607 243 95388
90524 815 97057
91408 258 97688
91820 472 99141
92113 468 99829
92838 567 102708
92862 444 103609
93368 154 103739
95877 674 104076
96048 235 107404
97173 738 107450
97650 360 108779
100054 853 109371
100745 479 109708
102122 259 110382
105709 293 110517
105756 804 111836
106735 741 112551
107584 240 114014
108677 802 115368
109774 941 115372
110359 317 116722
111279 966 116947
111906 177 117346
112280 243 119267
113558 46 120064
115061 890 121052
116100 29 122091
117168 642 122362
118251 763 122441
119420 202 122590
119894 378 123570
121155 282 124172
121537 605 124941
122350 357 125166
122716 431 125590
123959 503 125814
124044 84 127285
125438 875 128111
127636 477 128378
130941 89 130941
132023 232 132023
132163 393 132163
132551 906 132551
133806 44 135662
136149 998 136149
136438 840 136438
139793 560 139793
140017 126 140017
141976 803 141976
144776 949 144776
144844 502 144844
144853 60 144853
146049 124 146049
147427 905 147427
148302 345 148302
148559 495 148559
148957 343 148957
150936 99 150936
151028 758 151028
152234 821 152234
152312 541 152312
152650 574 152650
152924 950 152924
153344 735 153344
153576 615 154060
154316 454 155423
154819 225 155777
156439 300 157140
159446 175 162052
161853 284 163204
163671 126 164616
164980 339 165321
165826 888 166199
166664 772 166664
168196 526 168196
168328 356 168328
168736 820 168736
168879 681 171032
170474 389 171575
171647 523 172415
172759 783 172905
173857 624 173857
175879 996 175879
176490 546 176490
179281 454 179281
179745 13 179745
182593 267 182593
184938 819 184938
185163 51 185163
185348 976 185348
186067 779 186067
186315 12 186315
188851 761 188851
190029 768 190029
190706 554 190706
191487 315 191487
192017 921 192017
192052 87 192052
192299 934 192299
195382 740 195382
196077 651 196077
198021 376 198021
200580 379 200580
200825 568 200825
201422 129 201422
202202 458 202202
202443 325 202443
202968 598 202968
203032 704 203032
203494 414 203494
206037 122 206037
206737 866 206737
207472 789 207472
208661 433 208661
209260 761 209260
209669 509 209669
210791 485 210791
212488 140 212488
212575 592 212575
212823 916 212823
213412 985 213412
214264 342 214264
214296 543 214296
214838 727 214838
215954 533 215954
216068 207 216068
216526 454 216526
216924 585 216924
216968 206 216968
217258 972 217258
217260 85 217260
219729 497 219729
220166 960 220166
221708 635 221708
221763 805 221763
224792 135 224792
225434 94 225434
226002 734 226002
227053 384 227053
228531 507 228531
228765 172 228765
230240 75 230240
232053 932 232053
232981 526 232981
234676 745 234676
235567 48 235567
236779 865 236779
237095 63 237095
238360 305 238360
239074 769 239074
239363 504 239363
242974 665 242974
243754 882 243754
245763 632 245763
247149 324 247149
248538 675 248538
252515 999 252515
253411 638 253411
253583 900 253583
254433 886 254433
255048 588 255048
256188 381 256188
256384 930 256384
257761 178 257761
260089 793 260089
260110 972 260110
260649 904 260649
261067 112 261067
262584 934 262584
263086 965 263086
265015 105 265015
266528 961 266528
269794 668 269794
270341 573 270341
270402 571 270402
271011 179 271011
276849 306 276849
277041 37 277041
280976 926 280976
282000 715 282000
283519 296 283519
285008 412 285008
285720 972 285720
286553 366 286553
287341 332 287341
288896 295 288896
290299 119 290299
292092 691 292092
292531 922 292531
292589 972 292589
293898 65 293898
293939 579 293939
293968 112 293968
294257 16 294257
295254 725 295254
295297 762 295297
295472 71 295472
295772 114 295772
300478 889 300478
300863 467 300863
300877 926 300877
300921 112 300921
301410 420 301410
302921 198 302921
303099 868 303099
303466 932 303466
304093 269 304093
304219 105 304219
305981 217 305981
306368 98 306368
307257 492 307257
307739 851 307739
309196 874 309196
309416 666 309416
313351 214 313351
313666 563 313666
314754 477 314754
314950 345 314950
315662 833 315662
316738 123 316738
317247 751 317247
318671 115 318671
318935 301 318935
319424 535 319424
319598 260 319598
320138 171 320138
320296 647 320296
321928 882 321928
322041 321 322041
323078 717 323078
323555 923 323555
324809 554 324809
325569 498 325569
326931 341 326931
327513 505 327513
328355 390 328355
329186 436 329186
330403 528 330403
330802 853 330802
333245 801 333245
333748 13 333748
335315 387 335315
335511 214 335511
336722 152 336722
337071 24 337071
337657 754 337657
338513 968 338513
340262 63 340262
340290 762 340290
341550 852 341550
344285 290 344285
348977 442 348977
349552 815 349552
349717 744 349717
350257 955 350257
351256 990 351256
353399 692 353399
354159 870 354159
354170 989 354170
354336 723 354336
355249 767 355249
355688 464 355688
358387 300 358387
358799 930 358799
360652 425 360652
360669 841 360669
361911 599 361911
363110 841 363110
366242 852 366242
368067 830 368067
374369 933 374369
374608 371 374608
374728 169 374728
375202 18 375202
376624 692 376624
377006 725 377006
378123 130 378123
378596 445 378596
379252 567 379252
379878 283 379878
380707 618 380707
381992 731 381992
383479 415 383479
384193 317 384193
384425 283 384425
386841 503 386841
387930 970 387930
387976 617 387976
391394 449 391394
392526 535 392526
395317 835 395317
396491 799 396491
397415 464 397415
397860 857 397860
398688 47 398688
400916 127 400916
403431 988 403431
404284 76 404284
404692 29 404692
404825 871 404825
405222 123 405222
405875 782 405875
406618 245 406618
406638 563 406638
408143 905 408143
408155 989 408155
410724 243 410724
410901 2 410901
413147 133 413147
413455 267 413455
413820 376 413820
414712 928 414712
415489 351 415489
416909 585 416909
418111 16 418111
418589 116 418589
418692 326 418692
419227 622 419227
419368 992 419368
420065 161 420065
421570 192 421570
422111 452 422111
425740 415 425740
425885 938 425885
426568 631 426568
426726 873 426726
428601 104 428601
430558 695 430558
433224 493 433224
433334 656 433334
433992 208 433992
435276 342 435276
435688 523 435688
436339 660 436339
436547 777 436547
437748 667 437748
438486 441 438486
440473 692 440473
441406 504 441406
442020 374 442020
442045 137 442045
443560 461 443560
444658 692 444658
445377 110 445377
445535 698 445535
445574 271 445574
446266 396 446266
446392 918 446392
448074 381 448074
448839 686 448839
450418 65 450418
451754 483 451754
452004 301 452004
452064 634 452064
453518 748 453518
453749 143 453749
454058 348 454058
455806 255 455806
455858 957 455858
457590 198 457590
458792 233 458792
459023 582 459023
459175 762 459175
460580 891 460580
461596 96 461596
461789 808 461789
462878 774 462878
462991 192 462991
463671 926 463671
463738 449 463738
464297 740 464297
464371 62 464371
465138 283 465138
465560 153 465560
465908 302 465908
466766 623 466766
467502 329 467502
467573 840 467573
469097 125 469097
469109 877 469109
470878 828 470878
472482 29 472482
472776 710 472776
473676 525 473676
473872 366 473872
475644 446 475644
477788 758 477788
478398 410 478398
478490 97 478490
478904 89 478904
479311 725 479311
479448 319 479448
480545 608 480545
480625 329 480625
481022 865 481022
485439 374 485439
486584 318 486584
489684 219 489684
491575 972 491575
492564 962 492564
494721 417 494721
494934 177 494934
496335 155 496335
496379 804 496379
496756 693 496756
497753 295 497753
497926 896 497926
499079 703 499079
499235 948 499235
499619 506 499619
499891 503 499891
500669 129 500669
501946 196 501946
502912 763 502912
504720 618 504720
505289 864 505289
506440 466 506440
506526 322 506526
507756 665 507756
508354 848 508354
509966 948 509966
510521 867 510521
510983 767 510983
510991 123 510991
515666 990 515666
515940 815 515940
516489 816 516489
517031 157 517031
517346 777 517346
518612 945 518612
519658 616 519658
519968 937 519968
520166 176 520166
520453 260 520453
520763 489 520763
522884 956 522884
523489 174 523489
525103 175 525103
525322 293 525322
532564 402 532564
532594 132 532594
533306 865 533306
533399 470 533399
533570 75 533570
539447 780 539447
539729 206 539729
541285 694 541285
543150 881 543150
543182 234 543182
543183 740 543183
545760 255 545760
548073 695 548073
549824 139 549824
550238 230 550238
550247 285 550247
550318 133 550318
550337 41 550337
554110 595 554110
556224 561 556224
556231 575 556231
560322 807 560322
561203 347 561203
561425 865 561425
561563 469 561563
561755 985 561755
562363 547 562363
563314 203 563314
563508 914 563508
565606 696 565606
565963 155 565963
568270 200 568270
569714 71 569714
570135 811 570135
570866 288 570866
572672 438 572672
572864 356 572864
573431 467 573431
574257 63 574257
575427 289 575427
580532 323 580532
582028 934 582028
583362 29 583362
583423 937 583423
584156 448 584156
584926 798 584926
586352 468 586352
586430 552 586430
587905 410 587905
590856 967 590856
590974 561 590974
591290 976 591290
592525 128 592525
596269 530 596269
597949 100 597949
598098 849 598098
598319 971 598319
598987 248 598987
600441 26 600441
600691 596 600691
601721 963 601721
601859 49 601859
608649 244 608649
609390 219 609390
610051 2 610051
610424 71 610424
610804 359 610804
614972 725 614972
616275 742 616275
616329 845 616329
617205 751 617205
617925 490 617925
619100 654 619100
619112 436 619112
620931 592 620931
623804 7 623804
626409 7 626409
626807 170 626807
626973 310 626973
627589 998 627589
628767 963 628767
630994 287 630994
631200 209 631200
633082 596 633082
633126 473 633126
633673 731 633673
633889 444 633889
634255 885 634255
634422 238 634422
635133 575 635133
636096 223 636096
636175 367 636175
638610 755 638610
640356 283 640356
640852 503 640852
641999 355 641999
642238 190 642238
642796 407 642796
643158 427 643158
644491 669 644491
645197 48 645197
645598 50 645598
645669 353 645669
646783 806 646783
647890 468 647890
647891 927 647891
648153 385 648153
648521 18 648521
649656 792 649656
650492 263 650492
651544 481 651544
652390 900 652390
653537 860 653537
654251 25 654251
654449 290 654449
655271 917 655271
655513 29 655513
656079 380 656079
656472 799 656472
656832 835 656832
657410 180 657410
660334 920 660334
660662 450 660662
663305 468 663305
663852 118 663852
665843 930 665843
667728 700 667728
668949 226 668949
669115 232 669115
670813 902 670813
672010 377 672010
672103 74 672103
674543 24 674543
675867 510 675867
676165 604 676165
676928 883 676928
678234 523 678234
679658 755 679658
681254 159 681254
681452 175 681452
681908 860 681908
682343 905 682343
683291 615 683291
683303 180 683303
684637 37 684637
686624 67 686624
687446 71 687446
687472 239 687472
688948 423 688948
689725 966 689725
690726 537 690726
690777 238 690777
691070 305 691070
691084 399 691084
693209 367 693209
693536 424 693536
694257 792 694257
695696 928 695696
696889 348 696889
697016 715 697016
697851 169 697851
698753 146 698753
700706 427 700706
702676 347 702676
703504 647 703504
703796 594 703796
707448 306 707448
708415 627 708415
713621 692 713621
713823 695 713823
714094 742 714094
714153 795 714153
715760 438 715760
718072 350 718072
718615 10 718615
719645 460 719645
719928 603 719928
720766 981 720766
721949 154 721949
722367 250 722367
722485 164 722485
723210 361 723210
727922 506 727922
729294 225 729294
730932 826 730932
734247 617 734247
735609 594 735609
735763 44 735763
737593 781 737593
738288 688 738288
739118 927 739118
741237 679 741237
743464 921 743464
745247 930 745247
749137 930 749137
750079 711 750079
751559 85 751559
753438 123 753438
753630 157 753630
753764 112 753764
754378 508 754378
754682 755 754682
754804 394 754804
755969 68 755969
756388 607 756388
757870 935 757870
758261 544 758261
759342 349 759342
759562 482 759562
759752 413 759752
761174 643 761174
761229 78 761229
762990 827 762990
765176 902 765176
765719 279 765719
766653 449 766653
767142 764 767142
767506 948 767506
769688 757 769688
769767 590 769767
769969 441 769969
770769 838 770769
772527 61 772527
773138 166 773138
774658 720 774658
774784 574 774784
776635 321 776635
777168 587 777168
777386 716 777386
780709 135 780709
781033 743 781033
782906 383 782906
783921 934 783921
784094 44 784094
785710 65 785710
785994 998 785994
789779 79 789779
789814 835 789814
790468 271 790468
791142 414 791142
791838 364 791838
792859 708 792859
793660 400 793660
793766 290 793766
794187 442 794187
795407 732 795407
797613 564 797613
798065 723 798065
798131 677 798131
798141 698 798141
798866 989 798866
799201 254 799201
799389 858 799389
800062 144 800062
800421 818 800421
800560 755 800560
800779 928 800779
804911 525 804911
806013 718 806013
809118 252 809118
809664 188 809664
809824 226 809824
810058 885 810058
810689 683 810689
811515 418 811515
813945 944 813945
813963 702 813963
814802 242 814802
815780 997 815780
815799 317 815799
816130 742 816130
816786 89 816786
816848 138 816848
817753 713 817753
819867 432 819867
820481 230 820481
821588 875 821588
822818 941 822818
823638 403 823638
825843 678 825843
827515 363 827515
831377 136 831377
831733 717 831733
831999 818 831999
832078 256 832078
833209 258 833209
835000 330 835000
835489 949 835489
836168 226 836168
838286 717 838286
838848 959 838848
839410 977 839410
839517 405 839517
840105 756 840105
841055 687 841055
841652 828 841652
841783 52 841783
842328 445 842328
842672 191 842672
842778 882 842778
845610 697 845610
845893 754 845893
846119 782 846119
846128 730 846128
846500 409 846500
848121 563 848121
849597 362 849597
853037 894 853037
853730 74 853730
853735 295 853735
854339 318 854339
855065 237 855065
855727 22 855727
857730 160 857730
861035 218 861035
861325 419 861325
861402 308 861402
863752 63 863752
865891 817 865891
866699 784 866699
868150 776 868150
869345 587 869345
869435 392 869435
869579 551 869579
869801 368 869801
870599 624 870599
872098 810 872098
873483 25 873483
874334 555 874334
875490 902 875490
875901 728 875901
877506 195 877506
880079 701 880079
880125 227 880125
880581 516 880581
880836 353 880836
881881 68 881881
883476 785 883476
883524 630 883524
883576 403 883576
883986 927 883986
884708 102 884708
886485 929 886485
888247 902 888247
889287 682 889287
889896 19 889896
891446 435 891446
892028 482 892028
892675 127 892675
894805 41 894805
895882 626 895882
896157 176 896157
896935 702 896935
897234 344 897234
897259 138 897259
899471 402 899471
900208 799 900208
900272 773 900272
902325 946 902325
902385 513 902385
902845 653 902845
903610 268 903610
905125 822 905125
905470 829 905470
905801 393 905801
907177 612 907177
907372 762 907372
907436 657 907436
907491 449 907491
908004 690 908004
908275 506 908275
908681 251 908681
910387 895 910387
912126 21 912126
912810 783 912810
913706 470 913706
913994 455 913994
914078 624 914078
915132 640 915132
916659 371 916659
917329 660 917329
919747 72 919747
921673 970 921673
923888 23 923888
924315 441 924315
924368 809 924368
924827 991 924827
927346 818 927346
928043 578 928043
928111 45 928111
929518 777 929518
929668 537 929668
929689 906 929689
930977 216 930977
933308 976 933308
933863 96 933863
934483 190 934483
935081 807 935081
936107 842 936107
940145 651 940145
941513 588 941513
942797 151 942797
943450 320 943450
943471 553 943471
943770 823 943770
945053 753 945053
946021 633 946021
946927 789 946927
947227 331 947227
948129 961 948129
950294 617 950294
952782 700 952782
952979 221 952979
953091 574 953091
953330 848 953330
954060 249 954060
954242 349 954242
954322 852 954322
954335 833 954335
955775 369 955775
955798 328 955798
955813 8 955813
955894 764 955894
956534 414 956534
956537 119 956537
956582 944 956582
957180 77 957180
957332 964 957332
959966 266 959966
960666 937 960666
961458 337 961458
963268 596 963268
964317 35 964317
964353 615 964353
967928 740 967928
970064 385 970064
971116 653 971116
971208 406 971208
972450 259 972450
972637 15 972637
973529 430 973529
974868 148 974868
975022 141 975022
975356 840 975356
975494 494 975855
976176 220 977710
978359 951 978542
979956 652 979956
980290 441 980290
980759 749 982609
981611 299 982805
982229 656 982930
988240 335 988240
988782 124 988782
988851 444 988851
991210 641 991210
992569 145 992569
993896 545 993896
994563 994 994563
995319 988 995319
995381 293 995381
995561 590 995561
997058 823 997058
997396 35 997396
997486 349 997486
998551 762 998622
999885 816 999885
