1000 999
714 978 4
755 896 5
564 425 5
744 512 1
721 274 3
686 404 8
471 980 2
671 149 6
107 510 6
344 574 2
739 205 4
746 385 8
703 29 7
28 740 6
121 308 7
379 385 5
684 170 5
82 361 8
322 663 0
177 830 8
81 36 4
212 334 8
132 662 1
273 752 6
315 657 2
33 440 4
110 409 0
696 460 7
710 566 1
574 55 5
871 215 4
639 395 3
766 169 5
339 287 1
435 615 0
228 578 8
893 26 6
779 43 2
671 127 5
220 201 2
827 257 0
720 483 6
761 304 6
422 125 1
434 803 5
215 301 8
333 139 6
683 418 2
175 551 7
227 894 2
771 797 7
736 646 8
906 744 1
984 281 7
204 943 7
428 187 8
798 436 0
695 520 3
961 45 0
841 150 7
906 112 8
800 992 2
66 438 1
44 181 3
496 884 8
669 51 8
428 700 6
509 127 2
986 40 7
247 737 3
711 831 4
208 768 3
503 530 3
17 279 3
991 34 1
659 427 5
943 119 8
474 469 1
191 511 4
310 742 4
877 647 2
140 651 8
523 759 8
769 412 3
802 226 4
607 168 0
424 215 7
479 624 4
325 625 5
865 161 8
502 767 3
475 893 4
641 537 2
283 861 4
371 421 8
573 23 4
694 599 2
142 206 5
835 804 5
275 302 1
536 268 4
669 349 8
182 172 4
398 382 3
980 177 5
308 422 7
901 262 4
948 487 3
542 958 6
123 816 8
450 637 0
582 259 6
462 399 8
452 690 6
674 858 4
585 235 4
927 481 5
603 721 7
456 114 4
899 444 2
572 995 3
967 918 4
396 206 0
807 916 3
957 705 5
874 668 0
785 702 4
702 347 1
380 764 5
486 498 7
567 257 0
585 513 7
313 983 1
120 378 1
153 173 3
539 762 7
114 68 0
574 241 6
844 769 1
23 244 0
150 516 4
872 183 6
928 329 1
455 770 8
687 269 5
305 68 1
32 491 7
694 372 8
197 889 3
193 376 2
610 984 6
902 489 5
458 527 3
352 864 0
207 130 8
401 674 8
863 281 0
966 636 1
856 635 3
910 284 4
734 25 3
884 898 5
713 347 7
531 940 6
731 141 6
104 948 8
732 891 2
825 903 7
461 433 3
792 152 0
364 422 4
400 72 2
261 416 2
683 196 7
489 720 7
855 859 6
308 341 7
268 859 7
788 148 6
381 685 1
553 589 4
209 116 2
928 45 8
464 868 5
30 915 1
908 709 7
517 646 6
733 605 8
311 364 3
744 541 1
887 196 1
549 668 6
414 115 7
237 426 6
737 53 6
205 84 8
332 354 7
294 260 4
974 684 8
927 978 1
940 611 2
387 209 3
381 189 2
709 628 0
389 238 5
287 303 7
725 150 0
216 626 1
523 21 0
132 584 5
532 231 3
89 911 1
393 209 0
164 227 5
4 154 5
829 4 3
273 673 3
968 621 1
689 651 6
97 172 0
34 198 7
217 820 1
495 666 5
882 712 6
990 561 7
461 897 2
26 710 2
561 670 3
60 556 7
689 753 2
86 955 5
867 790 8
828 489 0
292 27 6
599 672 0
567 665 6
934 555 8
634 110 4
465 410 4
566 470 2
931 852 3
88 326 7
432 562 3
117 592 8
891 756 0
881 257 2
720 717 0
736 819 2
336 929 1
450 576 6
729 65 5
730 618 2
924 85 3
38 242 2
418 69 2
431 462 0
693 156 6
261 918 4
434 540 3
726 522 4
519 763 0
604 774 2
376 225 3
518 665 7
643 754 7
845 600 4
989 985 6
434 9 3
95 402 2
667 443 0
393 98 2
93 250 6
507 356 6
653 151 5
595 981 6
821 13 1
987 57 3
715 439 8
828 928 2
14 364 1
650 761 7
87 250 6
561 998 2
800 359 8
964 338 3
897 31 8
855 922 6
161 94 5
760 870 3
129 916 6
537 118 6
621 497 1
973 939 0
158 546 2
695 88 6
322 303 0
741 407 5
458 754 4
436 691 2
964 312 1
950 81 1
932 19 7
59 275 3
331 138 3
661 938 7
773 299 6
894 138 4
803 450 1
854 513 7
194 214 3
240 660 6
870 697 6
930 749 2
869 740 6
307 62 1
908 143 2
63 77 8
841 784 3
681 295 8
392 899 3
336 708 1
905 85 6
33 587 7
65 158 4
992 670 0
972 952 2
184 704 2
679 316 4
857 731 2
162 142 5
631 195 7
280 390 0
478 457 3
670 716 3
88 305 8
786 751 3
941 18 1
559 951 1
585 909 3
9 678 2
240 584 4
266 246 3
783 370 1
536 441 0
452 808 4
598 649 2
235 604 4
286 175 8
11 327 4
303 967 6
75 354 5
520 224 0
357 282 7
337 738 2
274 814 8
159 923 3
183 104 6
507 199 6
933 111 1
77 492 6
5 622 8
446 335 5
680 315 4
933 151 4
550 290 0
550 375 6
514 659 8
191 766 0
214 263 1
508 241 6
517 525 3
486 123 3
190 163 0
164 555 8
333 284 7
5 568 3
823 192 6
804 921 3
923 632 2
649 50 6
88 834 3
352 862 8
406 80 0
911 811 5
907 173 2
972 402 1
231 342 8
382 58 4
375 798 8
88 296 6
351 248 3
525 627 3
448 801 6
306 644 4
919 410 8
9 871 2
61 699 3
904 362 5
660 578 2
924 219 7
425 647 2
455 226 2
127 682 5
8 165 7
599 866 5
731 348 2
272 962 4
486 328 8
638 975 8
277 559 3
900 944 5
809 372 4
617 613 7
872 233 8
14 588 6
768 658 3
53 690 6
411 644 1
83 269 2
602 878 2
347 315 3
629 713 4
856 618 5
315 367 2
427 431 8
588 771 4
745 210 7
16 618 1
805 57 8
810 768 5
156 393 5
371 226 7
335 251 8
876 404 6
932 144 4
223 185 3
838 219 0
732 276 1
880 137 2
480 56 3
538 148 5
441 746 7
83 115 1
173 713 1
870 601 4
314 374 3
853 932 4
2 337 2
466 300 7
155 609 8
468 542 5
947 521 7
812 511 7
234 847 8
7 49 4
302 122 2
890 73 8
498 688 1
112 750 8
395 157 8
319 144 5
352 378 2
278 386 3
334 614 1
554 207 1
434 449 5
83 586 3
509 908 1
701 742 8
842 892 4
632 758 5
364 484 8
41 753 5
891 623 3
24 809 8
648 385 8
531 288 1
353 62 1
500 140 2
532 763 3
878 73 3
946 883 5
935 29 2
385 369 2
918 86 7
591 710 8
598 429 5
229 474 7
496 652 1
109 254 2
441 919 5
739 626 7
417 676 4
45 486 8
918 546 6
381 765 6
596 417 0
499 488 8
501 1 0
388 178 4
750 61 8
127 99 8
395 7 0
894 567 6
201 30 7
413 180 7
747 246 2
920 778 0
524 119 8
419 307 4
740 98 7
616 592 5
612 14 1
938 697 1
244 823 7
524 467 2
825 334 6
850 133 8
131 73 5
740 63 8
41 103 4
900 554 7
241 28 1
849 562 8
794 316 0
419 936 1
806 416 4
203 952 4
183 868 0
556 204 5
806 418 1
480 255 1
309 230 5
356 826 6
665 675 5
834 830 8
641 880 6
429 463 6
884 881 0
352 743 3
815 758 7
171 811 1
1000 278 5
354 777 7
443 52 2
526 963 6
233 542 8
176 442 1
734 485 1
774 548 2
560 1000 4
21 535 8
529 976 5
91 358 0
327 145 0
454 367 5
100 820 5
394 176 4
264 743 5
1 815 2
623 860 1
509 640 0
400 175 8
260 757 8
662 657 0
6 60 4
595 477 0
844 400 8
836 225 1
416 544 1
589 926 3
716 838 5
902 174 4
554 186 8
924 679 3
258 209 6
437 475 3
933 878 7
519 677 3
193 140 2
188 919 0
927 886 3
77 448 7
765 587 6
278 710 8
744 569 7
274 849 5
312 351 3
992 630 1
74 590 4
526 179 0
50 237 4
727 405 6
283 461 5
476 647 4
111 792 7
852 778 4
244 873 3
430 318 5
79 826 7
876 274 0
956 202 1
824 22 0
818 500 2
523 593 0
973 498 1
101 528 1
161 26 4
251 508 4
173 706 6
166 656 8
221 38 3
470 57 1
67 590 1
958 752 4
263 172 7
749 660 4
136 608 0
120 359 6
478 836 5
130 928 7
423 476 3
810 387 7
929 426 3
370 895 7
374 821 5
723 835 2
228 780 6
146 453 8
134 504 6
715 304 5
755 749 0
919 972 8
666 232 4
613 179 1
355 35 8
554 3 8
17 640 6
967 809 0
962 397 8
180 929 7
306 636 0
920 346 7
590 533 8
594 984 5
547 671 5
563 147 2
908 360 5
801 719 5
425 223 8
48 748 0
336 131 2
624 632 2
105 527 2
256 310 5
195 936 0
110 773 5
963 213 5
971 637 8
752 529 1
488 400 2
403 440 5
80 64 4
550 775 3
632 401 6
831 606 8
165 592 3
402 349 6
625 472 0
801 926 4
343 708 8
15 958 7
770 846 8
422 734 3
705 513 5
262 488 1
779 681 1
208 832 8
184 745 5
108 719 6
794 337 1
92 960 1
976 345 4
421 538 8
380 682 8
166 914 2
810 275 8
956 767 0
350 995 8
834 56 8
737 759 8
879 835 4
954 917 2
962 990 3
239 304 5
760 397 1
4 806 8
701 102 2
198 797 3
838 391 7
270 383 5
899 570 1
781 507 5
914 267 6
474 738 2
137 149 6
494 8 5
485 953 2
760 417 1
943 494 4
332 495 7
340 3 4
145 728 0
49 781 7
469 707 2
760 96 6
86 238 4
515 39 1
609 964 0
893 744 2
37 1 0
241 253 4
526 273 2
426 220 6
324 128 5
799 671 5
351 103 5
226 655 5
623 970 1
320 812 5
252 867 6
722 633 2
642 222 5
507 160 2
12 983 7
946 577 3
831 607 1
645 305 8
236 520 5
405 531 5
186 321 3
10 22 3
249 447 3
70 848 2
314 260 0
659 573 8
288 408 3
255 813 0
883 619 4
119 395 0
56 445 7
499 787 7
506 958 6
438 721 0
910 770 3
424 58 2
200 877 7
659 418 8
121 377 2
545 578 1
242 437 6
733 493 0
985 608 2
43 685 5
167 776 2
382 597 8
959 458 8
639 115 2
74 510 2
390 332 7
982 570 0
752 363 6
572 429 0
544 530 5
977 14 1
368 796 0
357 510 4
126 548 4
113 784 2
931 665 6
552 112 3
912 126 4
384 837 8
602 481 2
783 904 5
368 384 8
772 711 1
14 814 1
889 541 0
406 956 7
20 667 1
954 384 7
133 664 4
777 925 7
114 843 4
932 913 5
394 82 5
356 883 0
941 106 1
797 458 2
368 360 2
292 962 2
96 190 1
438 358 2
652 942 5
594 314 3
988 473 5
15 888 0
895 842 7
324 667 1
780 947 0
466 94 6
22 950 7
680 563 4
54 374 0
882 509 2
687 676 5
235 968 0
398 972 0
245 745 5
565 717 4
571 757 2
813 330 8
502 71 6
513 793 0
833 415 1
543 66 6
342 928 5
435 965 5
949 193 6
822 295 2
354 439 8
573 460 3
20 666 0
247 607 3
861 687 1
817 684 0
464 200 0
600 470 3
558 749 8
556 650 5
100 91 2
289 795 7
985 747 5
458 840 4
293 746 7
968 581 7
775 735 7
539 675 4
508 557 7
182 66 3
590 582 1
581 782 5
775 76 5
717 32 1
372 451 0
226 128 4
761 407 4
609 692 7
924 644 4
505 257 4
276 47 0
307 92 7
702 362 4
790 763 1
201 979 2
20 654 5
751 999 7
845 307 4
683 220 6
879 415 7
949 106 6
406 810 0
291 578 7
145 580 7
82 538 5
246 25 5
842 43 2
109 851 0
218 718 4
267 78 6
633 595 6
605 223 8
969 254 3
342 133 8
785 299 3
735 306 6
531 77 8
318 312 0
16 29 5
375 479 7
501 285 4
709 218 2
779 482 2
941 988 3
975 338 3
935 811 8
254 717 1
271 445 3
100 366 2
656 323 5
559 111 1
620 862 4
643 583 3
166 958 0
388 744 0
90 618 0
146 370 7
87 389 5
297 102 1
23 875 4
945 804 1
248 786 0
732 664 5
40 242 2
230 707 7
42 643 8
685 5 3
448 633 1
170 490 8
420 130 7
163 993 7
853 361 6
325 331 1
885 32 8
983 234 1
486 92 0
35 728 8
937 90 4
189 124 3
243 464 1
249 366 6
125 169 8
994 421 1
569 698 2
35 874 8
525 638 6
211 771 6
776 582 8
81 869 7
408 579 8
181 575 2
573 265 1
217 90 6
614 700 4
566 726 3
704 373 0
723 368 8
727 974 4
848 501 7
714 302 0
348 724 1
523 375 1
317 152 6
11 15 8
690 515 1
178 181 0
478 212 2
504 551 4
480 956 1
731 117 8
871 807 1
672 996 8
435 532 1
937 234 3
789 350 2
692 262 2
82 365 1
383 191 1
415 846 7
74 84 8
78 227 1
930 444 3
129 489 7
791 359 7
265 748 3
708 840 6
839 996 0
46 254 7
298 665 8
289 142 7
87 642 2
504 101 7
756 168 7
637 459 4
882 184 8
21 534 3
773 289 4
518 702 7
784 794 6
111 872 5
821 950 4
404 753 0
705 788 1
304 171 6
786 997 1
102 648 5
135 723 6
681 739 8
1000
4 817 95
99 18 118
119 368 162
227 115 267
243 680 343
255 786 364
307 221 391
375 869 555
440 768 628
455 527 631
539 823 638
652 124 657
733 961 733
770 193 997
799 298 1176
862 506 1408
960 857 1539
997 172 1612
1305 154 1614
1392 322 1739
1430 273 1980
1464 880 2123
1555 673 2244
1627 165 2316
1633 513 2333
1677 649 2366
1812 290 2411
1944 55 2465
1987 817 2584
2303 284 2587
2371 554 2601
2388 98 2699
2424 422 2918
2530 4 3040
2561 53 3144
2676 291 3158
2689 798 3198
2757 666 3237
2798 259 3378
2954 622 3423
3065 79 3424
3099 248 3434
3230 238 3790
3273 447 3837
3364 945 3874
3412 532 3956
3432 943 4016
3507 207 4027
3558 801 4052
3604 482 4091
3723 716 4131
3901 714 4242
4197 932 4543
4255 360 4655
4311 545 4657
4367 306 4924
4658 313 5018
4772 722 5128
4984 780 5157
5153 75 5281
5367 170 5536
5430 665 5627
5517 497 5784
5802 235 5894
5898 391 6094
5900 756 6152
6013 903 6269
6048 354 6323
6088 885 6422
6246 357 6468
6291 351 6478
6479 682 6528
6515 417 6595
6574 650 6627
6638 95 6787
6647 753 6899
6662 284 6977
6822 533 7099
6896 80 7125
6947 4 7188
6972 123 7209
7083 296 7223
7122 488 7471
7148 948 7472
7431 167 7548
7505 948 7623
7714 963 7714
7743 343 7743
7841 419 7885
8191 698 8191
8204 336 8204
8271 51 8271
8375 465 8420
8383 614 8512
8619 772 8619
8690 377 8690
8721 349 8721
8824 502 8824
9043 29 9043
9305 420 9305
9499 52 9499
9694 227 9694
9755 844 9755
9774 697 9774
9887 91 9887
9919 796 9919
9946 251 9946
10295 176 10295
10368 314 10368
10588 896 10588
10690 133 10690
10716 584 10716
10766 432 10766
10857 116 10857
10921 345 10921
10922 273 10922
11010 359 11010
11052 272 11052
11198 661 11198
11397 472 11397
11512 907 11512
11816 697 11816
11919 332 11919
11948 238 11948
12124 21 12124
12293 116 12293
12460 738 12460
12539 192 12539
12547 408 12547
12691 335 12691
12767 676 12767
12850 676 12850
13127 793 13127
13161 682 13161
13214 292 13214
13239 439 13239
13282 180 13282
13518 653 13518
13637 921 13637
13675 433 13675
13845 482 13845
13849 627 13849
13997 372 13997
13998 741 13998
14103 894 14103
14146 302 14146
14179 402 14179
14328 54 14328
14617 505 14617
14700 521 14700
14953 103 14953
14983 61 14983
15011 336 15011
15022 225 15022
15036 296 15036
15322 497 15322
15419 829 15419
15423 333 15423
15547 474 15547
15597 168 15597
15812 689 15812
16084 422 16084
16121 992 16121
16254 818 16254
16357 786 16357
16390 919 16390
16507 880 16507
16880 756 16880
16956 700 16956
17031 105 17031
17092 854 17092
17336 530 17336
17452 865 17452
17609 822 17609
17950 572 17950
18028 839 18028
18289 655 18289
18393 131 18393
18493 966 18493
18711 274 18711
18911 253 18911
19011 676 19011
19066 978 19066
19082 795 19082
19101 289 19101
19274 769 19274
19317 747 19317
19394 927 19394
19451 49 19451
19733 491 19733
19789 920 19789
20094 22 20094
20180 606 20180
20482 282 20482
20496 149 20496
20737 759 20737
20844 182 20844
20890 959 20890
20901 565 20901
21002 588 21002
21005 744 21005
21026 729 21026
21253 793 21253
21259 747 21259
21389 192 21389
21469 988 21469
21544 525 21544
21546 177 21546
21563 632 21563
21712 144 21712
21777 637 21777
21884 246 21884
21904 556 21904
22101 360 22101
22113 833 22113
22194 162 22194
22241 325 22241
22402 154 22402
22459 824 22459
22607 957 22607
22978 791 22978
23218 38 23218
23316 850 23316
23342 607 23342
23376 146 23376
23456 699 23456
23501 227 23501
23584 34 23584
23764 358 23764
23799 197 23799
23818 658 23818
23821 973 23821
23982 306 23982
23992 675 23992
24001 816 24001
24052 892 24052
24054 26 24054
24306 212 24306
24335 661 24335
24458 601 24458
24503 827 24503
24797 598 24797
24804 386 24804
25065 963 25065
25081 386 25081
25194 974 25194
25224 200 25224
25228 126 25228
25278 771 25278
25311 880 25311
25411 687 25411
25651 424 25651
25763 885 25763
25771 196 25771
25873 301 25873
26107 531 26107
26229 769 26229
26558 682 26558
26588 743 26588
26722 795 26722
26746 611 26746
26864 682 26864
26867 462 26867
26921 354 26921
26952 559 26952
26967 234 26967
27033 143 27033
27288 435 27288
27425 25 27425
27438 712 27438
27685 186 27685
27687 202 27687
27778 624 27778
27865 391 27865
27976 315 27976
28091 995 28091
28136 630 28136
28256 704 28256
28318 858 28318
28320 346 28320
28333 636 28333
28448 802 28448
28662 683 28662
28668 951 28668
28758 422 28758
28811 808 28811
28856 863 28856
28870 489 28870
29035 35 29035
29040 467 29040
29285 226 29285
29346 817 29346
29443 144 29443
29490 805 29490
29530 467 29530
29601 97 29601
29924 513 29924
29961 363 29961
30296 692 30296
30370 527 30370
30678 140 30678
30697 73 30697
30844 295 30844
30867 621 30867
30929 921 30929
31021 591 31021
31064 189 31064
31212 299 31212
31326 858 31326
31341 677 31341
31428 759 31428
31476 474 31476
31556 947 31556
31577 376 31577
31805 751 31805
31859 62 31859
31937 306 31937
31963 459 31963
32182 645 32182
32215 16 32215
32229 440 32229
32274 379 32274
32798 134 32798
32804 741 32804
33135 594 33135
33241 536 33241
33331 460 33331
33354 633 33354
33749 441 33749
33771 781 33771
33815 284 33815
33830 990 33830
33932 87 33932
33938 767 33938
34041 858 34041
34144 907 34144
34186 312 34186
34281 160 34281
34304 409 34304
34387 170 34387
34476 549 34476
34607 145 34607
34638 1000 34638
34707 248 34707
34779 812 34779
34836 872 34836
34886 373 34886
34893 141 34893
35132 598 35132
35159 942 35159
35411 777 35411
35571 298 35571
35633 284 35633
35642 701 35642
35675 176 35675
35688 760 35688
35742 165 35742
35769 395 35769
35779 851 35779
35820 158 35820
35946 559 35946
36048 623 36048
36231 957 36231
36271 343 36271
36363 392 36363
36401 464 36401
36435 862 36435
36436 293 36436
36532 238 36532
36545 388 36545
36601 720 36601
36682 894 36682
36783 62 36783
36892 423 36892
36941 80 36941
36962 796 36962
37068 643 37068
37080 312 37080
37334 359 37334
37338 42 37338
37345 137 37345
37393 47 37393
37563 486 37563
37588 932 37588
37650 544 37650
37803 431 37803
37854 989 37854
37876 4 37876
37896 371 37896
38018 980 38018
38058 442 38058
38239 90 38239
38369 330 38369
38386 160 38386
38661 908 38661
38714 916 38714
38751 990 38751
38761 998 38929
38801 53 39029
39098 982 39313
39126 978 39373
39161 785 39389
39257 739 39533
39411 648 39579
39519 351 39633
39742 636 39742
39954 744 39954
40086 375 40086
40154 566 40154
40275 663 40275
40328 343 40328
40633 858 40633
40890 133 40890
40893 519 40893
41057 692 41057
41075 164 41075
41096 15 41096
41196 280 41196
41241 426 41241
41481 820 41481
41545 375 41545
41619 550 41619
41695 605 41695
41792 321 41792
41816 305 41816
42140 134 42140
42333 364 42333
42350 232 42350
42361 793 42361
42529 33 42529
42564 10 42564
42636 52 42636
42781 984 42781
42795 557 42795
42866 503 43058
42873 783 43384
42910 604 43530
43096 410 43549
43104 188 43647
43319 375 43708
43360 158 43819
43441 686 43976
43720 142 44074
43733 986 44090
43805 984 44233
44078 801 44241
44515 74 44515
44532 695 44532
44697 889 44697
44858 886 44858
45090 151 45264
45146 296 45356
45187 225 45389
45366 45 45443
45423 314 45577
45773 214 45773
45882 111 45882
45892 192 45892
45893 483 45893
45966 747 45966
46062 146 46062
46100 231 46106
46160 322 46252
46236 385 46481
46502 151 46694
46995 77 46995
46999 619 46999
47111 184 47172
47158 873 47336
47160 101 47549
47326 982 47641
47505 682 47666
47674 22 47927
47898 632 47974
47932 658 48052
48028 396 48240
48105 480 48421
48317 785 48461
48366 897 48698
48392 255 48704
48395 900 48734
48701 764 48885
48939 303 49130
48942 682 49191
48978 873 49403
48992 477 49462
49007 677 49605
49057 351 49610
49233 210 49856
49436 774 49894
49543 601 49936
49612 502 49976
49773 473 50010
49825 187 50419
49826 825 50537
50240 868 50585
50312 831 50633
50319 376 50636
50324 715 50670
50473 828 50742
50495 5 50811
50592 266 50925
50602 898 51033
50663 129 51248
50711 940 51327
50783 877 51353
50813 517 51430
50826 24 51450
50896 443 51638
50929 756 51667
50973 577 51696
51153 341 51741
51370 925 51858
51377 293 52058
51398 290 52144
51526 149 52228
51613 231 52297
51614 546 52458
51703 305 53055
51817 903 53162
51885 184 53168
52229 926 53288
52618 432 53451
52644 842 53544
52725 353 53686
52790 49 53750
53036 448 53832
53243 499 54001
53443 595 54145
53498 5 54319
53631 407 54340
53647 254 54361
54027 86 54493
54094 922 54522
54189 268 54602
54261 547 54729
54334 16 54734
54408 482 54942
54480 773 54953
54664 66 54991
54677 608 55005
54765 698 55163
55061 242 55251
55082 59 55349
55162 392 55466
55443 426 55467
55542 545 55635
55544 132 55712
55652 215 55814
55889 661 55889
55896 504 55948
55913 650 55961
55966 357 56087
56105 356 56143
56322 223 56424
56432 469 56608
56594 524 56646
56899 321 56899
56914 740 56914
56935 387 56935
57055 206 57055
57151 26 57151
57161 28 57161
57197 792 57197
57450 692 57450
57551 137 57755
57561 41 57919
57623 345 57949
57679 138 57982
58161 192 58161
58162 350 58162
58470 919 58470
58492 215 58492
58701 124 58701
58742 127 58742
58775 673 58775
58832 299 58832
59138 587 59138
59177 205 59177
59187 861 59187
59235 31 59235
59631 318 59631
59824 734 59824
59929 525 59929
59974 962 59974
60012 944 60012
60041 441 60041
60146 82 60146
60185 305 60185
60307 774 60307
60369 601 60369
60419 445 60419
60462 861 60462
60489 912 60489
60779 2 60779
60833 18 60833
60836 638 61029
60875 56 61053
61105 993 61105
61267 976 61267
61382 745 61382
61447 504 61447
61816 289 61816
61928 858 61928
61980 795 61980
61992 643 61992
62039 289 62039
62085 160 62085
62119 212 62147
62280 624 62280
62288 137 62410
62489 257 62489
62559 322 62559
62607 797 62607
62705 184 62985
62939 629 63049
62966 313 63057
63137 500 63205
63208 897 63246
63307 646 63318
63415 802 63671
63458 151 63728
63550 143 63839
63815 229 63904
63874 462 63918
63903 182 64199
63931 540 64258
63977 736 64310
64167 347 64434
64480 271 64777
64484 655 64867
64644 868 65363
64654 267 65469
64666 243 65639
64749 409 65976
64758 650 66078
64933 810 66160
65072 524 66190
65157 286 66386
65365 914 66420
65381 987 66505
65474 497 66565
65553 265 66608
65636 729 66665
65637 149 66791
65663 316 66840
65703 402 66844
65755 738 66919
65830 449 67017
65910 980 67158
65953 644 67243
65967 685 67371
66024 121 67597
66100 34 67671
66243 21 67696
66318 913 67800
66382 362 68031
66502 213 68155
66550 721 68172
66600 539 68224
66636 342 68236
66814 448 68372
66833 945 68414
66876 618 68503
66892 323 68618
67142 715 68668
67289 971 68742
67302 584 68827
67347 915 68848
67352 294 68973
67424 277 69001
67431 651 69017
67481 646 69180
67554 372 69237
67584 257 69258
67593 390 69329
67633 449 69340
67784 395 69364
67839 70 69417
67881 657 69432
67921 125 69614
68050 176 69728
68260 402 69745
68289 172 69928
68698 817 69957
68709 350 69993
68788 394 70122
68814 122 70186
68923 881 70273
69080 42 70278
69264 881 70485
69292 654 70499
69537 173 70533
69571 537 70720
69608 538 70728
69841 666 70807
69898 141 70838
69902 741 71035
70131 199 71049
70238 536 71111
70400 565 71138
70413 705 71500
70698 1000 71586
70754 754 71633
70825 96 71683
70886 825 72097
70963 401 72121
71011 657 72199
71041 23 72222
71132 878 72227
71262 985 72305
71341 464 72458
71462 399 72469
71554 414 72512
71595 62 72653
71677 536 72670
71801 590 72784
71918 155 72793
71966 689 72875
72080 915 72970
72128 183 73033
72132 715 73043
72158 47 73067
72227 221 73112
72499 538 73114
72505 105 73126
72506 746 73145
72715 297 73187
72821 151 73194
72900 375 73249
73155 628 73566
73371 3 73632
73387 265 73648
73507 900 73652
73657 76 73677
73714 327 73765
73845 952 73845
73962 545 73962
74096 527 74096
74448 699 74448
74558 960 74558
74626 469 74626
74645 292 74645
74816 493 74816
74871 255 74871
75032 139 75032
75135 495 75135
75160 777 75160
75210 486 75210
75220 586 75220
75272 309 75272
75319 44 75406
75469 772 75487
75506 962 75506
75548 877 75559
75607 72 75680
75701 182 75730
75825 371 75835
75899 560 75899
75969 525 76184
76063 141 76199
76163 873 76330
76198 786 76343
76214 12 76477
76313 948 76623
76787 339 76787
76818 714 76887
77180 358 77180
77204 899 77204
77497 645 77497
77540 480 77540
77633 20 77633
77775 947 77775
78038 581 78038
78114 563 78114
78162 400 78182
78190 97 78190
78260 746 78260
78419 278 78419
78479 104 78479
79209 967 79209
79321 788 79321
79327 173 79327
79418 575 79418
79431 272 79431
79496 437 79496
79514 163 79514
79591 368 79591
79699 918 79699
79703 111 79703
79778 636 79778
79828 133 79828
79848 655 79848
79889 239 79889
79909 768 79909
79969 724 79969
80145 779 80145
80172 392 80172
80296 843 80296
80439 431 80439
80482 219 80482
80608 625 80608
80814 130 80814
80919 471 80919
81360 89 81360
81368 124 81368
81388 300 81388
81523 633 81523
81723 118 81723
81749 54 81749
81958 303 81958
82065 772 82065
82228 299 82228
82257 942 82257
82401 73 82401
82420 618 82420
82453 431 82453
82467 52 82467
82602 433 82602
82668 210 82668
82682 984 82682
82783 823 82783
82834 799 82834
82942 286 82942
82960 74 82960
82990 131 82990
83304 146 83304
83415 292 83415
83420 966 83420
83532 262 83532
83597 76 83597
83605 398 83605
83619 174 83619
83645 392 83645
83754 770 83754
83819 850 83819
83877 213 83877
84005 268 84005
84047 244 84047
84072 862 84072
84099 633 84099
84180 257 84180
84529 251 84529
84699 68 84699
85063 582 85063
85342 68 85342
85382 64 85382
85471 291 85471
85490 522 85490
85521 920 85521
85581 104 85581
85585 688 85585
85682 747 85682
85944 222 85944
85997 573 85997
86048 766 86048
86123 456 86123
86186 817 86186
86355 540 86355
86641 730 86641
86683 989 86683
86746 609 86746
86832 351 86832
86975 630 86975
86981 221 86981
87021 269 87021
87168 298 87168
87398 881 87398
87418 693 87418
87676 58 87676
87679 221 87679
87862 641 87862
87899 222 87899
87975 152 87975
87977 576 87977
88018 649 88018
88054 817 88054
88121 62 88121
88366 484 88366
88487 853 88487
88523 699 88523
88613 920 88613
88704 700 88707
88790 868 88824
88941 34 88941
88965 454 88988
88966 70 89096
88986 836 89196
89249 514 89249
89382 594 89394
89389 479 89429
89482 994 89482
89581 299 89581
89800 907 89800
89822 848 89822
89877 402 89877
89981 101 89981
90007 87 90007
90234 541 90234
90262 563 90262
90297 487 90297
90538 595 90538
90660 923 90660
90887 573 90887
91067 294 91067
91193 683 91193
91250 845 91250
91255 224 91255
91536 586 91536
91561 129 91561
91593 65 91593
91636 929 91636
91646 101 91646
91797 853 91797
91867 346 91867
91923 64 91923
91928 114 91983
91945 984 92056
92024 781 92071
92081 144 92144
92130 256 92191
92270 882 92270
92353 956 92353
92453 605 92453
92461 669 92461
92651 437 92651
92727 167 92727
93018 798 93018
93323 597 93323
93429 236 93429
93457 543 93457
93539 170 93539
93671 655 93671
93852 172 93852
93888 53 93888
93895 845 93895
93911 990 93911
93995 251 93995
94001 230 94001
94047 341 94047
94345 415 94345
94354 906 94385
94371 148 94439
94451 411 94544
94494 354 94811
94580 908 94817
94716 250 94849
94730 578 94978
94748 7 95259
94796 746 95279
95020 394 95311
95595 788 95595
95697 496 95697
95739 761 95739
95876 113 95876
95892 108 95958
96095 580 96095
96150 979 96150
96208 60 96256
96238 240 96276
96318 582 96330
96505 695 96505
96699 558 96699
96787 973 96787
96828 794 96828
96954 210 96954
97002 917 97002
97161 771 97161
97369 408 97369
97448 513 97448
97467 334 97467
97599 536 97599
97624 471 97624
97923 475 97923
97976 449 97976
97977 341 97977
97984 322 97984
98020 198 98020
98038 810 98038
98104 977 98104
98247 826 98247
98253 336 98253
98304 17 98388
98476 910 98476
98612 237 98727
98702 257 98810
98704 784 98956
98738 84 99120
98769 729 99177
98831 594 99235
98850 344 99386
98860 500 99489
98985 301 99559
99035 503 99570
99080 928 99607
99356 136 99623
99662 44 99662
99665 90 99665
99976 831 99976
99979 662 99984
