1000 999
124 860 3
7 603 2
801 595 1
501 408 5
117 836 3
159 599 8
24 528 2
813 872 1
250 710 6
837 650 4
816 783 5
983 96 4
50 450 8
865 497 6
465 45 5
337 982 4
582 581 7
696 173 0
683 163 1
855 20 4
182 933 0
949 990 5
557 185 4
302 292 5
807 549 0
97 521 0
420 499 1
891 738 6
635 82 0
665 946 0
599 846 2
858 380 4
306 161 7
227 107 0
510 530 5
788 117 8
790 901 6
859 106 7
991 94 4
970 633 4
915 994 3
301 983 6
371 486 4
94 200 2
955 847 8
950 430 4
757 444 3
368 394 4
610 666 2
163 764 6
478 879 0
498 71 3
724 504 2
488 679 3
640 374 1
739 785 6
344 503 4
760 366 3
600 691 7
164 841 7
501 863 7
384 324 0
388 894 6
303 936 0
287 413 4
991 496 8
840 673 1
931 457 8
164 197 3
914 323 5
766 778 1
481 679 5
719 430 6
337 427 2
965 433 3
233 218 6
690 665 3
105 925 4
348 676 1
52 99 2
898 54 8
171 917 3
876 78 7
624 582 7
792 316 7
509 755 1
77 114 2
67 853 6
288 134 1
659 926 5
262 401 7
986 324 2
190 388 8
202 737 0
446 440 7
672 879 3
436 347 3
819 63 4
116 803 7
561 42 3
307 443 5
515 629 0
744 184 7
938 354 2
712 115 1
683 77 7
821 497 7
994 762 0
989 841 2
240 735 7
15 633 8
344 7 8
418 266 7
430 997 0
809 36 5
424 112 1
116 168 1
174 583 3
842 588 5
848 781 7
655 652 3
631 822 0
968 831 6
7 869 4
775 585 0
334 662 5
171 961 5
499 162 5
843 551 0
910 345 5
614 994 8
464 557 7
227 907 7
166 219 7
743 519 0
271 108 6
359 534 1
514 838 1
491 117 0
91 280 6
473 247 5
752 545 5
412 564 5
586 483 4
143 700 3
286 356 3
974 741 3
327 529 1
935 325 5
871 519 4
828 476 1
595 646 4
191 231 2
8 180 7
53 415 8
127 664 1
746 23 4
719 405 8
420 328 4
492 344 7
470 877 7
55 732 3
216 717 5
909 325 0
826 562 4
937 188 4
822 249 2
829 206 3
973 747 8
336 940 5
601 725 2
183 370 6
846 918 3
168 675 7
173 754 8
80 439 6
719 850 5
32 379 5
805 836 4
120 751 1
21 110 3
366 360 5
984 472 3
596 895 7
132 481 0
808 385 3
536 947 8
296 818 7
543 120 3
667 528 0
647 439 1
152 827 0
536 616 2
365 21 1
352 554 2
356 817 3
540 154 4
369 604 1
884 132 5
699 1 4
897 339 6
597 225 5
427 172 5
998 960 6
146 994 6
616 763 4
883 763 0
831 974 0
128 220 1
170 343 6
409 668 6
337 436 2
320 215 4
516 993 1
976 756 0
378 627 6
822 886 1
976 381 4
460 62 8
589 524 1
847 132 7
327 387 5
432 975 8
102 598 1
842 808 1
591 823 8
394 948 0
35 151 6
973 72 3
821 783 1
206 649 4
506 994 5
766 145 6
228 784 8
246 245 5
612 802 8
368 87 3
109 592 5
900 479 5
726 523 7
196 541 1
223 48 0
47 143 0
862 907 2
671 824 2
485 265 6
205 647 1
275 632 7
590 638 8
981 859 3
827 810 7
236 44 8
534 351 2
298 31 7
235 713 5
461 333 5
832 361 8
880 531 3
976 211 4
38 535 6
606 161 6
222 666 8
740 942 8
336 825 4
951 568 3
904 374 0
945 892 4
26 37 1
409 623 7
809 589 3
696 453 4
387 205 2
964 322 8
796 849 7
589 396 3
364 70 5
155 635 5
284 122 8
277 665 3
603 703 2
425 825 3
540 833 5
273 219 2
313 674 7
94 10 2
669 968 1
573 239 5
69 388 8
759 605 5
554 77 3
49 893 0
482 652 1
717 217 4
80 55 7
295 225 6
689 804 1
659 301 1
148 93 2
603 771 1
970 575 4
797 523 5
629 729 5
171 645 8
438 202 5
484 881 3
383 458 5
691 327 7
591 27 8
42 995 1
684 156 8
594 552 7
95 503 5
63 651 3
148 297 6
919 207 3
969 587 2
302 332 3
733 334 8
622 707 1
210 475 5
985 45 6
837 934 8
5 722 0
929 537 7
786 988 4
434 83 7
701 538 1
382 444 3
13 607 1
845 490 5
734 980 0
551 858 3
761 659 6
234 640 1
434 224 0
501 556 1
557 119 8
951 850 3
815 57 3
487 124 6
613 417 1
84 999 3
365 688 6
799 697 2
440 346 6
523 623 7
171 12 3
749 54 6
694 586 8
167 518 4
532 421 3
861 970 4
902 844 4
350 764 4
181 523 6
952 299 5
736 866 7
160 891 1
647 28 0
426 557 5
513 366 2
681 9 0
768 814 7
699 765 5
975 211 3
178 2 1
502 831 7
85 416 5
201 335 2
407 509 8
330 900 7
507 660 8
827 437 8
495 499 8
896 812 3
235 502 0
221 523 8
79 578 3
123 659 4
203 571 7
187 725 4
594 349 8
35 79 4
264 9 7
476 680 6
64 997 2
214 737 0
111 51 3
282 243 7
858 86 5
786 381 2
466 957 7
262 378 1
956 805 1
251 68 7
644 540 8
229 939 0
744 637 3
580 780 1
774 411 7
217 958 8
226 341 0
90 422 2
393 799 3
408 718 1
550 609 3
803 618 2
470 507 0
968 569 4
157 740 7
169 854 6
210 238 1
678 706 6
14 937 0
638 575 7
342 162 6
581 296 0
518 908 0
523 607 1
856 943 8
27 326 8
460 270 2
161 530 2
513 930 5
532 118 3
122 308 6
323 161 2
566 518 2
965 685 8
760 515 4
609 748 1
3 563 3
953 125 5
990 987 1
269 978 2
888 809 2
22 650 1
397 509 1
776 456 4
885 570 7
525 734 2
706 740 6
62 291 6
369 563 2
319 544 5
331 635 6
772 446 8
88 455 0
969 205 3
473 117 6
283 666 7
806 695 7
92 789 1
255 705 3
572 163 2
474 989 5
230 56 7
704 260 1
368 742 3
654 85 1
53 71 8
714 264 8
443 130 0
342 966 1
147 897 7
416 165 8
75 893 2
765 18 0
156 249 4
793 651 5
513 782 4
71 186 6
368 781 5
133 602 2
463 848 4
156 464 3
89 480 0
577 810 2
969 959 6
585 136 1
309 232 4
121 296 2
488 210 8
541 764 5
571 108 2
102 19 0
579 465 4
132 711 7
303 1000 1
231 705 1
385 347 3
429 998 3
920 596 1
667 939 6
532 851 0
219 257 1
816 811 7
451 895 2
672 8 4
558 757 5
682 492 6
386 488 3
466 661 6
840 428 8
639 375 0
671 781 0
199 23 7
65 577 7
415 87 8
946 230 3
175 65 0
960 642 8
173 250 6
653 549 3
272 665 8
561 790 1
797 904 0
611 490 0
780 336 6
964 651 6
323 823 8
98 300 6
790 406 0
874 299 1
427 707 6
292 714 0
826 157 8
178 743 3
457 485 1
621 403 4
749 892 3
753 716 0
667 67 2
576 512 8
717 979 6
464 900 1
245 897 1
938 286 1
870 471 7
912 506 6
395 241 4
456 712 3
333 531 2
366 469 7
228 109 2
66 153 3
626 5 8
691 711 0
138 655 4
373 56 3
284 173 4
295 107 3
928 762 2
890 318 7
360 289 6
390 200 7
566 750 3
672 773 1
992 806 5
483 206 1
367 715 7
238 873 7
348 217 4
356 410 7
472 31 6
139 686 2
134 350 1
39 81 1
150 71 4
144 587 8
958 11 2
925 534 0
562 260 1
100 533 8
814 425 3
864 921 6
290 44 7
117 190 2
690 431 6
918 480 0
486 321 3
39 698 6
325 465 1
744 170 5
446 174 6
533 634 2
980 896 6
304 101 8
386 414 6
645 775 4
367 815 8
546 751 2
4 662 1
916 863 8
810 654 7
594 41 7
990 441 4
634 4 4
592 305 8
874 233 8
622 537 2
731 82 8
570 397 2
365 913 8
140 217 6
523 262 1
584 123 0
70 389 1
245 279 7
376 773 5
250 967 4
867 423 5
398 365 1
30 81 7
291 527 4
657 2 3
712 439 2
41 800 0
593 281 6
577 370 6
730 230 4
907 316 3
224 212 5
745 670 6
753 544 6
246 991 8
267 29 2
905 809 8
514 922 5
640 445 7
400 649 1
774 341 8
449 33 8
17 863 4
74 89 1
975 448 1
560 72 0
754 213 0
971 3 6
209 652 8
12 636 7
727 149 3
734 809 2
628 892 4
193 954 5
468 43 3
559 543 8
47 838 1
538 649 3
458 505 1
356 206 1
540 837 4
816 350 4
38 503 4
47 771 8
251 314 6
379 693 5
6 623 2
615 554 3
195 361 7
822 359 5
193 292 0
816 302 0
806 113 5
693 836 2
41 930 3
136 977 7
309 461 8
613 856 3
312 518 7
762 927 4
419 42 3
600 256 3
120 462 3
45 542 4
109 35 7
428 60 0
547 322 8
656 307 3
962 254 3
939 315 1
110 797 3
769 872 7
548 467 5
159 677 4
991 511 1
315 804 8
695 398 7
672 791 3
844 649 0
98 385 7
878 178 1
487 188 2
981 434 6
353 467 8
608 339 1
147 539 7
150 734 5
736 543 2
842 223 3
241 722 6
723 609 3
658 938 8
399 450 6
768 579 6
736 728 1
669 363 4
974 239 0
278 293 1
493 871 3
179 565 4
680 582 3
73 997 1
985 49 1
468 634 7
61 948 3
823 165 2
972 614 5
913 345 6
90 641 6
192 25 8
429 275 5
64 739 5
754 76 4
993 687 7
263 815 1
91 454 2
962 564 8
387 160 6
19 987 0
723 141 2
834 791 7
521 997 0
387 613 8
355 318 0
176 411 6
839 259 2
89 526 0
657 601 2
952 467 7
391 318 3
297 371 5
252 810 5
453 97 2
471 148 3
674 478 2
575 875 0
737 509 4
618 511 3
795 890 0
863 589 7
630 509 5
995 104 1
375 217 5
287 944 6
746 754 1
676 793 0
284 362 6
869 231 7
173 657 8
777 717 1
275 265 0
841 75 7
908 794 4
84 251 0
722 129 7
74 251 7
557 225 5
254 396 1
628 427 1
727 65 2
176 377 8
237 280 1
153 101 1
692 868 0
609 784 7
226 459 3
46 616 0
752 874 1
787 233 1
924 818 0
244 209 4
670 520 8
989 454 6
58 462 0
452 29 0
381 52 7
142 722 8
882 881 0
944 291 8
418 541 4
94 51 4
489 956 3
59 289 4
933 170 1
625 60 7
9 177 6
908 808 5
576 857 5
382 494 3
242 837 4
78 294 7
145 793 8
644 310 2
720 14 1
969 552 3
802 42 7
248 493 4
406 963 0
943 835 5
903 584 5
345 674 4
253 147 2
126 370 0
882 198 6
220 68 5
531 30 1
290 731 1
50 268 8
857 559 2
118 174 7
115 340 8
380 908 6
885 758 5
3 273 3
25 689 7
784 259 3
208 965 5
116 602 0
670 798 0
350 580 8
807 861 3
103 820 7
765 416 8
747 980 5
490 281 2
66 157 4
528 450 5
462 890 2
37 111 3
328 1000 8
70 899 5
735 311 0
555 90 7
594 189 5
921 721 8
100 886 1
574 327 5
357 702 7
980 79 8
508 635 6
579 509 3
442 865 7
561 515 8
458 618 8
296 320 0
401 855 4
169 643 5
303 269 3
269 687 3
205 673 6
748 355 5
456 455 1
363 128 5
472 331 1
233 620 8
477 891 6
185 329 8
293 864 6
171 517 5
953 780 2
266 476 0
606 267 7
893 113 2
460 902 3
92 885 0
518 445 5
120 932 7
560 617 8
848 243 6
759 849 2
123 456 2
641 1000 5
770 255 5
332 194 5
500 938 3
435 544 0
9 358 4
882 122 2
139 924 3
285 990 6
633 258 3
759 911 4
435 71 0
973 642 2
179 149 7
923 627 7
483 440 7
664 380 2
813 720 3
162 309 1
274 276 3
895 136 3
396 95 7
637 361 1
522 815 8
666 252 6
920 402 0
895 58 6
972 86 2
981 324 0
48 392 5
379 567 8
371 767 0
261 650 6
466 589 3
638 926 8
850 278 0
99 510 6
66 209 0
308 225 8
523 247 1
702 255 2
14 204 3
25 328 1
278 658 8
433 589 5
920 422 1
299 224 6
140 338 8
449 274 5
674 359 0
256 403 5
929 996 8
401 639 6
967 774 0
889 912 3
255 656 8
131 847 5
424 871 3
870 184 7
860 13 1
334 920 4
282 595 1
372 857 1
688 852 1
906 913 1
566 820 6
285 378 5
911 614 6
201 530 5
868 601 8
363 421 4
16 682 7
40 700 2
670 53 5
867 173 1
952 393 4
263 385 4
507 979 0
635 752 8
577 135 6
400 744 4
382 740 1
838 317 0
5 447 4
941 799 8
242 479 5
771 626 4
300 779 7
158 294 6
150 290 4
1000 158 7
511 142 2
260 709 7
461 663 6
997 414 5
70 311 8
404 578 4
335 184 7
636 444 0
541 34 3
971 976 3
490 432 6
735 344 4
668 504 2
590 553 5
566 536 5
31 648 5
854 145 2
274 594 2
941 708 5
619 303 0
887 689 8
830 353 4
375 137 0
732 919 7
230 696 2
170 203 3
1000
8 977 32
20 95 35
29 511 42
59 933 59
67 765 67
68 639 89
70 219 95
120 579 120
123 975 123
125 831 125
137 620 142
148 673 164
150 455 166
151 829 167
154 527 177
155 525 196
159 898 202
183 274 228
202 431 241
227 685 242
229 385 261
248 935 262
280 449 280
300 381 300
317 818 317
323 329 323
333 946 333
344 982 355
350 856 363
355 422 383
366 102 387
370 299 400
371 159 408
376 489 423
393 891 455
411 765 467
416 709 472
439 963 481
442 443 495
453 526 496
458 791 523
464 503 532
467 772 540
468 519 566
473 827 579
484 853 582
485 585 621
500 915 625
518 569 627
520 640 632
523 136 634
526 172 639
540 68 641
548 353 650
552 314 657
570 328 664
579 788 668
580 357 678
584 217 691
588 70 713
592 405 721
609 792 742
616 106 759
623 801 761
624 229 765
628 252 766
631 952 770
647 259 772
660 895 779
674 644 830
692 358 831
700 363 854
730 187 861
738 465 870
741 468 871
749 250 884
760 536 893
799 10 930
808 693 937
809 368 947
810 555 951
817 854 963
819 408 979
843 662 984
884 921 999
887 238 1009
903 269 1011
906 687 1013
912 560 1014
922 42 1046
924 223 1047
927 824 1076
935 333 1078
938 480 1091
950 679 1098
960 376 1105
971 243 1123
978 13 1129
1002 400 1130
1009 466 1134
1021 788 1140
1024 604 1141
1029 967 1151
1046 805 1168
1051 175 1181
1065 232 1186
1075 33 1193
1079 579 1196
1080 457 1197
1082 140 1199
1083 321 1211
1085 982 1228
1092 491 1261
1097 596 1290
1102 100 1301
1108 611 1330
1124 281 1338
1130 481 1349
1154 200 1361
1196 698 1363
1202 607 1369
1221 252 1371
1228 930 1376
1232 861 1392
1237 361 1398
1242 729 1414
1248 601 1442
1252 826 1444
1278 140 1479
1307 905 1480
1316 458 1485
1324 960 1488
1345 23 1491
1365 638 1504
1372 381 1511
1377 209 1528
1387 816 1543
1402 761 1551
1413 847 1555
1428 51 1569
1444 119 1599
1452 550 1638
1455 84 1644
1458 169 1649
1463 142 1656
1467 632 1723
1471 216 1750
1472 459 1753
1478 699 1754
1483 790 1776
1486 175 1782
1488 47 1795
1505 968 1804
1529 926 1810
1536 393 1814
1537 239 1815
1543 113 1845
1585 740 1846
1598 55 1856
1618 61 1883
1623 230 1889
1624 720 1905
1651 413 1926
1657 169 1928
1664 226 1933
1668 316 1953
1673 486 1962
1680 220 1974
1701 221 1977
1719 360 1989
1723 882 1999
1727 299 2003
1734 526 2015
1743 884 2017
1746 914 2026
1747 513 2028
1752 947 2053
1760 165 2072
1785 280 2091
1823 674 2101
1828 78 2124
1830 875 2128
1845 494 2129
1848 330 2134
1849 939 2142
1850 892 2146
1879 806 2155
1880 923 2157
1885 517 2176
1893 499 2188
1897 250 2214
1902 920 2221
1917 833 2232
1925 663 2267
1936 939 2275
1942 707 2276
1963 576 2298
1969 282 2307
1971 844 2311
2003 430 2327
2010 777 2340
2033 798 2360
2035 196 2361
2075 341 2370
2083 401 2371
2093 892 2390
2104 177 2404
2113 998 2405
2123 96 2412
2137 622 2419
2147 478 2422
2163 202 2432
2167 199 2435
2176 139 2438
2193 592 2453
2197 632 2471
2218 598 2484
2229 373 2497
2249 267 2510
2251 658 2511
2259 539 2515
2295 850 2517
2309 563 2531
2313 94 2547
2357 40 2555
2370 191 2557
2371 916 2568
2387 948 2569
2388 448 2576
2396 183 2584
2409 216 2590
2417 979 2624
2432 236 2627
2436 631 2628
2447 795 2635
2482 116 2639
2483 840 2646
2484 417 2662
2485 216 2663
2490 446 2678
2492 421 2691
2517 852 2692
2522 812 2728
2553 163 2737
2568 354 2787
2569 128 2791
2578 390 2815
2600 978 2821
2614 242 2835
2641 15 2843
2643 489 2848
2654 807 2852
2655 579 2881
2662 120 2887
2672 496 2908
2673 243 2920
2683 616 2939
2684 967 2940
2695 645 2947
2700 383 2966
2711 821 2972
2715 437 2976
2736 919 2988
2737 944 2996
2752 898 2999
2780 653 3003
2803 439 3011
2826 617 3015
2830 561 3020
2838 391 3032
2844 639 3035
2855 669 3048
2874 218 3051
2877 205 3062
2885 551 3063
2889 453 3066
2913 170 3077
2922 854 3104
2925 264 3107
2977 15 3122
2981 372 3125
2991 857 3134
2992 510 3156
2994 187 3186
2999 539 3200
3013 376 3214
3015 588 3233
3021 80 3234
3023 651 3251
3026 536 3265
3030 84 3269
3032 437 3283
3033 833 3301
3038 488 3315
3039 634 3322
3047 583 3330
3057 471 3337
3065 133 3342
3066 458 3358
3071 81 3377
3104 958 3382
3110 608 3386
3116 199 3389
3125 218 3397
3135 204 3399
3136 430 3411
3138 916 3419
3140 866 3429
3141 971 3437
3159 702 3462
3160 207 3482
3163 615 3504
3182 687 3505
3186 11 3513
3189 53 3515
3203 995 3516
3233 55 3522
3234 294 3535
3240 929 3562
3242 266 3585
3244 627 3589
3246 686 3591
3272 212 3597
3284 947 3600
3285 709 3627
3303 955 3633
3305 954 3653
3306 971 3669
3333 432 3674
3334 841 3678
3354 973 3679
3355 283 3680
3356 230 3706
3409 169 3716
3416 405 3737
3426 177 3738
3437 476 3751
3438 236 3763
3449 267 3782
3454 347 3805
3470 314 3809
3524 146 3812
3546 657 3813
3561 491 3828
3562 461 3832
3583 635 3838
3588 733 3863
3594 281 3866
3608 902 3882
3609 505 3888
3626 306 3889
3640 420 3922
3643 878 3930
3649 796 3941
3680 236 3943
3684 740 3957
3690 428 3969
3695 348 3970
3699 761 4023
3704 34 4025
3724 626 4048
3732 872 4058
3733 597 4063
3739 516 4069
3749 679 4096
3757 886 4115
3774 52 4124
3775 913 4126
3783 192 4140
3788 941 4148
3800 63 4149
3822 743 4159
3823 954 4179
3832 840 4183
3834 249 4185
3842 82 4187
3852 151 4195
3853 947 4196
3857 656 4214
3869 580 4216
3870 217 4224
3871 921 4230
3872 75 4232
3880 683 4266
3883 134 4275
3900 298 4283
3916 157 4288
3917 737 4302
3919 117 4309
3927 275 4359
3931 610 4388
3933 924 4391
3949 108 4394
3960 430 4403
3970 931 4409
3972 841 4416
3976 164 4426
3982 635 4430
4027 269 4436
4034 123 4443
4040 481 4454
4043 418 4470
4057 720 4476
4059 928 4478
4060 509 4485
4094 961 4491
4119 280 4493
4121 654 4496
4140 462 4507
4153 22 4508
4182 786 4511
4206 817 4530
4207 589 4540
4215 253 4546
4234 484 4550
4250 145 4556
4260 799 4558
4264 448 4561
4269 319 4607
4275 849 4664
4285 588 4666
4291 107 4669
4296 216 4683
4301 313 4685
4327 822 4689
4331 417 4690
4334 483 4701
4366 797 4710
4367 365 4711
4371 678 4733
4374 628 4736
4377 925 4742
4387 54 4752
4401 812 4762
4410 140 4766
4436 385 4767
4442 60 4770
4449 877 4773
4475 719 4787
4480 351 4793
4492 874 4803
4505 639 4806
4512 720 4810
4516 205 4818
4537 645 4825
4540 849 4839
4550 373 4841
4570 883 4844
4575 843 4846
4578 380 4855
4580 795 4865
4601 710 4867
4618 51 4875
4623 510 4878
4625 39 4879
4633 395 4880
4653 64 4899
4658 885 4906
4672 417 4917
4673 862 4925
4674 839 4939
4693 443 4940
4730 856 4941
4732 630 4957
4743 859 4972
4745 973 4976
4754 759 4983
4785 957 4991
4800 756 5002
4809 888 5008
4812 768 5010
4814 494 5022
4823 766 5037
4830 75 5039
4850 135 5045
4875 439 5050
4889 415 5059
4900 481 5060
4909 255 5064
4958 15 5069
4960 276 5078
4976 530 5079
4994 379 5086
5003 66 5087
5007 644 5090
5023 428 5119
5043 750 5126
5048 879 5145
5058 43 5148
5081 481 5157
5090 826 5160
5094 409 5166
5095 892 5167
5118 415 5174
5134 842 5183
5137 624 5199
5146 845 5200
5159 754 5217
5162 114 5218
5172 275 5263
5212 944 5264
5219 9 5267
5222 146 5272
5236 69 5278
5255 773 5288
5267 388 5297
5270 509 5299
5315 131 5315
5320 449 5320
5332 395 5332
5335 610 5336
5343 599 5343
5350 542 5353
5351 71 5361
5365 252 5368
5370 833 5370
5378 324 5378
5381 191 5381
5426 981 5426
5428 739 5428
5436 641 5436
5445 899 5445
5448 754 5448
5468 163 5468
5469 679 5469
5490 502 5490
5496 670 5509
5502 699 5515
5519 170 5541
5526 290 5544
5543 708 5548
5553 179 5569
5555 645 5575
5556 658 5599
5570 865 5606
5618 41 5620
5619 686 5624
5623 934 5625
5636 872 5636
5656 336 5656
5664 920 5664
5677 254 5677
5696 885 5696
5699 840 5699
5704 890 5704
5715 174 5715
5717 917 5717
5747 646 5747
5758 371 5758
5774 268 5774
5784 905 5784
5788 636 5788
5818 644 5818
5834 892 5834
5838 233 5838
5839 638 5839
5843 539 5843
5846 16 5846
5882 118 5882
5885 506 5885
5889 521 5889
5890 709 5890
5893 636 5893
5896 373 5896
5903 95 5903
5923 626 5923
5924 749 5924
5943 739 5943
5946 766 5946
5956 335 5956
5963 300 5963
5978 55 5978
5984 12 5984
5987 863 5987
5992 784 5992
5994 221 5994
5996 400 5996
6015 392 6015
6016 673 6016
6017 643 6017
6081 394 6081
6107 122 6107
6118 853 6118
6121 246 6121
6122 867 6122
6124 919 6124
6131 266 6131
6133 61 6133
6142 645 6142
6147 374 6147
6151 959 6151
6168 990 6168
6198 671 6198
6205 808 6205
6233 904 6233
6238 440 6238
6254 615 6254
6265 930 6265
6294 559 6294
6306 710 6306
6309 997 6309
6334 867 6334
6340 382 6340
6358 877 6358
6365 673 6365
6366 316 6366
6372 197 6372
6374 108 6374
6383 295 6383
6390 769 6390
6394 844 6394
6395 83 6395
6397 906 6397
6406 439 6406
6415 42 6415
6421 169 6421
6442 669 6442
6445 340 6445
6446 93 6446
6451 938 6451
6459 782 6459
6461 123 6461
6493 858 6493
6498 417 6498
6506 606 6506
6507 931 6507
6512 323 6512
6517 548 6517
6537 296 6537
6538 753 6538
6549 718 6549
6563 954 6563
6570 904 6570
6576 495 6576
6595 966 6595
6609 100 6609
6649 564 6649
6657 98 6657
6660 158 6660
6669 887 6669
6694 343 6694
6707 593 6707
6712 982 6712
6714 280 6714
6722 22 6722
6742 548 6742
6748 912 6748
6764 66 6764
6772 280 6772
6778 646 6778
6780 744 6780
6781 980 6781
6794 207 6794
6805 336 6805
6808 458 6808
6812 215 6812
6815 707 6815
6826 374 6826
6831 918 6831
6835 204 6835
6837 435 6837
6859 466 6859
6862 890 6862
6864 322 6864
6867 277 6867
6870 817 6870
6875 143 6875
6897 483 6897
6906 430 6906
6911 742 6911
6912 880 6912
6919 738 6919
6923 812 6923
6924 881 6924
6927 21 6927
6934 862 6934
6937 880 6955
6955 207 6959
6977 598 6977
6982 721 6982
6983 35 6983
7020 172 7020
7022 432 7022
7026 30 7026
7031 88 7031
7034 108 7045
7035 139 7053
7050 92 7070
7057 488 7084
7062 267 7088
7063 841 7091
7080 625 7097
7084 894 7107
7090 48 7114
7099 81 7149
7110 368 7152
7119 229 7162
7142 796 7164
7147 140 7173
7148 74 7177
7150 202 7187
7161 573 7218
7168 77 7219
7174 757 7222
7178 596 7226
7183 105 7249
7204 382 7267
7214 363 7280
7216 789 7296
7233 693 7304
7242 627 7320
7260 773 7321
7264 947 7324
7269 439 7330
7277 951 7368
7285 347 7377
7290 259 7391
7294 362 7397
7314 103 7398
7318 480 7404
7323 34 7421
7327 530 7422
7347 773 7432
7367 360 7435
7368 870 7440
7379 31 7448
7380 349 7454
7382 387 7464
7392 54 7467
7401 939 7468
7407 880 7478
7413 940 7494
7424 681 7497
7426 14 7500
7458 635 7509
7505 448 7517
7526 706 7526
7527 927 7532
7529 199 7548
7534 246 7551
7552 303 7558
7570 668 7582
7573 415 7590
7603 37 7603
7621 886 7621
7625 836 7625
7637 631 7637
7647 100 7647
7649 404 7649
7670 984 7670
7690 329 7690
7691 674 7691
7692 427 7692
7711 560 7711
7720 457 7720
7733 613 7733
7735 487 7735
7744 773 7744
7752 772 7752
7756 901 7756
7757 768 7757
7780 265 7780
7786 832 7793
7790 188 7808
7791 555 7812
7800 307 7816
7807 541 7819
7811 808 7830
7814 977 7834
7817 921 7849
7835 713 7857
7844 625 7860
7845 99 7878
7854 987 7881
7860 677 7903
7869 89 7909
7872 141 7914
7881 262 7923
7895 779 7927
7897 380 7945
7904 523 7949
7909 649 7960
7915 341 7970
7952 764 7972
7953 450 7975
7965 360 7990
7974 507 7992
7977 777 7993
8019 936 8019
8031 606 8031
8033 720 8033
8034 669 8034
8051 460 8051
8057 342 8057
8079 122 8079
8103 873 8103
8109 831 8109
8113 518 8113
8130 584 8130
8144 680 8144
8148 501 8148
8151 949 8151
8159 665 8159
8162 431 8162
8163 551 8163
8176 979 8176
8183 849 8183
8194 262 8194
8209 709 8209
8266 233 8266
8268 903 8268
8281 228 8281
8287 335 8287
8290 573 8290
8302 314 8302
8318 793 8318
8321 862 8321
8327 181 8327
8331 626 8331
8350 368 8350
8356 738 8356
8360 610 8360
8369 123 8369
8404 492 8404
8412 96 8412
8417 641 8417
8437 133 8437
8450 120 8450
8458 274 8458
8461 23 8461
8467 187 8467
8477 676 8477
8568 58 8568
8577 79 8577
8578 21 8578
8593 511 8593
8595 684 8595
8599 127 8599
8615 48 8615
8623 444 8623
8624 353 8624
8625 308 8625
8634 480 8634
8656 73 8656
8660 52 8660
8667 683 8667
8672 458 8672
8675 62 8675
8678 673 8678
8687 948 8687
8697 598 8697
8700 105 8700
8708 446 8708
8718 424 8718
8724 788 8724
8732 520 8732
8741 64 8741
8742 842 8742
8744 144 8744
8753 767 8753
8779 259 8779
8787 990 8787
8803 775 8803
8809 902 8809
8814 589 8814
8825 121 8825
8836 778 8836
8849 672 8849
8859 952 8859
8878 483 8878
8879 941 8879
8883 32 8883
8894 222 8894
8906 103 8906
8912 436 8912
8931 511 8931
8936 479 8936
8942 129 8942
8948 520 8948
8953 411 8953
8955 945 8955
8961 170 8961
8969 510 8969
8970 551 8970
8979 425 8979
8985 45 8985
9003 946 9003
9004 748 9004
9009 952 9009
9011 254 9011
9026 545 9026
9027 889 9027
9035 197 9035
9042 116 9042
9046 113 9046
9073 781 9073
9078 570 9078
9088 830 9088
9094 238 9094
9114 887 9114
9117 922 9117
9134 972 9134
9135 912 9135
9157 321 9157
9161 237 9161
9168 446 9168
9171 149 9171
9198 961 9198
9227 918 9227
9228 750 9228
9245 637 9245
9247 280 9247
9254 135 9254
9264 63 9264
9274 210 9274
9276 438 9276
9289 222 9289
9304 62 9304
9316 360 9316
9327 393 9327
9330 382 9330
9332 438 9332
9343 127 9343
9350 504 9350
9353 149 9353
9354 694 9354
9371 251 9371
9381 678 9381
9382 626 9382
9400 280 9400
9411 319 9411
9412 62 9412
9440 945 9440
9441 30 9441
9447 184 9447
9450 852 9450
9454 59 9454
9489 739 9489
9516 327 9516
9518 151 9518
9530 976 9530
9539 59 9539
9543 155 9543
9553 975 9553
9568 755 9568
9573 762 9573
9576 941 9576
9592 147 9592
9594 149 9594
9600 722 9600
9605 945 9605
9609 144 9609
9626 170 9626
9631 78 9631
9643 126 9643
9669 365 9669
9677 823 9677
9684 911 9684
9687 795 9687
9691 926 9691
9703 546 9703
9710 209 9710
9722 395 9722
9725 912 9725
9745 392 9745
9749 778 9749
9750 320 9750
9761 495 9761
9775 552 9775
9779 895 9779
9781 781 9781
9795 962 9795
9801 596 9801
9803 485 9803
9806 72 9806
9815 77 9815
9834 466 9834
9836 917 9836
9846 46 9846
9858 861 9858
9860 265 9860
9861 181 9861
9866 467 9866
9885 400 9885
9890 311 9890
9895 881 9895
9898 104 9898
9909 827 9909
9910 275 9910
9916 779 9916
9921 784 9921
9923 513 9923
9924 84 9927
9931 190 9940
9944 597 9946
9949 265 9951
9974 515 9974
9988 81 9988
9990 767 9990
9992 101 9992
