1000 999
250 635 16
93 501 7
799 182 16
903 999 1
385 300 2
172 393 1
765 707 11
268 762 11
705 667 15
540 96 5
994 574 16
786 674 3
836 52 12
401 80 15
799 375 6
621 801 16
858 301 10
738 758 15
999 731 3
235 282 10
881 133 9
345 975 3
23 743 7
785 962 9
175 126 13
376 18 0
417 815 1
692 982 2
395 414 17
873 319 11
22 707 2
701 275 20
367 190 9
63 338 7
148 652 11
531 285 19
650 375 10
30 939 15
519 37 9
897 305 10
591 498 11
626 974 2
871 252 5
977 908 4
31 942 7
913 490 18
332 637 2
447 166 0
186 596 10
689 458 11
154 469 11
99 361 17
224 438 14
505 147 20
538 993 5
962 494 18
335 493 0
882 379 12
173 932 14
804 603 20
116 521 19
830 348 17
519 691 18
108 740 2
437 325 19
171 16 16
26 978 7
665 294 2
538 389 0
219 371 12
873 74 19
629 653 15
485 68 4
824 659 4
214 713 20
898 615 17
664 1000 3
26 264 20
373 727 14
557 741 2
889 761 8
639 550 9
513 264 15
473 376 20
761 322 9
701 156 4
55 900 8
42 935 8
311 531 13
186 558 12
879 910 0
471 493 6
560 704 11
786 737 2
512 47 15
863 812 6
447 975 19
677 175 10
47 807 10
847 678 11
661 859 13
647 798 11
307 236 1
1 655 1
438 682 7
115 885 9
116 201 12
697 156 15
98 993 14
646 491 12
802 21 18
308 827 0
19 413 17
572 6 11
315 771 8
417 905 6
592 609 7
464 169 14
643 979 6
580 598 10
419 423 5
795 507 6
517 127 14
103 57 15
228 957 4
9 773 15
882 359 13
386 306 10
144 303 5
83 308 17
198 971 2
723 885 17
929 764 7
304 927 11
899 55 14
645 697 8
267 245 2
240 767 1
953 488 9
396 981 4
535 650 3
941 917 12
937 316 1
606 667 13
781 554 6
218 30 9
517 379 4
643 620 3
904 226 20
257 584 13
149 405 18
203 81 9
718 770 14
551 963 19
898 345 10
353 792 15
991 30 19
12 722 14
525 763 17
717 700 17
870 310 0
600 284 4
769 711 12
784 829 13
165 963 3
101 12 17
903 856 15
632 34 0
66 316 8
760 676 17
610 344 17
340 259 2
805 937 3
581 677 3
46 523 15
454 174 10
734 690 18
944 859 11
518 57 18
72 783 20
165 759 2
220 151 7
525 39 2
105 685 2
815 285 0
489 485 6
578 999 11
60 644 19
821 190 1
743 207 12
260 933 2
144 28 13
19 743 2
651 522 16
679 357 9
947 123 3
234 69 13
258 672 9
48 556 7
600 478 16
293 395 9
320 602 6
607 528 15
78 106 3
196 199 12
478 765 8
934 210 0
749 19 16
186 635 20
932 449 12
351 845 0
100 253 4
892 263 12
325 846 6
402 939 16
964 130 9
176 657 8
396 752 4
312 213 16
984 235 10
486 822 18
35 882 1
575 470 16
255 581 15
266 600 19
410 629 20
848 931 18
787 611 1
774 458 4
294 789 10
833 873 19
581 932 19
125 26 5
618 81 1
227 38 0
733 438 3
811 267 8
921 539 1
256 390 8
428 850 2
278 362 8
666 436 11
899 595 0
189 411 14
681 891 16
519 253 5
759 565 18
11 742 14
349 129 8
349 333 4
931 896 13
231 816 16
884 185 4
99 886 14
381 259 8
757 34 10
85 628 0
150 129 16
399 970 7
337 485 1
541 448 1
215 758 7
717 981 9
808 403 18
743 525 8
217 249 17
747 873 18
754 909 5
204 568 9
295 7 3
341 914 12
162 580 1
335 530 4
653 685 3
594 47 1
505 244 11
940 867 15
469 694 12
858 279 3
813 69 18
713 415 18
714 672 13
844 130 2
582 380 1
629 954 10
361 932 0
376 890 19
956 84 13
785 832 11
627 791 0
166 756 13
569 862 1
577 893 5
922 678 18
778 141 5
347 829 4
893 312 11
5 623 11
660 664 16
906 623 3
205 245 20
237 134 18
104 853 15
45 374 1
603 745 3
485 851 17
918 641 7
786 864 3
377 915 12
928 540 19
673 301 11
344 270 2
683 525 10
495 642 12
358 560 16
214 397 18
178 896 11
436 427 6
971 842 3
957 946 12
842 723 12
119 983 2
238 872 6
891 649 2
457 592 3
465 318 0
869 793 18
563 979 11
567 692 16
10 758 20
439 191 12
949 42 7
869 930 5
877 151 0
180 59 7
132 916 0
583 149 6
262 861 20
288 351 20
256 896 14
49 500 1
274 271 15
290 268 2
299 989 3
817 711 2
994 515 17
51 605 2
615 144 14
429 366 12
103 546 6
527 394 3
356 261 2
698 524 15
630 297 1
622 44 7
291 825 20
924 225 9
886 880 1
565 392 9
236 117 19
440 581 8
672 399 10
986 287 1
387 511 20
448 128 17
868 222 1
113 116 6
76 791 1
334 953 18
142 257 20
170 465 8
471 376 18
939 699 16
997 381 18
867 732 1
612 411 15
697 800 1
413 221 5
492 235 6
189 744 18
435 877 1
128 619 20
70 986 14
546 869 5
806 915 14
19 569 8
487 138 6
816 46 18
73 683 12
428 542 5
774 686 19
567 39 7
467 416 16
241 654 8
251 756 11
376 397 6
435 820 8
878 455 8
570 471 2
751 288 16
481 543 17
538 242 9
532 481 10
420 523 6
179 501 4
599 543 15
998 42 5
80 549 13
643 431 11
992 445 19
469 532 0
960 886 5
37 927 2
695 500 12
408 254 5
14 594 13
306 391 7
653 408 8
56 274 3
552 298 4
298 676 0
97 43 6
684 986 8
639 837 10
43 388 13
434 451 10
97 467 10
534 875 17
50 175 7
74 750 7
104 696 11
318 71 0
795 106 18
853 4 6
849 199 1
336 394 2
68 15 4
459 241 5
122 472 3
688 552 7
476 411 8
451 873 1
751 343 8
446 332 4
854 533 3
230 593 0
954 285 8
293 746 2
603 778 17
735 391 14
8 440 6
175 148 17
959 194 16
729 783 19
704 553 19
124 630 15
715 20 3
188 163 2
935 476 13
370 308 0
424 420 1
310 201 17
984 270 20
850 243 6
46 500 3
36 868 4
331 34 12
655 426 8
90 821 11
197 707 16
868 301 18
373 232 17
405 617 19
862 377 7
258 561 6
972 409 10
772 818 6
945 237 8
920 429 18
221 191 0
874 420 0
482 965 12
576 643 17
793 788 20
45 380 19
608 5 17
30 328 5
770 503 2
942 548 4
442 728 13
169 972 6
143 196 15
948 956 5
826 870 8
273 910 14
613 283 15
387 385 15
571 544 8
920 933 10
794 915 19
910 640 19
350 577 10
757 847 16
454 289 1
805 73 16
566 371 15
574 223 17
790 539 17
171 540 11
67 166 1
83 469 11
87 728 18
342 663 15
803 819 12
368 22 19
337 877 8
412 942 7
461 934 14
336 259 0
143 601 0
324 977 13
814 679 4
944 520 0
307 699 11
400 929 14
229 82 7
419 267 9
929 937 11
255 212 7
773 324 20
861 505 3
628 848 19
427 379 7
609 253 14
432 969 3
181 466 16
536 782 11
313 508 14
836 32 16
118 145 14
359 590 12
69 634 12
716 168 5
152 625 3
976 171 11
102 390 6
627 866 7
386 999 12
801 775 11
285 777 3
372 647 15
422 7 8
200 168 13
31 239 8
180 929 8
29 623 18
161 436 7
515 190 12
741 901 3
44 570 6
38 269 10
961 786 7
658 382 7
355 474 7
5 23 4
769 950 4
346 28 16
597 274 4
178 462 7
418 371 17
670 216 14
10 92 7
279 894 11
543 140 8
46 962 18
852 833 18
529 940 6
652 834 15
724 328 16
677 865 20
973 662 15
503 855 11
524 547 10
996 338 11
707 195 13
983 309 17
876 754 10
456 683 6
790 313 13
302 196 6
192 184 10
118 766 13
407 454 15
157 404 6
204 618 7
62 706 19
887 813 7
728 61 11
113 682 7
696 844 2
938 882 5
121 791 4
327 271 11
675 877 2
474 818 4
483 600 12
330 37 3
219 887 6
167 341 17
374 887 10
459 556 19
199 267 11
271 188 13
444 727 19
987 617 4
433 484 14
150 272 16
792 7 18
860 237 8
293 516 13
13 105 10
931 382 3
314 794 17
922 864 2
405 297 3
107 384 9
328 908 20
682 861 19
517 133 12
876 789 18
351 635 1
703 146 9
464 291 16
360 683 0
254 607 2
250 792 0
954 3 4
506 352 3
406 710 18
540 715 13
912 88 7
40 732 0
992 976 5
128 147 9
966 616 18
997 97 3
398 964 8
766 32 10
889 330 7
281 67 16
631 994 20
798 460 13
88 354 12
761 956 13
17 716 11
988 136 9
810 710 5
608 468 3
110 278 18
323 921 12
105 509 13
404 248 13
964 78 14
847 614 13
593 562 4
393 328 10
184 444 8
57 480 16
753 902 14
295 183 11
416 817 12
669 117 17
361 945 7
470 479 11
839 246 10
747 973 20
246 383 13
669 103 12
441 680 14
541 91 2
783 557 12
282 257 5
109 550 16
907 827 19
642 671 16
44 425 1
14 997 11
835 810 9
28 372 14
496 206 4
544 877 17
705 815 18
241 237 14
443 111 13
712 596 3
488 923 19
695 953 19
486 793 12
438 40 12
428 190 7
693 888 18
137 365 11
510 927 3
271 579 16
458 886 1
924 130 2
49 475 13
559 133 14
572 952 17
918 651 10
830 589 0
734 198 7
262 702 20
164 365 8
514 644 20
963 557 6
134 995 20
701 210 20
889 483 18
971 827 16
524 854 13
839 990 13
286 48 10
349 797 9
89 121 1
268 316 20
487 412 19
970 181 9
233 863 14
521 92 3
3 604 14
983 71 19
780 684 0
202 382 13
613 728 12
621 648 9
736 152 17
799 686 16
36 125 4
859 47 8
968 470 4
417 620 1
137 573 7
158 887 17
706 339 8
277 951 20
171 517 10
547 850 11
646 702 5
111 600 19
602 305 20
238 769 12
740 207 16
54 336 5
829 19 16
76 727 15
350 1000 16
6 809 5
519 484 4
126 671 5
307 895 6
900 140 11
498 928 5
690 633 12
317 113 11
405 314 4
166 176 6
271 378 5
187 653 18
755 826 3
952 375 15
40 969 18
720 537 10
568 980 8
843 16 14
174 23 17
55 537 17
404 606 19
765 123 8
417 585 5
387 227 7
391 35 9
685 626 16
672 687 14
926 265 3
980 776 11
378 649 3
941 842 15
920 955 13
844 309 7
857 420 19
858 137 2
849 530 20
612 430 13
219 462 2
819 262 4
693 160 11
597 501 20
504 267 8
177 429 17
297 79 10
663 430 17
317 189 20
664 730 14
780 583 13
944 770 1
549 455 8
666 338 8
158 110 18
448 95 18
534 425 13
601 926 6
686 305 2
90 748 9
854 883 0
894 721 11
432 2 11
605 39 8
739 302 10
53 353 9
550 254 12
951 357 14
369 543 11
208 536 0
450 288 17
162 161 0
490 79 20
453 625 11
334 787 9
612 965 20
229 246 11
967 922 2
122 252 0
779 808 14
838 944 8
755 470 6
831 391 14
656 648 5
497 362 5
782 847 16
136 799 14
62 826 17
904 271 8
946 896 19
182 955 11
924 502 8
918 668 19
185 432 4
216 774 0
840 726 3
40 892 11
559 418 5
721 713 3
381 30 6
564 991 0
436 477 19
75 597 13
390 783 0
638 428 5
411 77 15
207 167 12
659 421 2
132 153 9
412 172 12
329 201 17
313 593 19
471 814 5
217 637 19
588 78 19
65 745 9
352 879 15
230 206 6
402 21 9
925 998 4
245 508 19
21 796 12
122 453 7
863 428 9
248 516 3
888 650 20
985 980 15
451 325 0
725 796 20
572 499 16
326 749 8
810 347 18
4 709 7
150 58 15
823 36 10
856 39 11
696 321 19
117 828 5
449 958 9
767 194 6
445 830 0
552 986 3
22 41 18
159 301 6
511 210 9
734 294 7
548 141 20
765 409 4
452 950 10
211 582 14
681 33 6
413 973 2
785 98 16
112 932 18
25 384 18
348 768 18
287 704 20
775 581 10
582 742 8
296 149 10
533 616 1
463 249 4
668 416 20
895 32 0
426 59 13
770 719 14
241 387 6
120 587 4
17 274 16
586 733 9
773 990 16
919 226 8
92 727 13
105 139 0
980 771 5
475 24 8
932 943 4
280 674 19
545 441 8
52 927 0
58 334 4
636 921 9
1000 12 6
638 64 17
162 270 20
624 759 0
12 246 14
292 819 20
911 679 2
474 869 14
78 87 14
899 172 4
384 201 10
273 3 10
41 841 16
441 60 18
665 313 7
250 626 19
708 505 13
902 731 17
87 86 19
525 122 3
88 682 3
936 375 8
981 801 1
757 582 4
247 908 5
166 773 5
916 528 1
271 193 9
403 513 11
781 780 15
561 508 7
364 290 9
844 767 2
557 190 3
514 980 18
45 27 7
81 570 17
959 323 9
276 453 14
653 681 0
703 114 15
131 26 1
802 706 18
517 607 15
600 555 5
120 959 5
57 455 18
363 214 12
526 519 5
485 811 10
49 932 6
145 94 4
656 384 2
738 223 5
972 299 8
356 716 20
12 146 8
135 150 6
637 560 1
824 244 13
840 44 0
89 155 3
209 747 1
1000
5862 463 22082
100652 647 100652
119724 177 119733
141730 652 141730
192604 621 196816
205815 433 252468
291802 75 291802
515731 763 515731
527087 285 527087
547451 128 547451
584940 362 603487
647734 643 647734
655938 32 655938
724845 872 789684
741420 371 806450
786317 329 852091
863379 831 910090
890332 796 973767
921019 72 985335
966864 832 996774
1028358 366 1028358
1060503 629 1131912
1071480 67 1189329
1110251 429 1203355
1205362 397 1256781
1213587 760 1317086
1227040 419 1328981
1240140 818 1459247
1322460 854 1528094
1535681 52 1589926
1550915 752 1592206
1552280 537 1756059
1590649 615 1897652
1871377 627 1906039
1963501 556 1963501
1976772 151 2059516
2042284 975 2065626
2051738 518 2084448
2069721 77 2089672
2091535 96 2127180
2217361 206 2217361
2257235 520 2257235
2318903 922 2318903
2333778 115 2333778
2357130 617 2521145
2432761 85 2617487
2460823 59 2733036
2501648 286 2761354
2509832 674 2811892
2516503 894 2849222
2541727 180 2978571
2554684 646 3015864
2604522 217 3028335
2650936 399 3103382
2792321 18 3126571
2916632 754 3204739
2925075 174 3270791
2944090 511 3271492
2947274 224 3277125
2948186 398 3539546
2990762 802 3630759
3011773 73 3642110
3060883 764 3669209
3129673 879 3708898
3140904 277 3737052
3147682 744 3755699
3177792 35 3831964
3179790 211 3849556
3293930 155 3850956
3313826 66 3885172
3328283 479 3917469
3330508 168 4008831
3359452 690 4011626
3417772 928 4030975
3528036 247 4052052
3576267 479 4102756
3683201 854 4105558
3740367 935 4122220
3753436 948 4234986
3771910 945 4350489
3808208 217 4350918
3982860 269 4351382
4010271 800 4413059
4059841 120 4463432
4097269 158 4480902
4169671 120 4489216
4204076 200 4545796
4213400 793 4547573
4287299 507 4564555
4445193 38 4671311
4607576 687 4719136
4622186 380 4749472
4694350 425 4772229
4836192 615 4836192
4837852 876 4860401
4873327 401 4873327
4955994 971 4955994
4996069 363 4996069
5031943 812 5031943
5038915 233 5038915
5089738 11 5089738
5151944 499 5151944
5363227 78 5363227
5399650 61 5399650
5449283 23 5449283
5467372 536 5467372
5486101 689 5486101
5531576 700 5531576
5558322 194 5558322
5672285 837 5672285
5731441 454 5731441
5890325 615 5890325
5914638 910 5914638
5923028 553 5923028
5965468 145 5965468
5972919 392 5972919
5995098 768 5995098
6007430 138 6007430
6008574 289 6008574
6090895 953 6090895
6092349 277 6092349
6175923 631 6175923
6177317 466 6177317
6276021 450 6276021
6422639 70 6422639
6442768 441 6442768
6475785 235 6475785
6494101 705 6494101
6500896 462 6500896
6535285 359 6535285
6549129 70 6549129
6581301 981 6581301
6646901 731 6646901
6659234 304 6659234
6676956 564 6676956
6700220 12 6700220
6747138 697 6747138
6781846 45 6781846
6788274 829 6788274
6851084 565 6851084
6882468 292 6884503
6917694 575 6917694
6971735 803 7044177
7010862 672 7089201
7061868 979 7123771
7073894 296 7127694
7076685 433 7142478
7135555 279 7240568
7161507 389 7278792
7197364 211 7284110
7272442 412 7399327
7349995 39 7431584
7388817 314 7451997
7418466 561 7484135
7438429 985 7505343
7442621 796 7551549
7482628 399 7631380
7530524 754 7635535
7543124 859 7644438
7565543 65 7806369
7689667 530 7834892
7774014 592 7845589
7950094 673 7950094
8002864 437 8002864
8236243 889 8236243
8280405 681 8280405
8359301 643 8359301
8368890 671 8368890
8399460 403 8399460
8450613 157 8450613
8471572 792 8471572
8474963 66 8474963
8492491 220 8492491
8513236 332 8513236
8570034 556 8570034
8596228 434 8596228
8611863 816 8611863
8624277 902 8624277
8649509 703 8649509
8659889 289 8659889
8668048 335 8699633
8690610 894 8759002
8695801 868 8767154
8714037 28 8769835
8724244 626 8787078
8780545 795 8805654
8785455 138 8838329
8806875 508 8876799
8860261 721 8916537
9030502 695 9030502
9170547 252 9170547
9203169 490 9203169
9219243 780 9219243
9235792 339 9235792
9312450 751 9312450
9468336 139 9468336
9525324 897 9525324
9549959 438 9549959
9615251 740 9615251
9645422 788 9769567
9711637 734 9841265
9764907 197 9856294
9793714 153 9877453
9888546 500 9891155
9910515 964 9910515
9961252 893 9961252
10055531 401 10055531
10069339 738 10069339
10097324 362 10097324
10127536 234 10146178
10284053 416 10284053
10289077 419 10289077
10459883 730 10459883
10460412 463 10460412
10479445 579 10479445
10484649 928 10484649
10503344 666 10503344
10519833 109 10533329
10528183 244 10541674
10531399 975 10577613
10547820 913 10677892
10562664 181 10789549
10597588 806 10807554
10613290 583 10815322
10614205 423 10818471
10738053 536 10826037
10762220 660 10872317
10805908 250 10891899
10903654 341 10903654
10947990 376 10947990
10999553 41 10999553
11108118 69 11108118
11152281 529 11152281
11183113 118 11183113
11227430 285 11227430
11376745 5 11376745
11486496 426 11486496
11489292 151 11489292
11574266 274 11574266
11590882 232 11590882
11598867 960 11598867
11719022 610 11719022
11758949 429 11758949
11792816 477 11792816
11855973 232 11855973
11857880 416 11857880
11982440 214 11982440
12055343 411 12055343
12095218 232 12095218
12187025 411 12187025
12191727 472 12191727
12232169 681 12232169
12308601 336 12308601
12336170 372 12336170
12457005 315 12457005
12565115 617 12565115
12567524 672 12567524
12591803 588 12591803
12592313 91 12592313
12650317 877 12650317
12680944 772 12680944
12695649 464 12695649
12790374 657 12790374
12798100 393 12798100
12810892 46 12810892
12835404 564 12835404
12875721 933 12910098
12938175 505 13016683
12940584 805 13036089
12943959 89 13067266
12955714 377 13088800
13027196 176 13094864
13043758 388 13097730
13165538 275 13165538
13183490 435 13183490
13185043 862 13230977
13343314 480 13395484
13391313 503 13503237
13412545 122 13588574
13428230 892 13596903
13475897 446 13601886
13584188 442 13637384
13643436 397 13648849
13645155 537 13727968
13681181 620 13729513
13754298 963 13817119
13768516 843 13842192
13798829 828 13847280
13859286 351 13859286
13936173 390 13936173
14002005 135 14002005
14359677 730 14359677
14427210 451 14427210
14479499 308 14479499
14518242 217 14518242
14722882 453 14722882
14830267 515 14830267
14877274 797 14877274
14965853 355 14965853
15156374 586 15156374
15220249 852 15220249
15220969 598 15220969
15223707 458 15223707
15229653 297 15229653
15329180 573 15329180
15337822 348 15337822
15372124 128 15372124
15428141 613 15428141
15462317 650 15462317
15465573 243 15465573
15579275 382 15579275
15618901 859 15618901
15682464 601 15682464
15685162 560 15685162
15692486 148 15692486
15984927 809 15984927
16117082 498 16117082
16140851 833 16140851
16193123 550 16193123
16222687 164 16222687
16259408 237 16259408
16381650 456 16381650
16418600 586 16418600
16436162 475 16436162
16467369 535 16467369
16586879 665 16586879
16610730 85 16610730
16631095 383 16631095
16694934 482 16694934
16761073 446 16761073
16823420 772 16823420
16872597 505 16872597
16892519 163 16892519
16918466 848 16918466
16992801 597 16992801
17052048 27 17052048
17092533 403 17092533
17138949 943 17138949
17183876 999 17183876
17215801 135 17215801
17264896 535 17264896
17287949 129 17287949
17290239 881 17290239
17303409 287 17303409
17413607 299 17413607
17434350 92 17434350
17449110 913 17449110
17461585 578 17461585
17490440 404 17490440
17594842 82 17594842
17608446 595 17608446
17618576 268 17618576
17623653 737 17623653
17631911 693 17631911
17643883 729 17643883
17651090 367 17651090
17697136 451 17697136
17726214 502 17726214
17779651 592 17779651
17830892 279 17830892
17877180 377 17877180
17904755 965 17904755
17986142 126 17986142
18028994 768 18028994
18043934 734 18043934
18214258 453 18214258
18266456 526 18266456
18322602 246 18322602
18369471 780 18369471
18376787 181 18376787
18378832 644 18378832
18456384 961 18456384
18502933 635 18502933
18580633 571 18580633
18592333 453 18592333
18650060 437 18650060
18684931 231 18684931
18727860 963 18727860
18813636 828 18813636
18932591 125 18932591
19051647 428 19051647
19098949 26 19098949
19147219 257 19147219
19211333 188 19211333
19324287 220 19324287
19406956 825 19406956
19414580 23 19414580
19550850 424 19550850
19613549 112 19613549
19770061 655 19770061
19817213 717 19817213
19878713 938 19878713
19939612 810 19939612
19990563 296 19990563
20028909 388 20028909
20095001 70 20095001
20114626 575 20114626
20131022 872 20131022
20132673 83 20132673
20158343 290 20158343
20212402 809 20212402
20381855 725 20381855
20520464 441 20520464
20526519 509 20526519
20557535 729 20557535
20586914 842 20586914
20599025 358 20599025
20614803 217 20614803
20690114 799 20690114
20706654 714 20706654
20723196 960 20723196
20746364 424 20746364
20774321 752 20774321
20938412 837 20938412
20990701 459 20990701
21035783 99 21035783
21065965 50 21065965
21068440 235 21068440
21146969 425 21146969
21150131 418 21150131
21180311 910 21180311
21239709 826 21239709
21378755 944 21378755
21443581 475 21443581
21494965 987 21494965
21512911 669 21512911
21545283 467 21545283
21655954 779 21655954
21667204 661 21667204
21689086 950 21689086
21696330 72 21696330
21700303 176 21700303
21744631 638 21744631
21764084 239 21764084
21953744 928 21953744
22017237 899 22017237
22080203 198 22080203
22108216 832 22108216
22128133 465 22128133
22139569 876 22139569
22246248 313 22246248
22309501 351 22309501
22371991 907 22371991
22413943 565 22413943
22463580 130 22463580
22469137 580 22469137
22470693 304 22470693
22522096 986 22522096
22579589 317 22579589
22655671 29 22655671
22664379 191 22664379
22672425 220 22672425
22688009 498 22688009
22776600 281 22776600
22842781 424 22842781
22845184 263 22845184
22868470 883 22868470
22921882 621 22921882
22947358 5 22947358
23019893 375 23019893
23060008 358 23060008
23061829 160 23061829
23102955 963 23102955
23103118 125 23103118
23188568 139 23188568
23213234 180 23213234
23220286 849 23220286
23273211 153 23273211
23307986 540 23307986
23523444 432 23523444
23556161 111 23556161
23656501 769 23656501
23661532 335 23661532
23770217 948 23770217
23843364 955 23843364
23849773 728 23849773
23944003 64 23944003
24008419 337 24008419
24222505 433 24222505
24224302 786 24224302
24269649 98 24269649
24303108 620 24303108
24541715 956 24541715
24594373 390 24594373
24683989 193 24683989
24690893 549 24690893
24714167 535 24714167
24735563 283 24735563
24781913 587 24781913
24802669 542 24802669
24806910 104 24806910
24827128 519 24827128
24847962 492 24847962
24923227 397 24923227
24927295 169 24927295
24937977 210 24937977
24952704 560 24952704
24998091 735 24998091
25070815 31 25070815
25118505 820 25118505
25166468 424 25166468
25313241 39 25313241
25387252 687 25387252
25423981 241 25423981
25430097 492 25430097
25457274 73 25457274
25504523 574 25504523
25509990 631 25509990
25714263 410 25714263
25722771 875 25722771
25723965 561 25723965
25778468 103 25778468
25938185 823 25938185
25969253 750 25969253
26005459 691 26005459
26064094 262 26064094
26075603 600 26075603
26100566 6 26100566
26248019 290 26248019
26252096 824 26252096
26270888 8 26270888
26283929 970 26283929
26457235 542 26457235
26480300 259 26480300
26500007 751 26500007
26514871 721 26514871
26577842 776 26577842
26628945 258 26628945
26670405 792 26670405
26849940 542 26849940
26884831 608 26884831
26941740 793 26941740
26991171 4 26991171
26994173 387 26994173
27019971 474 27019971
27157974 332 27157974
27251322 694 27251322
27433280 21 27433280
27475992 795 27475992
27500829 477 27500829
27511614 10 27511614
27526246 759 27526246
27689599 529 27689599
27696583 395 27696583
27710930 447 27710930
27715699 41 27715699
27759350 706 27759350
27767807 853 27767807
27834504 880 27834504
27844363 50 27844363
27875509 377 27875509
27915847 281 27915847
27977800 677 27977800
28030593 449 28030593
28049127 939 28049127
28149689 498 28149689
28191025 972 28191025
28317749 447 28317749
28330117 280 28330117
28361411 857 28361411
28365659 442 28365659
28370616 120 28370616
28386611 426 28386611
28451048 971 28451048
28488729 972 28488729
28507719 831 28507719
28549603 442 28549603
28622825 966 28622825
28749146 88 28749146
28750356 120 28750356
28774442 641 28774442
28832941 373 28832941
28860445 669 28860445
28873458 809 28873458
28907055 919 28907055
29025461 657 29025461
29039717 48 29039717
29052460 649 29052460
29138785 82 29138785
29179232 593 29179232
29325164 293 29325164
29382811 760 29382811
29385743 797 29385743
29388842 882 29388842
29421516 792 29421516
29492594 205 29492594
29576447 407 29576447
29721452 547 29721452
29797273 785 29797273
29824204 189 29824204
29872154 418 29872154
29889262 401 29889262
29957457 574 29957457
29958026 846 29958026
30011490 598 30011490
30016384 818 30016384
30029156 29 30029156
30116413 516 30116413
30184843 267 30184843
30200323 94 30200323
30258977 843 30258977
30263702 183 30263702
30273883 343 30273883
30328223 772 30328223
30506843 133 30506843
30588547 353 30588547
30607433 209 30607433
30685763 483 30685763
30746585 982 30746585
30771725 347 30771725
30772581 305 30772581
30835011 833 30835011
30835572 53 30835572
30927812 687 30927812
30974064 963 30974064
31073019 842 31073019
31114452 318 31114452
31138753 513 31138753
31141158 583 31141158
31150424 362 31150424
31175038 451 31175038
31176918 855 31176918
31177229 503 31177229
31230704 541 31230704
31282585 154 31282585
31359021 452 31359021
31363059 828 31363059
31367361 520 31367361
31374368 222 31374368
31395530 849 31395530
31465769 783 31465769
31492824 963 31492824
31546223 276 31546223
31826943 398 31826943
31851616 782 31851616
31980205 701 31980205
32002487 288 32002487
32024996 309 32024996
32049260 24 32049260
32105461 354 32105461
32216074 495 32216074
32345739 133 32345739
32448065 252 32448065
32480301 831 32480301
32512285 377 32512285
32555421 299 32555421
32608156 449 32608156
32642383 491 32642383
32675011 164 32675011
32791397 582 32791397
32845179 46 32845179
32959334 237 32959334
32964817 837 32964817
32977793 140 32977793
32994580 78 32994580
33008442 469 33008442
33084955 141 33084955
33085575 541 33085575
33124876 670 33124876
33135384 404 33135384
33157360 362 33157360
33185894 479 33185894
33283094 91 33283094
33343216 358 33343216
33347860 819 33347860
33416246 77 33416246
33578728 136 33578728
33582982 731 33582982
33658434 907 33658434
33670214 570 33670214
33701532 963 33701532
33704315 76 33704315
33829699 430 33829699
33851695 260 33851695
33922493 561 33922493
34172875 160 34172875
34226599 104 34226599
34249663 823 34249663
34348869 611 34348869
34349526 237 34349526
34383629 181 34383629
34400834 637 34400834
34454119 695 34454119
34481320 323 34481320
34492425 567 34492425
34504437 159 34504437
34608963 966 34608963
34662790 174 34662790
34750586 92 34750586
34794111 489 34794111
34898437 344 34898437
34973937 451 34973937
34986917 653 34986917
35036285 123 35036285
35040813 47 35040813
35072902 434 35072902
35151816 300 35151816
35219341 988 35219341
35260551 760 35260551
35388760 863 35388760
35390839 98 35390839
35414867 908 35414867
35476817 254 35476817
35565285 762 35565285
35573209 87 35573209
35610624 812 35610624
35698727 210 35698727
35802866 332 35802866
35832225 119 35832225
35857563 875 35857563
35937808 597 35937808
36010298 888 36010298
36014155 9 36014155
36062955 946 36062955
36089052 535 36089052
36301124 144 36301124
36348785 831 36348785
36403216 667 36403216
36462058 285 36462058
36538972 958 36538972
36571286 928 36571286
36671588 564 36671588
36674795 841 36674795
36723613 805 36723613
36732422 236 36732422
36732968 478 36732968
36742855 363 36742855
36775827 694 36775827
36858278 696 36858278
36869480 145 36869480
36909297 674 36909297
36997136 754 36997136
37002706 423 37002706
37014398 897 37014398
37014521 827 37014521
37015734 691 37015734
37139261 836 37139261
37146382 741 37146382
37161079 752 37161079
37241529 493 37241529
37351241 515 37351241
37377417 287 37377417
37453423 201 37453423
37455125 340 37455125
37500542 519 37500542
37513066 934 37513066
37795552 79 37795552
37885021 353 37885021
37890145 655 37890145
37897987 65 37897987
37903843 662 37903843
37905962 89 37905962
37949402 390 37949402
37959689 451 37959689
37962076 277 37962076
37962924 477 37962924
38116598 953 38116598
38124704 481 38124704
38140629 428 38140629
38158537 994 38158537
38162729 185 38162729
38257342 349 38257342
38283359 907 38283359
38362510 40 38362510
38528798 110 38528798
38699667 738 38699667
38779150 8 38779150
38782663 731 38782663
38797880 521 38797880
38799110 302 38799110
38826728 812 38826728
38906132 13 38906132
38906425 227 38906425
38917878 274 38917878
38965725 84 38965725
39007351 756 39007351
39075640 609 39075640
39089052 620 39089052
39168286 58 39168286
39289211 502 39289211
39366816 443 39366816
39429253 313 39429253
39597604 198 39597604
39674275 79 39674275
39696141 382 39696141
39701583 320 39701583
39716714 773 39716714
39797356 383 39797356
39806280 120 39806280
39984115 42 39984115
40035176 861 40035176
40050932 652 40050932
40075809 154 40075809
40099012 962 40099012
40124595 818 40124595
40234633 395 40234633
40271160 222 40271160
40278528 508 40278528
40304352 157 40304352
40323630 142 40323630
40330937 224 40330937
40336877 803 40336877
40337037 603 40337037
40337627 375 40337627
40402585 855 40402585
40408985 313 40408985
40541688 362 40541688
40542092 880 40542092
40592349 175 40592349
40621814 943 40621814
40662659 186 40662659
40732092 934 40732092
40747727 349 40747727
40773158 359 40773158
40780879 106 40780879
40825011 684 40825011
40893196 385 40893196
40909113 298 40909113
40926848 664 40926848
41056851 484 41056851
41072493 55 41072493
41082143 415 41082143
41106257 715 41106257
41148891 725 41148891
41168818 239 41168818
41223697 593 41223697
41263537 276 41263537
41316500 41 41316500
41327092 232 41327092
41355849 615 41355849
41384652 393 41384652
41516124 165 41516124
41519485 892 41519485
41609764 58 41609764
41664773 875 41664773
41672820 273 41672820
41672893 407 41672893
41750999 461 41750999
41776839 360 41776839
41846014 354 41846014
41868464 159 41868464
41881732 742 41881732
41935962 766 41935962
41971404 544 41971404
42058975 645 42058975
42095768 937 42095768
42102337 422 42102337
42103000 843 42103000
42143806 138 42143806
42171800 903 42171800
42224994 39 42224994
42282784 159 42282784
42352901 458 42352901
42490023 772 42490023
42603389 314 42603389
42615788 901 42615788
42620671 24 42620671
42644756 693 42644756
42715352 99 42715352
42731616 590 42731616
42803600 969 42803600
42833411 150 42833411
42958017 487 42958017
42960251 434 42960251
43003087 196 43003087
43014417 76 43014417
43097604 689 43098028
43168301 940 43218628
43195113 109 43436345
43235031 6 43446497
43266665 648 43509723
43360492 366 43736769
43374134 579 43765926
43394383 834 43766980
43403600 566 43768474
43405146 263 43933331
43507986 907 43938814
43536821 566 43944769
43585957 950 43951745
43594760 928 43962255
43641837 408 43964244
43725432 393 44024433
43740315 244 44073256
43755436 619 44092167
43886501 989 44264655
44094428 947 44281259
44099574 665 44291877
44107298 368 44368697
44325018 132 44493335
44343732 638 44570702
44348429 983 44721045
44365573 870 44796794
44374423 745 44842649
44412610 686 44918468
44492552 483 44975317
44543403 995 45023914
44574793 47 45065373
44674805 793 45161437
44680148 698 45178755
44701504 262 45226158
44727302 692 45242763
44774830 505 45273158
44800541 404 45275937
44842568 433 45289262
44899957 30 45301342
44987116 677 45500428
45006152 955 45613540
45097787 238 45779629
45107157 712 45796376
45153404 357 45861976
45212639 493 45894197
45231179 719 45904524
45268682 447 46051969
45285776 694 46095600
45387492 548 46117986
45445287 107 46130748
45458399 235 46151936
45495270 729 46194942
45570471 87 46246671
45633207 252 46256804
45707637 546 46268751
45712768 506 46317074
45728627 583 46358053
45769836 464 46372750
45896103 498 46408763
45916069 837 46676438
45917554 130 46738668
46077128 213 46783646
46145512 548 46807525
46179947 382 46889566
46202316 975 46893757
46269890 173 46952802
46331244 576 47001109
46332401 284 47039176
46377919 872 47065270
46386251 818 47068360
46422274 330 47089247
46424376 787 47132922
46477592 39 47169590
46557984 328 47174480
46622015 597 47261222
46669471 135 47317027
46699437 166 47338201
46733606 687 47393098
46782313 488 47436940
47014398 319 47469265
47036976 806 47473940
47171787 630 47481272
47185398 991 47495987
47223897 919 47671341
47335549 122 47695541
47340783 686 47703946
47348653 443 47861777
47366457 805 47917472
47380866 134 47966472
47389879 902 48003626
47407591 163 48022027
47598896 233 48207165
47663279 419 48275068
47733263 719 48292663
47736063 592 48306751
47825848 798 48313251
47839460 86 48346838
47844884 630 48449568
47925441 995 48452539
47941373 126 48482007
48088692 422 48562596
48100030 465 48577190
48152144 286 48629522
48269867 898 48633414
48446691 498 48638920
48452629 129 48705977
48460445 590 48747122
48578951 757 48778197
48584788 65 48789683
48680385 330 48805639
48689387 655 48828010
48787129 596 48853607
48924939 597 48969979
48957238 960 49015069
48983121 181 49159019
48983920 849 49203166
49017646 96 49294239
49064280 609 49344900
49257443 533 49373249
49288972 35 49376730
49328802 499 49398491
49407710 948 49429925
49414336 908 49526010
49445806 399 49536902
49542525 184 49561161
49550000 207 49584930
49620772 3 49620772
49643660 941 49643660
49647330 529 49655649
49685233 599 49809550
49764531 901 49886841
49816930 882 49953845
49858319 266 49954604
49914822 500 49963459
