1000 999
243 492 2
346 10 4
147 699 16
423 377 1
24 722 14
454 785 15
505 744 12
784 543 18
660 275 18
340 121 20
254 993 16
487 734 7
747 21 15
94 236 16
578 718 15
857 375 1
704 949 6
611 300 19
41 184 15
886 133 16
631 491 5
242 386 18
275 320 7
19 495 11
915 97 1
174 617 11
889 81 3
130 272 7
861 576 11
910 255 16
874 548 16
842 103 20
715 548 11
734 107 11
627 220 9
245 751 17
668 47 3
795 591 12
550 449 13
30 395 12
825 1000 13
943 831 18
973 809 1
881 290 0
28 46 6
12 395 8
522 367 6
154 925 7
551 516 20
447 69 11
488 58 3
757 83 13
89 13 4
919 255 4
189 429 0
253 593 13
880 683 14
723 780 16
893 589 8
671 11 14
883 17 2
139 960 13
365 433 2
258 667 14
138 557 12
214 453 0
181 669 15
964 467 2
516 456 20
621 282 10
200 847 6
322 921 10
792 206 8
624 17 16
51 928 17
110 414 19
1000 249 12
756 89 3
358 369 8
995 840 3
957 193 9
51 778 11
829 166 2
109 332 6
433 843 8
627 128 10
172 838 8
654 729 10
179 728 13
500 901 17
899 945 18
737 830 7
777 387 18
62 580 0
94 537 9
178 97 2
734 531 9
277 5 1
246 93 17
406 667 4
991 766 17
876 789 11
572 905 5
371 176 10
941 288 6
906 542 14
951 98 2
473 243 15
103 579 12
470 857 20
146 995 2
673 141 6
875 260 14
36 728 16
669 998 5
940 369 3
520 584 3
493 354 18
2 669 6
848 421 15
113 472 19
682 269 13
442 114 3
115 424 2
248 189 0
184 400 10
908 442 19
516 360 18
385 41 16
1000 531 3
281 102 16
662 798 17
255 510 17
209 129 1
274 977 17
363 879 5
554 949 17
787 878 0
279 380 10
572 544 9
966 980 11
879 808 7
251 292 11
810 721 5
690 870 4
59 76 4
115 263 8
769 85 5
490 491 11
508 43 13
278 174 2
528 496 2
294 484 10
544 702 10
67 804 14
859 533 10
622 471 7
424 29 16
153 319 19
790 30 14
118 592 15
536 346 4
129 464 1
40 982 20
239 829 3
247 328 15
996 42 18
713 299 18
628 639 12
864 660 20
315 253 6
750 242 18
411 204 17
565 855 17
917 468 0
608 180 18
265 428 15
385 628 6
142 179 11
206 224 13
976 732 20
546 491 3
994 308 16
679 381 2
987 398 4
190 799 10
119 410 12
950 411 2
885 370 11
921 770 4
697 525 11
438 45 11
194 389 0
322 141 15
786 730 16
407 65 4
682 273 3
394 247 13
835 44 1
993 950 6
930 502 11
167 992 8
244 745 6
433 84 9
494 526 4
781 759 5
331 530 6
494 664 15
3 966 20
304 838 20
321 163 9
772 974 18
846 314 17
801 62 15
555 821 4
868 56 11
900 783 4
852 514 6
240 967 17
388 296 10
455 475 19
506 83 7
3 519 19
758 372 8
601 444 6
920 462 14
225 945 8
738 766 12
460 92 0
750 398 3
961 520 14
566 203 20
435 68 4
376 363 20
787 861 8
998 691 6
651 676 1
131 742 17
82 402 18
825 298 18
763 776 6
530 709 18
863 241 19
39 279 1
615 856 3
904 54 20
906 908 6
329 122 13
712 94 15
105 651 10
28 297 16
290 169 17
752 904 11
99 450 14
320 551 9
774 514 8
225 913 16
316 227 19
66 643 1
70 357 5
575 578 9
231 102 17
84 212 14
586 673 8
305 992 8
792 416 9
6 23 8
446 474 14
573 88 11
244 754 7
384 274 1
721 439 7
879 680 6
460 326 14
215 242 9
865 448 7
759 775 19
742 866 20
761 733 8
50 228 10
918 543 4
178 74 14
589 436 15
910 319 3
766 640 18
333 911 7
705 386 6
478 716 9
293 330 16
417 471 4
554 658 7
436 883 5
202 772 13
383 514 7
637 381 9
691 53 2
816 415 9
443 187 10
741 201 10
104 292 3
916 876 11
496 434 0
735 521 11
330 404 14
244 292 17
457 649 7
154 238 4
657 630 0
445 677 10
173 618 20
887 931 16
411 527 3
85 542 13
922 204 4
779 877 9
710 95 13
536 687 17
947 625 2
833 867 18
293 184 4
326 999 3
608 847 16
35 17 6
635 212 5
660 760 5
194 890 3
439 324 5
667 946 2
392 598 4
147 861 15
506 661 2
916 565 0
940 144 7
354 857 13
545 431 18
476 196 12
63 9 9
337 348 2
221 745 8
867 767 4
787 852 1
945 926 7
532 957 1
432 990 5
134 666 1
363 581 2
130 302 12
397 630 1
102 844 3
974 567 16
989 865 14
341 905 9
323 662 3
646 749 13
302 48 12
858 258 19
578 570 13
128 793 14
597 66 11
329 590 1
773 493 5
248 343 9
4 153 3
471 281 12
928 937 15
22 577 6
482 588 11
387 303 20
938 257 13
164 968 7
428 359 1
796 780 5
618 824 19
780 820 10
416 448 0
494 689 4
198 371 8
690 816 12
358 556 3
148 93 11
585 834 11
355 453 1
527 583 7
115 911 10
483 969 8
826 834 16
313 639 16
635 151 18
502 986 5
34 365 20
653 886 19
750 996 14
280 909 10
795 283 11
610 545 10
797 351 20
61 376 10
568 288 1
868 456 16
86 526 5
719 708 18
556 78 0
452 390 9
858 711 7
477 6 12
359 246 0
883 915 12
325 505 5
402 41 13
805 395 12
100 80 1
962 197 2
418 898 1
574 448 3
314 78 11
592 847 8
528 257 20
102 782 10
306 74 19
49 963 8
521 860 0
237 276 0
837 445 18
307 100 10
407 232 11
270 569 7
223 512 18
652 150 13
553 79 1
365 895 2
110 869 3
123 727 8
862 600 13
576 935 0
606 898 20
504 585 16
754 388 11
218 67 7
503 555 4
988 248 10
870 753 13
982 189 20
818 391 0
124 599 2
146 352 19
569 419 4
94 466 8
176 403 4
148 751 20
572 904 5
433 71 9
769 119 20
234 947 16
913 311 18
214 676 4
922 361 13
498 951 20
534 279 18
208 609 1
988 434 9
672 106 17
694 384 0
597 567 14
569 312 2
388 553 10
5 235 5
374 223 15
530 72 20
89 443 7
762 309 16
954 657 12
101 274 14
764 348 8
834 984 14
981 148 16
699 672 8
531 462 15
753 322 2
2 621 9
360 183 12
958 668 8
918 353 0
103 384 18
709 959 16
746 480 5
271 429 9
614 656 4
348 765 14
190 973 8
405 125 16
972 402 8
301 690 8
603 92 19
794 999 15
126 579 15
827 974 4
75 502 19
479 874 4
365 892 10
171 929 7
363 517 1
292 915 8
891 291 9
307 820 16
636 894 15
812 216 6
349 147 4
828 896 3
457 682 20
588 134 17
893 373 18
694 13 7
685 353 13
941 729 15
923 693 2
135 344 9
28 778 3
457 943 15
971 435 10
716 380 1
484 710 6
339 357 9
233 336 0
768 487 3
29 688 5
888 675 15
58 858 13
264 117 15
909 793 2
491 185 17
973 412 13
964 486 9
517 529 19
850 844 5
641 616 4
802 685 1
397 170 18
186 140 3
305 997 2
836 335 11
858 616 2
476 581 12
198 538 5
740 832 13
430 303 5
111 69 7
863 6 18
91 540 7
716 229 19
698 5 6
642 165 9
318 555 18
865 385 18
73 188 8
408 228 6
683 849 8
819 27 5
721 363 16
175 534 9
285 762 6
241 730 11
230 862 14
159 391 12
465 349 4
917 305 6
25 315 14
762 536 15
944 4 16
900 753 1
510 264 0
5 805 2
220 448 5
132 726 6
484 252 20
693 32 18
974 851 12
445 33 0
425 273 7
742 543 11
937 565 8
874 985 3
579 217 19
378 703 4
708 119 16
942 279 10
390 180 14
506 199 6
779 838 0
939 801 13
27 14 8
764 233 18
884 87 4
2 867 17
369 199 9
674 998 11
810 76 2
841 813 14
135 743 18
105 927 0
577 264 14
647 141 20
640 907 13
353 652 18
426 209 17
666 747 0
966 889 12
602 235 7
52 466 8
574 314 18
556 396 16
160 283 17
662 724 8
611 20 8
55 848 12
171 930 16
342 736 15
213 192 4
507 79 5
325 427 13
547 161 17
618 931 0
308 168 7
930 362 8
196 578 3
182 664 12
811 754 15
62 943 3
52 984 4
381 894 2
366 214 16
992 552 1
680 662 15
912 10 6
424 736 14
87 515 19
526 289 8
338 873 1
823 116 9
692 467 20
1 137 13
260 643 15
43 274 0
549 62 1
346 3 7
278 563 2
272 601 10
659 766 14
205 466 4
298 413 0
934 845 4
822 135 13
37 813 0
579 137 20
620 60 11
631 713 10
41 141 17
213 695 8
686 210 16
397 497 19
349 918 16
208 642 2
807 800 14
597 501 6
714 583 13
459 485 7
173 386 17
620 307 20
242 24 2
788 896 8
737 226 18
96 326 4
655 222 20
422 365 4
261 555 9
561 641 6
633 754 0
556 726 16
272 720 18
332 594 1
16 226 6
458 154 5
262 91 6
157 771 7
604 79 14
982 428 0
116 276 3
420 465 20
192 451 8
673 467 15
37 315 4
562 821 8
29 771 16
901 213 9
224 95 20
622 1 19
709 219 16
845 511 13
871 725 18
264 251 6
524 996 5
463 511 14
205 274 20
479 957 17
494 975 18
452 321 10
218 474 12
142 983 0
111 64 6
645 626 9
99 821 17
550 660 5
77 771 15
788 872 8
501 696 8
665 295 0
763 120 18
541 955 7
325 619 17
57 733 2
871 2 7
218 306 20
550 819 1
803 619 12
636 129 19
655 602 19
65 896 12
156 634 16
26 662 5
513 811 9
348 577 17
484 201 16
578 91 7
379 731 5
862 558 20
823 334 0
270 665 3
979 883 18
207 481 13
236 612 15
518 907 1
644 883 20
532 728 7
7 215 1
222 197 9
977 866 14
172 283 10
685 707 10
927 396 3
8 266 3
829 785 1
349 473 5
237 547 13
663 584 4
25 359 15
200 15 11
849 824 8
980 469 20
545 637 6
670 17 17
499 538 11
294 226 0
158 649 6
267 741 2
968 548 15
696 195 19
322 705 19
845 104 5
686 353 9
957 626 14
49 285 18
949 489 18
921 149 20
826 923 12
912 137 12
130 538 17
268 747 5
739 175 5
469 480 19
393 146 8
160 948 4
275 752 20
110 234 7
112 953 13
244 686 10
607 340 1
47 136 17
890 703 11
509 285 15
261 31 16
961 571 6
974 717 6
135 732 0
210 731 7
890 790 5
371 73 17
598 289 20
366 329 6
324 108 13
127 1 10
996 6 7
259 526 6
55 301 16
885 455 11
368 288 4
261 810 5
629 20 20
914 310 4
406 18 0
233 423 1
303 477 16
72 643 3
152 37 2
250 891 15
758 935 15
700 979 6
743 767 7
850 903 6
388 278 11
138 532 11
566 945 10
382 459 0
314 203 15
885 852 17
956 397 9
630 758 15
472 150 11
908 339 0
376 468 7
211 296 10
888 925 8
363 520 2
437 853 1
565 57 14
223 981 10
347 92 20
656 78 8
938 60 16
535 30 14
748 108 0
643 907 18
583 687 18
308 595 1
737 632 20
528 623 0
603 72 18
533 522 20
207 337 16
98 487 7
835 45 12
564 910 19
797 413 18
806 161 11
390 841 0
537 121 0
931 873 1
902 936 10
352 328 0
859 28 11
168 9 14
631 438 5
924 596 7
297 69 17
967 256 16
539 377 13
484 678 20
923 613 6
493 508 3
129 713 9
88 454 12
735 794 8
914 272 9
96 435 1
706 360 6
965 791 6
736 515 2
733 399 0
6 828 7
813 791 20
658 748 19
755 639 17
384 650 12
729 559 5
853 120 7
237 974 13
680 33 20
719 886 0
775 442 18
913 800 4
212 236 16
503 836 10
93 123 17
305 177 10
469 165 2
177 191 0
141 767 6
814 41 2
740 505 0
634 494 11
520 935 12
544 140 12
227 121 19
35 266 7
234 830 13
904 409 15
749 95 0
674 444 14
795 290 5
969 326 15
294 182 19
931 263 15
972 317 12
694 308 14
317 432 5
744 238 14
680 701 8
605 353 2
591 284 6
200 406 1
43 213 0
286 962 13
852 978 2
69 440 18
935 288 19
715 355 20
607 902 0
882 584 19
350 632 17
771 437 19
291 378 11
818 854 16
668 694 1
635 145 17
208 327 11
747 387 20
925 523 0
682 923 14
942 862 20
681 869 0
937 719 9
112 569 5
329 648 9
848 815 15
731 39 14
461 687 15
38 183 15
73 641 7
582 916 19
877 889 4
139 376 20
976 615 2
155 493 14
152 124 4
394 853 2
898 11 5
50 106 6
382 803 20
933 878 4
958 812 14
379 75 17
821 45 11
19 617 14
479 932 18
286 606 14
428 399 18
839 666 0
182 460 19
684 444 12
811 638 20
821 162 16
818 9 14
300 669 13
836 109 4
697 434 11
897 79 3
765 817 3
924 653 4
587 128 5
108 799 18
364 954 15
825 970 4
722 541 2
125 217 11
501 356 16
932 270 16
523 102 0
901 550 16
883 378 10
249 13 2
401 941 2
605 287 13
855 441 6
595 90 19
345 556 14
952 281 1
143 193 9
873 829 4
72 967 3
560 42 12
993 206 8
1000
1180 25 4076
12341 522 12341
17441 142 18639
19607 400 38251
21299 231 71082
32274 180 77227
34715 80 78494
38750 211 89569
40554 320 91771
44284 930 97267
55576 681 102671
70398 852 129590
80649 362 139808
81667 302 148843
103482 191 160060
104860 611 161792
107704 590 168926
121860 570 182679
125432 798 197787
128793 297 207443
146351 193 233392
151987 400 244608
156131 997 252678
159125 404 281003
176913 703 281241
177393 55 289293
180914 520 291882
220574 609 318182
221931 12 334050
241084 543 357265
254290 880 358726
255050 848 362777
255253 618 387290
266199 457 390982
270594 987 402109
273692 862 404322
284144 643 429465
284669 812 444003
291597 878 444599
299202 941 505221
305573 187 541423
320056 490 545978
338398 110 547862
350588 120 581108
363830 992 609775
374049 898 616620
374386 367 643115
387987 386 643562
391216 576 643984
398543 877 657068
401067 787 657348
410623 897 658386
411814 287 661078
423838 954 735746
436540 956 737682
453917 494 741878
456674 154 746303
462196 589 780840
465742 870 789562
470580 913 792961
512974 879 826994
515933 233 829868
527556 854 832068
539680 581 843737
545735 787 844471
550035 536 873549
578136 554 897479
620676 503 910195
640642 386 915027
650448 879 932161
662033 360 948337
665542 908 953935
684358 913 964972
713797 8 974449
732777 616 976742
733046 203 990855
734494 718 995702
738409 932 1031426
745407 984 1035542
769230 398 1039809
776237 595 1063789
780209 134 1072791
813650 555 1076888
820133 473 1084156
834352 254 1104786
878410 33 1109765
896150 362 1120791
896764 674 1136728
903483 292 1151784
908031 715 1160150
922629 614 1178619
923715 765 1183219
937833 923 1196471
945116 372 1206257
949368 56 1206565
977345 865 1209942
985932 758 1212112
990995 279 1212298
1003090 919 1230192
1003674 597 1246186
1003693 690 1264266
1006672 180 1279908
1012667 230 1286978
1028052 600 1287815
1029231 482 1297525
1042562 875 1305680
1049741 539 1313042
1052078 52 1322207
1055991 136 1327405
1061635 855 1329024
1076892 420 1363159
1097045 649 1367585
1110473 898 1398122
1117844 806 1413944
1138314 362 1429563
1155993 597 1433946
1168452 94 1456503
1193455 653 1459199
1206571 298 1460428
1208464 7 1476142
1212641 977 1490075
1224706 47 1514820
1252642 160 1535575
1254141 173 1568336
1256928 519 1573583
1261833 595 1581266
1266610 580 1587929
1275345 117 1594396
1290952 718 1608809
1297640 793 1621240
1299425 153 1623257
1334015 616 1685561
1344672 605 1693542
1348604 529 1695510
1356218 472 1701988
1373494 58 1710713
1381359 89 1711357
1405717 27 1714542
1423499 683 1718723
1441038 362 1720783
1454088 740 1741323
1484408 558 1742980
1489263 840 1743575
1490013 947 1746744
1512515 585 1750888
1527914 541 1759051
1546802 109 1786267
1565431 121 1798747
1565983 573 1804257
1633036 120 1807617
1652382 566 1808090
1661731 921 1855463
1666165 289 1863742
1671830 235 1868544
1686363 638 1875320
1688009 21 1886194
1690980 74 1896610
1704028 501 1898358
1708224 321 1898753
1724545 171 1905003
1725729 969 1907297
1771408 191 1916858
1773758 439 1925914
1782395 430 1932097
1795371 206 1953737
1818872 966 1965717
1819931 746 1976661
1834412 441 1981120
1837065 98 1995301
1853085 160 2014573
1853303 285 2019515
1865621 313 2025999
1878086 986 2028451
1886280 13 2028855
1895182 884 2029755
1895542 610 2032256
1903791 474 2062947
1906505 651 2063763
1923000 807 2076423
1930728 106 2083816
1980371 70 2092110
1988278 250 2106514
2032245 927 2110666
2047703 353 2126905
2054227 800 2144005
2059841 766 2144385
2070137 348 2148125
2074768 973 2155870
2112137 765 2165548
2138425 421 2200704
2149656 727 2222886
2165987 497 2246416
2171725 573 2247827
2171838 514 2253533
2206925 35 2263502
2207677 196 2285690
2246134 196 2310335
2247485 820 2368883
2256608 414 2374498
2308317 36 2377919
2331452 207 2385735
2363914 47 2393828
2365162 469 2401261
2382826 491 2407462
2391062 128 2416938
2394904 597 2429388
2397942 959 2451727
2404802 178 2454381
2414834 658 2466101
2427749 276 2484101
2429260 97 2491118
2434836 339 2513911
2445400 57 2517048
2480507 68 2517813
2480538 400 2527151
2489090 955 2537983
2495589 860 2572925
2499182 986 2576119
2502886 865 2599661
2510907 17 2617647
2521855 662 2652404
2531944 560 2653522
2558965 325 2663768
2571552 298 2666343
2571783 566 2669219
2579116 160 2670119
2608931 676 2672732
2614105 277 2675059
2637268 815 2680564
2642535 835 2682403
2645623 420 2688893
2662097 760 2689450
2688382 830 2701683
2718483 493 2718483
2727470 170 2727470
2734033 454 2734033
2738440 230 2738440
2759017 652 2759017
2763158 711 2763158
2784882 802 2784882
2788877 731 2789460
2805865 463 2809360
2813738 843 2815361
2815471 719 2820104
2821430 485 2829043
2823655 994 2836943
2824486 785 2857265
2829241 137 2860872
2849223 167 2861157
2849391 771 2874995
2849837 830 2880333
2855459 500 2904781
2864373 940 2909350
2865388 717 2917969
2867058 651 2953885
2871112 379 2957976
2872838 419 2991068
2895266 199 3000841
2945412 146 3001864
2957247 131 3002673
2971227 553 3028785
2974042 950 3033613
2974678 958 3036959
2977977 221 3044421
2981950 887 3072319
2984417 149 3081565
2987662 40 3087098
2994783 752 3105486
2999412 704 3109546
3000373 633 3118532
3002201 871 3129002
3007133 125 3132346
3013798 91 3142147
3016770 364 3149140
3048299 972 3149266
3056685 381 3159129
3060812 494 3160206
3068654 913 3164263
3077622 624 3165952
3079184 696 3170173
3086270 317 3180678
3102545 626 3181307
3135010 445 3198331
3138461 515 3212033
3162112 950 3220156
3172005 135 3227615
3196390 347 3228336
3204364 854 3235278
3210273 981 3246781
3219164 277 3248120
3223434 334 3251559
3227051 933 3254511
3240500 775 3260964
3245016 653 3263048
3253351 494 3289874
3254513 645 3299292
3271587 509 3334230
3287780 128 3367294
3320462 773 3371029
3331461 793 3380614
3336905 659 3382898
3364684 145 3383503
3372506 61 3384096
3376741 224 3385306
3379801 905 3395044
3381083 487 3408906
3382946 720 3413462
3407238 319 3440175
3437260 828 3455362
3441986 960 3458457
3443876 694 3460053
3449440 221 3464102
3459434 198 3474482
3479471 930 3479991
3495961 843 3495961
3498191 724 3498191
3500542 225 3506236
3501747 377 3513736
3503327 667 3517793
3506786 321 3540343
3537152 40 3547852
3540167 281 3560124
3554719 66 3565104
3557653 887 3568658
3558089 97 3574932
3564600 346 3609204
3564732 55 3618447
3598569 738 3621572
3607674 368 3625412
3617173 482 3633151
3621492 152 3637790
3621732 56 3649370
3623629 796 3652010
3628212 361 3656211
3631955 378 3688363
3651917 93 3693312
3659859 97 3696208
3667846 678 3702135
3677751 64 3717732
3683176 283 3725395
3694090 39 3728455
3694995 856 3736365
3701067 192 3752655
3717923 931 3753438
3723077 872 3766486
3729069 79 3777774
3744866 416 3788575
3758046 534 3789036
3761866 647 3809467
3765170 973 3811230
3774482 754 3813175
3778009 350 3821288
3780348 318 3825175
3783990 626 3832074
3802442 489 3842541
3817850 640 3854369
3818783 436 3859495
3821209 203 3862251
3823539 447 3866853
3826762 118 3872720
3827354 119 3877570
3827742 921 3886378
3839014 762 3888717
3846742 273 3931309
3852198 757 3934438
3860800 513 3940032
3930098 632 3955131
3933474 713 3963772
3941458 462 3987247
3944494 668 3990593
3956275 441 3998934
3959561 421 4002146
3959793 905 4015230
3963540 676 4017280
3977025 351 4021837
3981420 270 4029502
3985108 474 4032180
3991561 595 4033642
3996041 889 4049066
4009751 526 4051091
4023612 734 4077780
4025547 665 4088448
4034517 856 4110570
4036546 222 4115815
4057984 694 4126352
4059666 895 4144490
4061045 44 4172737
4063443 378 4174503
4068083 859 4216606
4069633 257 4237100
4080701 613 4245364
4103607 226 4276554
4121941 942 4283283
4148531 897 4284299
4169027 576 4284585
4189432 205 4288017
4192099 599 4301945
4194772 11 4336891
4204208 788 4338160
4207787 216 4344499
4215228 732 4366072
4219806 348 4368557
4222534 323 4373243
4225758 925 4373745
4229350 619 4374007
4231427 492 4374780
4246872 945 4382261
4252460 898 4383300
4256379 821 4394722
4262010 935 4410732
4269475 116 4423384
4282836 585 4434235
4296364 983 4437278
4316720 445 4442301
4325833 368 4443187
4340809 127 4458544
4364178 650 4462436
4364402 472 4466094
4391432 309 4470804
4396801 129 4476842
4418076 67 4505079
4425056 877 4516917
4430462 9 4519300
4431089 452 4527921
4466778 799 4531574
4472985 751 4532722
4477799 432 4555632
4508656 282 4558613
4525986 457 4568309
4542661 353 4590311
4550028 517 4608844
4551100 207 4609534
4566797 710 4615349
4571469 210 4628899
4584010 219 4632203
4589830 636 4635614
4595597 898 4657820
4596171 633 4660178
4600152 20 4675240
4603675 64 4679991
4621164 360 4681023
4624801 706 4692123
4639182 570 4694894
4653319 53 4695348
4656141 51 4696604
4657605 760 4713223
4704899 286 4727870
4745185 359 4745230
4764607 815 4764607
4766457 629 4766457
4787839 824 4787839
4820373 940 4820373
4820408 887 4820408
4833462 468 4833462
4859396 912 4859396
4868886 165 4868886
4870305 437 4870305
4877174 342 4877174
4878561 781 4878561
4883193 854 4883193
4892975 467 4892975
4918369 389 4918369
4921116 501 4921116
4928841 506 4928841
4948755 624 4948755
4956094 824 4956094
4980209 495 4980209
4980447 36 4980447
4984135 298 4984135
4995309 247 4995309
5001880 985 5001880
5010208 422 5010208
5020708 305 5020708
5041617 416 5041617
5042987 589 5042987
5054781 571 5054781
5056175 741 5056175
5061033 798 5061033
5062135 393 5062135
5062770 235 5062770
5065782 486 5065782
5088094 927 5088094
5100231 41 5100231
5108097 856 5108097
5110564 312 5110564
5113021 703 5113021
5118307 633 5118307
5119110 382 5119110
5120434 797 5120434
5120497 1000 5120497
5123105 29 5131213
5123937 146 5133117
5130366 93 5150858
5147670 625 5154648
5153461 326 5162604
5156535 835 5173297
5172815 545 5195225
5176697 950 5218131
5227839 688 5227839
5228842 882 5228842
5229324 309 5229324
5232254 588 5232254
5253726 858 5280631
5265706 736 5288465
5281616 457 5301164
5283573 396 5316012
5291174 852 5320936
5291176 525 5322769
5292358 946 5336026
5299319 780 5343942
5301319 758 5353707
5311828 618 5361176
5316812 323 5361566
5325960 907 5366124
5326318 45 5368568
5332257 526 5371823
5350827 438 5376761
5351613 808 5389905
5364759 923 5397535
5397749 575 5421138
5403215 667 5427310
5455446 243 5455446
5496189 135 5496189
5499532 859 5499532
5501623 577 5501623
5503782 716 5503782
5514352 931 5514352
5528326 408 5528326
5531126 216 5531126
5540766 171 5540766
5549303 783 5549303
5573381 70 5573381
5586316 311 5586316
5590286 165 5590286
5623821 7 5623821
5631993 927 5631993
5635237 823 5635237
5645681 56 5645681
5659396 600 5659396
5663036 640 5663036
5663467 31 5663467
5680514 18 5680514
5691868 368 5691868
5700260 976 5700260
5706985 987 5706985
5716787 635 5716787
5722920 915 5722920
5743038 945 5743038
5763246 158 5763246
5767613 165 5767613
5778289 46 5778289
5783963 223 5783963
5788685 753 5788685
5828225 772 5828225
5843775 350 5843775
5852856 428 5852856
5855761 220 5855761
5866088 140 5866088
5869264 686 5869264
5875697 108 5875697
5877571 82 5877571
5907015 275 5907015
5915085 905 5915085
5929664 676 5929664
5937543 850 5937543
5942263 177 5942263
5947497 210 5947497
5959487 798 5959487
5963326 734 5963326
5964678 813 5964678
5973098 339 5973098
5974819 563 5974819
5976827 585 5976827
5991705 356 5991705
5997500 44 5997500
5999261 678 5999261
6001005 527 6001005
6038954 22 6038954
6042709 42 6042709
6088548 184 6088548
6101141 818 6101141
6105529 597 6105529
6113243 419 6113243
6131361 709 6131361
6132026 752 6132026
6139023 801 6139023
6170320 710 6170320
6175640 239 6175640
6181463 228 6181463
6183106 887 6183106
6183488 966 6183488
6197901 283 6197901
6201838 482 6201838
6203559 213 6203559
6214751 469 6214751
6215431 84 6215431
6216098 63 6216098
6229918 468 6229918
6238292 977 6238292
6249892 885 6249892
6258011 155 6258011
6258565 329 6258565
6263647 953 6263647
6275126 580 6275126
6288772 104 6288772
6316412 609 6316412
6319464 951 6319464
6325653 624 6325653
6328339 521 6328339
6337797 102 6337797
6348873 175 6348873
6352593 715 6352593
6369866 567 6369866
6379604 36 6379604
6388881 924 6388881
6405111 87 6405111
6409643 762 6409643
6410687 750 6410687
6413478 837 6413478
6418518 279 6418518
6418709 559 6418709
6421135 638 6421135
6428938 247 6428938
6442076 311 6442076
6450540 698 6450540
6455492 553 6455492
6460670 178 6460670
6460953 429 6460953
6474879 613 6474879
6476254 168 6476254
6483224 410 6483224
6487664 724 6487664
6488240 133 6529689
6492755 680 6530233
6498957 830 6534914
6503418 579 6544837
6523015 734 6548261
6529274 57 6554971
6534848 951 6586705
6560732 552 6586999
6567000 96 6590123
6570643 716 6590435
6607024 884 6607024
6618723 36 6618723
6618766 406 6618766
6623322 335 6623322
6631701 872 6640161
6642462 472 6643931
6643055 923 6658262
6663795 526 6691666
6668402 32 6702940
6674297 750 6711995
6675991 528 6736130
6694779 929 6748596
6714227 708 6751290
6719542 41 6762765
6727246 935 6777789
6728709 752 6778092
6733066 798 6783387
6745484 157 6804822
6746376 166 6819552
6751908 830 6829522
6756905 249 6834585
6757034 5 6843219
6770692 55 6857803
6781514 44 6873395
6784943 596 6876204
6789891 641 6932378
6790987 546 6958339
6792722 767 6975318
6793982 477 6990139
6797343 11 6993926
6800017 510 6997303
6819326 355 7003829
6821269 728 7017792
6825543 911 7043598
6838950 276 7083431
6848709 880 7084597
6870889 250 7085319
6872986 222 7090855
6873172 129 7104047
6873671 301 7125454
6875430 823 7134062
6884032 113 7138948
6909420 832 7148409
6916110 963 7152112
6963608 151 7168652
6967910 695 7168798
6973506 962 7171355
6976023 318 7178823
6976158 619 7190797
6978052 297 7191086
6982559 560 7224058
6992783 614 7228268
6993218 903 7228421
6994419 881 7231020
7000688 278 7245900
7003265 934 7251424
7003533 428 7257375
7004793 128 7259102
7005019 183 7274944
7010287 972 7285462
7027910 605 7289249
7038469 715 7318548
7039921 239 7318746
7047498 724 7333217
7067680 525 7343534
7070375 441 7347342
7081152 69 7349829
7084309 460 7370919
7107268 69 7372460
7132045 931 7377390
7133211 504 7378708
7156883 236 7389549
7168163 19 7391186
7186050 470 7392524
7210488 417 7392568
7220841 605 7393490
7228732 468 7395234
7235003 378 7401006
7236535 166 7403713
7241945 253 7405167
7246344 322 7407346
7246589 948 7414287
7265379 463 7417775
7269092 372 7418763
7282801 222 7420361
7288066 134 7429554
7296776 626 7430600
7297403 869 7457265
7308849 439 7474223
7314387 241 7476266
7316311 561 7479421
7318169 128 7492793
7318505 149 7496478
7322988 254 7510548
7327063 633 7513466
7331171 373 7519245
7339412 970 7528847
7348385 895 7531024
7371726 700 7532856
7390766 207 7535305
7395201 506 7536186
7396761 481 7537617
7399060 865 7557617
7415348 732 7564781
7420735 47 7591095
7435586 723 7593549
7439254 779 7603255
7455804 958 7613105
7481334 26 7617364
7487776 881 7619831
7489803 769 7622752
7491882 554 7626857
7513480 261 7627917
7515003 968 7649698
7526725 338 7654414
7529151 921 7668497
7542008 878 7673914
7555932 967 7679914
7568815 272 7681200
7574645 493 7691632
7577555 763 7700864
7578326 99 7702653
7583298 513 7710415
7583738 634 7717154
7586284 237 7720336
7586989 732 7735159
7620747 953 7743263
7627383 271 7748470
7649952 195 7762946
7669756 920 7764539
7683444 556 7768355
7700686 191 7781646
7704741 20 7784826
7712422 844 7788039
7732254 875 7806266
7732862 749 7814602
7740383 987 7820111
7744441 880 7822305
7771804 627 7839734
7812331 738 7853257
7814711 520 7869578
7840985 177 7881184
7852986 625 7890632
7855581 60 7902190
7862651 850 7902235
7868470 712 7904780
7877502 195 7917274
7895374 3 7919532
7908619 50 7939863
7909479 558 7945684
7917878 509 7950822
7930583 988 7956531
7941378 234 7957786
7944360 914 7970030
7960571 503 7985018
7971822 459 7985487
7974485 219 7987142
7990112 36 8004365
7997634 791 8035267
8008549 233 8048932
8028733 317 8071573
8053638 804 8072244
8072617 708 8072617
8087200 699 8087200
8098126 626 8098126
8119048 287 8119048
8121856 869 8121856
8125415 123 8125415
8125794 209 8125794
8139562 800 8139562
8197386 909 8197386
8219347 676 8219347
8220122 290 8220122
8220782 203 8220782
8227131 816 8227131
8230756 825 8230756
8241580 803 8241580
8245238 561 8245238
8253405 301 8253405
8260936 801 8260936
8269450 817 8269450
8276916 744 8276916
8283675 421 8283675
8319484 651 8319484
8345583 532 8345583
8352834 483 8352834
8360595 179 8360595
8361659 355 8361659
8372711 509 8372711
8379207 261 8379207
8385028 888 8385028
8385820 93 8385820
8389776 786 8389776
8395653 834 8395653
8403025 208 8403025
8406255 749 8406255
8409188 381 8409188
8436946 128 8436946
8437108 406 8437108
8458317 421 8458317
8466867 55 8466867
8469782 709 8469782
8470732 485 8470732
8471309 536 8471309
8477083 249 8477083
8484537 64 8484537
8484960 472 8484960
8487136 697 8487136
8489135 247 8489135
8490482 718 8490482
8498331 265 8498331
8508285 466 8508285
8511417 830 8511417
8535728 37 8535728
8544265 523 8544265
8555970 693 8555970
8565625 764 8565625
8570063 261 8570063
8581843 834 8581843
8585483 958 8585483
8593860 924 8593860
8593975 528 8593975
8594705 633 8609917
8609352 714 8621199
8613994 62 8623077
8626466 307 8626466
8644492 998 8644492
8649805 740 8649805
8663013 1000 8663013
8664393 844 8664393
8719771 233 8719771
8741039 989 8741039
8750036 352 8750036
8784237 960 8784237
8786579 407 8786579
8804708 300 8804708
8811650 596 8811650
8824490 48 8824490
8829912 555 8829912
8833458 808 8833458
8843394 747 8843394
8845820 995 8845820
8853200 448 8853200
8854234 965 8854234
8865793 329 8865793
8869854 232 8869854
8900570 311 8900570
8901267 704 8901267
8902304 391 8902304
8903448 202 8903448
8910853 103 8910853
8918461 439 8918461
8930294 390 8930294
8951562 524 8951562
8952281 21 8952281
8963294 616 8963294
8966425 166 8966425
8968994 601 8968994
8977174 850 8977174
8979638 354 8979638
8985916 136 8985916
9004082 413 9004082
9029247 646 9029247
9036933 220 9036933
9043777 666 9043777
9052320 638 9052320
9057634 683 9057634
9068574 177 9068574
9087811 85 9087811
9092847 249 9092847
9102402 379 9102402
9126580 277 9126580
9139142 341 9139142
9141548 555 9141548
9149199 603 9149199
9159264 55 9159264
9162975 791 9162975
9175317 359 9175317
9181325 807 9181325
9186479 361 9186479
9195825 498 9195825
9217540 559 9217540
9220830 884 9220830
9221508 461 9221508
9228749 94 9228749
9239630 911 9239630
9251675 106 9251675
9258250 817 9258250
9258414 195 9258414
9276677 664 9276677
9281165 767 9281165
9294071 840 9294071
9304640 483 9305492
9306073 273 9306073
9311296 937 9339525
9317165 620 9344125
9368034 974 9368034
9370575 62 9370575
9380642 8 9380642
9425923 201 9425923
9429641 58 9429641
9436517 469 9436517
9441243 476 9441243
9442358 734 9445556
9444816 57 9489732
9445491 117 9493302
9447118 615 9497007
9452469 54 9516703
9486835 994 9546893
9492773 889 9568591
9502022 138 9575434
9553777 30 9592118
9555311 584 9597129
9558944 640 9598184
9566106 452 9605340
9577055 318 9617592
9592751 574 9621911
9603656 449 9631501
9609465 357 9637344
9613408 601 9640295
9628277 717 9660049
9639630 1000 9664763
9646149 620 9668908
9647799 678 9676675
9657408 285 9692610
9658306 626 9699778
9658537 403 9713595
9670232 346 9714279
9672383 612 9723520
9689513 369 9726589
9747829 578 9747829
9756209 290 9756209
9769991 554 9769991
9771308 927 9776084
9777484 838 9791156
9787267 510 9811608
9795533 904 9812449
9799440 669 9815497
9804147 680 9818902
9809200 256 9832184
9811273 711 9842046
9813855 948 9842668
9822061 9 9867955
9829473 842 9868175
9845375 431 9869268
9883923 197 9883923
9888162 136 9888162
9927144 936 9927144
9931598 55 9931598
9939359 362 9939359
9954052 276 9954052
9959643 653 9959643
9973660 167 9973660
9977287 313 9977287
9981737 811 9981737
9983007 419 9983007
9984241 536 9984241
9998420 311 9998420
