1000 999
603 787 8
957 779 19
372 311 18
870 719 6
812 348 1
605 317 18
789 929 17
208 866 4
183 835 16
324 145 15
911 626 16
603 828 19
903 344 1
620 89 3
942 465 17
703 537 4
302 180 17
782 699 10
223 387 8
296 20 6
495 176 2
848 480 13
338 205 15
514 430 16
894 865 1
376 774 7
102 935 6
746 668 1
967 10 0
360 419 9
694 195 14
172 899 9
25 875 20
837 514 17
321 92 15
456 220 9
405 869 12
222 311 8
156 158 17
946 919 6
988 450 19
654 611 18
767 380 1
313 323 10
318 157 0
684 706 1
545 461 18
379 544 0
660 382 10
795 399 19
670 819 15
699 422 1
530 643 13
404 437 20
476 758 3
876 274 14
174 299 3
895 54 1
741 596 20
58 32 10
347 519 16
368 778 19
309 14 2
358 319 14
593 498 20
940 387 11
20 889 16
829 642 12
541 30 15
95 591 16
701 669 20
266 825 6
51 846 12
923 256 17
237 972 8
964 235 17
95 500 15
85 181 5
901 882 2
385 987 19
483 289 11
843 598 14
235 214 19
297 429 18
104 257 11
478 624 10
139 748 3
83 660 3
498 733 3
418 985 2
474 957 16
715 76 0
332 829 1
73 128 14
960 967 1
800 370 20
961 649 11
381 162 10
135 751 7
442 656 2
640 233 0
523 750 7
665 567 19
755 56 7
155 708 7
734 310 12
119 726 1
207 68 7
877 478 5
429 754 18
938 696 3
114 768 14
570 822 7
314 742 15
986 80 15
811 51 9
896 657 8
136 110 7
176 886 3
168 792 3
948 819 11
906 125 19
67 302 1
217 479 15
84 918 12
761 350 14
19 521 4
522 259 16
573 329 10
398 573 20
319 282 7
520 25 7
250 744 3
597 851 2
242 353 10
454 271 7
443 221 13
588 773 12
248 524 2
441 635 6
558 490 7
177 756 4
822 881 15
947 2 9
62 992 2
138 5 20
395 278 3
545 743 5
71 319 20
427 173 0
83 503 5
587 666 14
732 895 10
570 320 19
343 248 6
755 58 20
981 72 8
443 479 6
614 148 15
592 823 15
389 776 9
248 849 13
973 609 18
309 679 9
189 308 13
131 620 18
406 151 19
625 213 6
472 78 17
880 732 8
452 953 5
909 460 4
237 593 0
181 656 9
498 759 18
796 487 7
841 630 12
216 188 6
246 340 10
582 577 6
591 910 15
402 576 7
968 438 8
451 862 19
350 982 18
860 839 12
167 158 14
464 268 8
695 882 0
162 692 14
148 831 11
900 155 20
176 151 1
402 702 2
509 307 5
961 640 17
932 655 12
339 168 5
766 709 6
772 195 2
356 441 11
572 932 16
205 602 14
47 452 1
962 337 0
573 91 0
910 801 6
191 659 18
349 448 13
274 783 3
874 386 7
737 554 18
517 469 2
123 853 12
43 467 17
882 465 15
716 996 11
455 949 13
135 795 0
388 167 0
586 955 7
662 138 4
23 453 13
367 651 11
471 591 20
844 275 6
87 119 18
375 807 19
602 516 6
487 806 8
801 306 14
161 713 14
72 253 2
44 426 17
918 52 5
334 790 10
743 289 6
567 405 0
947 578 7
677 67 17
620 637 13
660 515 14
468 792 1
390 43 11
893 20 10
877 805 7
689 355 8
665 731 4
102 130 19
820 352 15
995 571 7
533 1000 19
407 329 16
203 375 20
507 33 6
509 859 19
14 369 16
897 86 7
789 512 7
79 871 15
17 937 10
366 250 11
219 430 16
111 288 6
443 607 10
326 819 1
63 470 12
748 12 2
863 143 19
741 408 15
487 866 17
393 311 12
559 748 8
482 422 13
963 481 11
892 229 2
489 148 8
683 442 15
163 847 20
740 730 7
817 878 14
19 862 3
519 114 15
606 627 20
836 729 11
993 814 16
648 545 6
199 890 3
418 901 17
154 756 6
928 247 5
525 365 12
458 509 15
116 75 17
119 658 8
590 687 0
342 365 0
318 359 15
243 967 18
974 530 4
418 100 10
634 35 3
207 728 0
176 122 16
989 504 19
465 333 5
319 452 6
256 735 13
577 886 10
766 536 5
409 737 10
936 675 10
192 57 20
149 344 13
342 284 7
857 93 1
706 709 20
115 196 14
421 372 20
554 621 18
895 244 3
350 409 6
445 619 10
813 928 11
901 45 0
40 357 15
43 377 13
950 864 20
735 148 4
395 690 17
390 93 1
987 557 8
604 839 0
852 868 6
686 397 1
956 369 14
348 649 9
725 77 3
506 647 7
685 101 6
225 454 12
673 203 19
175 598 5
547 522 10
533 159 0
664 758 10
500 672 2
944 514 16
138 765 1
491 528 10
511 169 9
623 796 6
304 451 0
704 647 8
383 785 2
544 458 16
49 30 14
910 510 12
141 899 7
57 823 12
14 715 2
148 620 15
190 504 12
600 25 19
515 813 13
164 918 19
354 219 18
961 165 3
875 891 10
663 169 3
33 11 17
896 949 11
859 892 10
487 434 5
403 856 7
713 152 2
815 183 4
113 772 17
997 601 13
263 602 14
446 271 15
722 429 8
808 429 0
477 375 5
958 427 16
546 255 10
53 446 9
554 998 3
160 317 2
834 851 16
182 41 6
346 192 13
25 792 18
495 752 15
293 817 3
553 865 4
505 125 9
581 280 3
771 14 14
873 643 0
760 638 0
224 786 17
696 63 7
450 461 8
493 575 5
853 730 10
335 644 0
176 762 0
408 74 16
66 577 3
775 917 7
54 445 5
749 146 3
208 818 16
601 305 11
431 533 1
484 242 15
818 312 13
324 982 8
166 875 20
442 941 14
984 351 17
633 164 11
885 828 2
698 574 0
208 843 5
736 836 18
904 905 20
931 849 6
490 237 1
641 559 8
624 284 17
214 101 11
617 532 17
218 627 6
129 624 20
165 931 19
286 741 18
195 294 14
360 718 15
136 682 15
879 231 4
320 927 6
482 769 9
835 54 11
688 327 2
484 204 19
824 835 6
177 94 9
628 10 2
555 938 18
319 807 19
855 75 9
788 383 12
503 113 18
205 588 6
13 984 9
488 38 19
948 889 0
269 810 2
550 402 16
775 508 14
804 489 10
978 517 1
271 551 13
335 124 4
659 433 3
118 526 7
33 878 2
16 290 5
133 60 18
98 103 12
182 476 16
153 277 14
951 137 12
714 207 19
433 166 5
541 50 18
989 685 16
995 976 20
313 20 5
400 564 3
780 395 7
24 989 14
142 51 11
268 502 7
708 366 11
459 995 10
759 395 5
299 532 8
765 308 7
117 763 3
653 22 0
654 241 15
653 216 2
637 967 14
13 552 11
28 499 17
73 552 0
745 788 3
994 606 3
400 338 18
295 602 6
778 970 8
36 535 8
850 162 1
441 943 4
250 255 6
904 189 9
179 804 16
15 252 5
48 839 13
752 290 11
249 371 5
885 877 12
915 678 19
953 481 10
117 436 2
553 576 9
263 432 15
508 870 6
223 768 9
280 148 3
775 147 6
887 529 15
601 187 9
107 333 6
224 129 12
547 264 7
136 781 1
418 7 16
916 186 5
257 902 14
554 449 18
362 33 11
826 594 5
417 365 5
399 961 4
536 126 2
848 739 11
227 372 9
751 727 5
197 529 8
921 554 1
976 940 8
698 121 20
403 330 5
858 13 10
990 648 15
827 538 7
646 631 8
794 517 3
416 37 4
385 814 3
510 632 8
770 464 6
86 410 13
303 228 6
28 130 20
714 645 20
876 319 16
954 131 12
920 90 7
527 205 3
919 7 20
55 81 5
862 111 3
472 652 7
285 700 9
82 693 3
26 681 4
280 816 4
581 854 20
622 153 17
622 152 9
688 76 3
379 865 14
245 475 10
557 645 1
700 595 3
124 696 20
482 710 9
749 665 17
223 251 11
87 447 14
579 895 12
770 463 2
396 668 5
14 367 9
566 894 18
28 582 5
996 101 19
819 137 16
792 401 11
30 392 16
671 70 5
265 935 16
562 807 17
150 233 2
781 34 12
530 720 3
139 30 7
109 199 4
923 609 2
415 706 4
888 645 18
183 538 2
310 940 15
103 730 18
538 411 14
419 170 2
570 75 12
845 883 0
599 489 16
711 242 0
524 809 17
716 99 16
410 12 5
98 592 18
333 569 0
259 472 19
215 595 17
253 270 16
529 953 10
76 760 19
27 646 0
257 959 14
576 395 11
533 484 6
211 10 17
676 227 20
724 234 15
897 528 15
106 989 9
213 961 11
109 384 13
127 576 15
681 552 12
44 611 11
117 96 12
840 406 8
945 231 2
946 122 4
612 662 16
531 345 8
556 748 9
816 705 20
276 823 7
120 616 7
351 468 14
709 849 7
458 287 11
783 526 4
247 301 16
882 776 3
930 489 4
757 308 19
426 885 14
574 568 14
105 74 3
496 542 6
176 316 12
61 657 15
210 201 18
557 890 3
584 519 5
65 61 12
360 635 20
826 155 20
250 375 16
534 423 12
652 755 14
437 934 0
957 417 5
691 929 16
357 488 9
546 37 13
955 495 11
893 87 10
437 228 14
212 29 10
605 689 11
803 215 6
774 584 7
283 965 10
322 437 1
322 994 15
413 182 10
196 862 16
811 883 10
932 587 12
403 618 1
747 413 18
670 8 19
764 736 7
776 777 17
435 262 15
882 753 8
922 912 9
901 971 13
64 745 2
173 814 4
127 440 15
819 43 2
249 470 17
575 349 6
725 128 3
826 737 13
234 686 12
930 425 12
539 969 17
21 985 13
624 202 1
424 876 3
791 440 1
4 594 10
684 528 11
821 363 6
765 124 17
570 965 3
210 650 5
285 384 10
703 36 17
776 466 2
952 254 11
204 59 0
215 140 0
913 251 14
907 510 8
890 41 5
70 228 12
281 816 7
30 317 15
613 716 5
742 398 18
916 274 16
465 238 17
822 352 1
497 589 17
192 279 8
114 657 13
330 75 16
750 712 4
580 171 4
409 373 13
617 815 20
956 548 6
560 464 17
255 361 17
469 950 13
540 180 20
655 262 9
448 594 20
64 830 4
6 899 13
232 247 4
888 630 1
191 513 7
198 66 9
615 952 10
1 170 16
255 808 5
495 799 12
275 896 14
575 210 12
626 707 18
983 861 13
720 868 16
3 470 2
88 812 6
20 293 8
66 462 5
329 966 9
583 518 17
226 680 18
673 908 2
374 970 1
896 756 8
565 925 0
772 661 1
365 617 4
340 256 14
466 717 11
185 851 1
649 2 18
166 986 11
543 97 1
801 112 20
261 867 19
956 444 2
908 590 6
557 833 20
9 537 18
99 204 13
656 364 13
134 100 2
550 729 5
64 181 0
537 616 17
804 547 1
838 305 4
751 302 1
169 636 12
587 97 12
652 140 20
603 220 0
861 745 16
977 849 19
212 91 18
539 166 12
577 797 14
635 69 12
492 712 9
5 344 10
561 614 2
90 233 1
221 291 10
749 30 20
506 24 9
260 292 12
798 569 12
426 292 2
852 646 2
932 300 8
5 629 2
402 177 19
365 563 5
266 450 17
108 149 18
810 985 20
846 378 6
345 931 4
701 506 1
194 444 12
947 84 15
53 924 5
18 681 12
835 62 12
832 961 15
622 307 15
642 601 10
8 912 10
334 923 8
436 992 14
452 172 9
721 162 4
952 308 2
404 394 13
371 866 15
27 412 15
302 97 7
632 811 16
132 31 17
284 42 20
10 674 6
103 51 7
853 611 1
328 131 20
565 479 16
116 486 15
999 463 19
421 979 14
678 59 3
914 988 3
185 191 6
369 978 4
720 970 10
884 193 13
483 240 19
102 239 4
485 773 2
162 903 13
608 849 0
603 986 10
258 465 0
95 225 4
863 276 15
977 380 3
740 414 2
871 229 11
415 563 20
637 252 13
812 391 20
101 945 2
514 480 3
451 171 4
949 110 20
94 331 0
872 255 1
963 216 15
423 496 13
793 751 19
447 699 8
35 697 14
762 46 4
428 634 1
473 959 13
826 39 5
610 371 4
669 962 5
741 17 13
566 460 17
939 412 1
589 980 13
981 129 18
451 634 10
273 606 17
334 338 16
346 336 19
51 583 19
120 305 20
267 587 8
753 898 11
273 63 6
115 230 9
321 164 17
983 116 8
139 114 15
32 784 8
549 457 19
895 914 2
675 957 0
473 178 3
162 184 11
132 905 5
867 877 10
475 775 4
950 494 16
826 390 11
626 474 8
402 636 19
604 370 1
727 589 19
461 585 14
758 821 5
574 245 3
337 282 14
193 55 0
997 841 4
82 611 16
55 452 17
507 420 17
318 525 2
122 667 4
341 59 9
438 809 9
689 842 2
93 721 17
824 723 19
873 326 0
802 696 18
743 71 8
600 209 10
226 496 3
874 473 5
234 583 14
315 199 4
746 577 9
547 125 15
676 268 20
844 676 11
705 739 0
51 656 10
383 496 16
23 541 5
259 325 7
195 328 6
723 439 12
144 843 0
738 859 7
975 694 18
879 847 12
491 298 17
430 926 1
771 420 8
206 813 15
39 272 5
465 933 0
133 1000 14
427 257 0
761 370 20
570 462 19
473 236 18
38 603 11
175 200 10
313 501 20
91 990 18
469 105 9
742 601 17
700 291 13
492 457 10
1 322 17
205 492 20
719 591 16
979 691 5
580 898 0
584 991 5
639 915 7
167 320 11
1000
139 57 2392
292 787 2784
985 465 4103
1558 602 4683
2103 115 5217
2116 577 6399
3145 176 6645
4054 212 7881
5948 198 8252
6076 210 9829
8159 309 10256
8205 352 10887
9773 913 12073
10495 811 12529
11214 58 12910
12008 437 13296
12126 896 14132
12342 921 14432
12725 329 17309
14699 758 18913
15048 923 21289
16690 877 22578
17515 731 22776
18193 630 23444
19626 804 24124
20945 709 24230
24056 553 24745
26405 970 26405
26731 884 26731
27612 963 27612
27915 563 29124
29692 771 29960
31041 587 31041
31740 34 31740
36749 387 36749
38519 767 38519
39366 55 39366
39641 449 40134
40303 247 41005
41104 138 41104
43060 387 43060
44048 152 44048
44270 100 44270
44314 98 44314
45041 910 45041
45525 653 45525
45957 528 45957
46902 863 47286
47458 230 49336
47672 329 49841
48850 281 49881
49987 51 49987
50107 396 51075
51271 540 51867
51653 196 52869
51910 64 53302
51957 799 53939
53083 635 54860
53242 823 57089
53934 343 57132
54242 951 57613
54654 456 58060
54786 241 58281
58545 831 58616
59251 384 59452
60022 491 60022
60626 102 60704
63054 773 63054
63717 68 63717
66412 772 66412
66460 558 66460
66996 616 66996
67553 938 67553
68709 842 68709
69873 293 69873
71125 422 71125
73797 391 73797
74332 546 74332
75096 204 75096
75218 890 75218
75716 632 75716
75988 316 75988
76161 316 76161
80607 265 80607
81266 928 81266
82933 867 82933
83820 69 83820
84207 451 84207
84398 181 84398
84549 164 84549
84903 809 84903
85203 968 85203
85962 755 85962
87974 880 87974
88474 320 88474
89294 487 89294
91068 902 91068
91959 126 91959
92437 65 92437
94075 502 94075
94155 465 94155
96159 680 96159
96851 304 96851
97241 366 97241
101159 21 101159
102347 428 102347
102562 313 102562
104799 52 104799
104845 275 104845
105029 252 105029
105762 5 105762
105886 626 105886
106131 963 106131
106268 946 106268
106394 642 106394
106780 446 107342
108356 219 108356
108670 758 108670
110512 945 111688
112315 553 112315
113941 944 113941
113986 8 113986
115573 537 115573
116804 206 116804
117409 627 117409
118350 221 118350
119151 506 120062
122790 104 122790
122971 116 122971
123642 504 123642
124336 463 124336
124455 829 124455
125609 695 125609
126133 938 126133
127561 669 127561
127574 64 127574
127630 840 127630
131043 794 131043
131375 208 131375
131820 901 131820
133159 408 133159
136915 882 136915
138407 125 138407
139000 101 139000
143927 477 143927
145615 457 145615
147174 777 147174
147188 10 147188
147506 572 147506
147629 389 147629
151127 977 151127
151404 781 151404
152445 598 152445
156139 836 156139
158404 965 158404
160508 969 160508
161938 868 161938
162801 906 162801
164229 833 164229
164646 139 164646
165472 223 165472
165702 71 165702
165993 173 165993
167996 737 167996
168145 656 168145
170494 917 170494
172632 511 172632
173111 171 173111
174785 73 174785
177308 216 177308
178681 101 178681
178856 643 178856
179201 846 179201
179293 845 179293
179959 848 179959
181949 183 181949
183620 331 183620
186119 875 186119
186132 506 186132
186201 477 186201
188098 888 188098
188500 656 188500
188637 568 188637
189855 645 189855
190025 820 190025
190084 847 190084
191584 959 191584
192185 711 192185
195597 14 195597
196878 904 196878
197027 827 197027
197224 405 197224
198476 536 198476
200290 865 200290
200567 394 200567
200878 449 200878
201146 769 201146
202837 715 202837
203317 350 203317
203481 218 203481
205057 438 205057
205236 223 205236
205941 109 205941
206395 775 206395
206493 514 206493
206961 846 206961
208024 700 208024
209317 885 209317
209766 666 209766
211039 801 211039
211813 618 211813
212496 874 212496
214598 630 214598
215014 203 215014
215754 352 215754
215931 696 215931
216834 469 216834
217054 545 217054
217216 28 217216
222525 438 222525
222647 794 222647
223728 362 223728
224201 812 224201
226076 817 226076
228079 712 228079
229272 196 229272
229846 25 229846
231711 633 231711
233500 482 233500
233758 958 233758
236128 14 236128
238461 638 238461
238561 383 238561
238911 952 238911
239845 796 239845
240496 321 240496
242332 100 242332
242676 905 242676
243006 244 243006
243614 229 243614
244885 616 244885
245256 213 245256
246249 70 246249
247193 861 247193
248032 416 248032
248822 495 248822
248880 773 248880
249472 17 249472
250295 258 250295
250301 647 250301
253880 743 253880
255766 647 255766
257964 938 257964
258228 60 258228
258417 95 258417
259122 30 259122
259459 986 259459
260152 906 260152
260180 59 260180
262340 311 262340
264592 891 264592
264637 28 264637
264649 111 264649
266511 486 266511
267521 14 267521
270790 580 270790
272131 37 272131
272167 261 272167
272272 879 272272
275583 296 275583
278229 68 278229
279650 752 279650
280210 937 280210
281340 534 281340
281615 114 281615
287227 813 287227
287343 646 287343
287518 464 287518
287593 500 287593
287612 832 287612
288527 915 288527
289461 33 289461
289809 145 289809
291410 182 291410
291412 631 291412
292148 125 292148
292182 237 292182
292204 743 292204
293308 719 293308
293666 177 293666
294470 184 294470
297327 863 297327
301290 315 301290
301860 343 301860
302069 287 302069
302723 17 302723
302747 321 302747
303274 921 303274
303747 629 303747
303852 969 303852
304700 675 304700
305932 893 305932
306591 765 306591
306848 539 306848
307606 509 307606
307961 366 307961
308981 962 308981
311728 929 311728
312200 986 312200
312761 144 312761
314425 194 314425
314578 230 314578
314810 16 314810
315874 822 315874
316274 594 316274
319118 790 319118
320090 521 320090
320921 842 320921
323219 194 323219
323287 483 323287
325558 101 325558
326017 430 326017
328181 876 328181
328449 687 328449
330960 262 330960
331549 236 331549
332080 468 332080
332088 789 332088
332904 190 332904
333407 906 333407
334568 786 334568
336318 596 336318
336497 944 336497
336670 458 336670
337657 127 337657
338018 60 338018
338622 355 338622
338712 169 338712
338784 100 338784
338973 999 338973
339376 873 339376
340018 802 340018
343913 429 343913
344590 491 344590
345395 114 345395
345841 233 345841
346074 942 346074
346435 215 346435
347097 372 347097
347815 421 347815
349610 342 349610
349865 223 349865
350195 421 350195
351056 987 351056
351998 465 351998
352832 843 352832
353766 426 353766
355947 952 355947
356556 116 356556
356680 656 356680
357612 585 357612
359764 368 359764
360148 660 360148
362561 421 362561
363837 70 363837
364347 322 364347
365565 969 365565
365708 337 365708
366368 312 367647
367209 416 369975
369124 440 370457
369163 879 372091
369491 514 372797
369632 328 375411
370123 919 376524
370525 856 376891
370731 498 377824
371135 889 378068
371187 283 378143
371564 180 379606
372230 966 380080
374535 345 380094
376653 621 380775
376698 693 382194
377228 719 383341
377282 861 383737
378050 54 383775
378984 182 385329
379287 420 385460
379534 203 385689
382092 394 386125
384091 449 386590
385839 669 386612
386824 517 386906
387199 319 387278
387655 556 387918
387735 969 388299
390954 499 391216
392653 884 392653
392782 620 392782
393564 813 393894
395291 364 395291
397934 556 397934
398223 583 398223
403201 313 403201
406383 691 406383
406473 600 406473
411300 540 411300
412247 170 412247
412349 755 412349
414115 94 414115
414537 8 414537
414771 875 414771
415125 619 415125
415359 545 415359
415495 569 415495
416536 449 416536
417114 930 417114
417702 626 417702
418222 149 418222
418878 650 418878
419047 415 419047
419447 645 419447
421425 219 421425
422657 992 422657
422675 474 422675
423037 104 423037
423809 733 423809
427432 143 427432
427655 746 427655
427675 714 427675
428884 120 428884
429515 834 429515
429784 637 429784
429786 15 429786
430606 228 430606
433918 93 433918
434472 738 434472
436996 341 436996
438239 546 438239
438371 378 438371
438864 702 438864
440325 597 440325
440682 202 440682
441221 390 441221
441447 812 441447
443041 390 443041
444541 990 444541
445170 781 445170
445303 448 445303
445353 819 445353
445960 443 445960
448237 543 448618
448986 527 448986
450886 301 450886
451331 968 451331
452333 132 452333
452664 623 452664
452684 739 453044
453529 269 454651
454103 826 455149
454315 716 456279
455066 502 456976
455094 733 457689
455202 731 459210
455444 293 460389
457138 284 461259
457166 143 461262
458150 683 462175
458414 877 465520
460098 158 466231
460114 793 466597
461028 587 467354
462119 14 470986
463419 177 471229
466764 650 471863
466865 703 472011
467040 419 472993
468702 323 473211
471353 919 475776
473800 359 476344
474304 878 476393
476368 403 476797
476508 150 477499
476743 57 477834
478117 548 478117
479370 363 479370
480659 417 480659
482118 80 482118
486797 672 486797
487452 836 487452
487894 699 487894
488959 125 488959
489291 630 489291
490271 755 490271
492651 407 492651
492714 579 492714
492960 352 492960
494929 534 494929
495147 181 495147
496721 120 496721
499127 651 499127
499443 62 499443
500006 218 500006
500674 266 500674
501057 668 501057
501804 903 501804
503519 759 503519
504249 560 504249
505522 998 505522
505545 8 505545
505864 228 505864
505896 375 506481
507513 424 507513
510766 325 510766
511183 811 511183
511288 264 511288
512984 930 512984
513064 955 513064
513407 66 513407
514083 435 518082
515303 725 518981
518521 624 521213
518823 226 521453
520979 234 521796
521587 818 524592
521977 219 524659
522036 25 524848
523098 950 527430
523197 265 529821
523867 598 531013
523924 588 531990
524337 256 532517
524370 944 532687
525882 879 533001
526614 578 534175
527242 768 534620
527483 476 534807
528458 212 534831
528968 867 535244
530269 575 535277
530724 749 535703
531274 536 536443
534099 570 537770
534455 503 537965
536142 55 539227
536688 853 539373
537505 484 541423
537700 841 544301
538449 996 544454
538764 5 544607
538869 97 547354
541728 433 550087
542283 101 552645
543149 750 552824
543385 166 554179
545180 395 555382
545597 906 557351
545739 914 557948
545933 623 558704
548263 618 559075
548951 794 559438
549789 140 559701
553589 102 560479
554922 239 560866
555097 950 564310
555760 885 564503
556030 226 567344
557758 270 567586
558469 914 567904
558571 815 568966
559771 870 569083
561042 506 569622
565227 101 570230
566273 590 571492
566317 142 571582
568149 338 572155
569366 519 572815
569508 493 573098
569793 7 573474
570365 18 574928
571530 537 574941
571634 392 575581
572639 547 576426
573059 513 576517
573231 158 576982
573383 819 578014
574842 429 578733
577671 182 578859
579976 834 581072
580634 966 581237
582188 143 582414
582675 182 583791
585449 287 585449
585576 381 585576
587001 395 587001
587474 165 588958
591458 63 591458
592519 937 592519
595150 238 595150
595575 560 595575
596847 827 596847
597305 514 597305
597817 101 597817
598209 177 598209
599891 901 599891
602731 435 602731
603743 676 603743
603897 696 603897
605499 958 605499
606320 535 606320
606855 21 606855
607302 289 607302
607817 936 607817
609132 168 609132
609439 153 609439
613275 606 613275
617143 78 617143
617220 59 617220
617825 737 617825
618118 726 618118
619200 261 619200
620411 22 620411
620604 61 620604
622868 932 622868
623019 845 623019
623089 538 623089
623685 695 623685
623930 808 623930
624309 643 624309
626467 460 626467
626577 600 626577
626731 345 626731
627079 408 627079
628403 649 628403
628765 786 628765
631487 286 631487
631520 857 631520
633551 43 633551
634884 825 634884
635196 148 635196
636099 963 636099
636841 150 636841
640100 604 640100
642179 39 642179
642711 57 642711
643598 26 643598
648489 13 648489
648619 724 648619
650741 46 650741
652272 567 652272
652881 638 652881
654468 782 654468
655843 113 655843
656359 626 656359
656499 476 656499
656977 589 656977
657077 790 657077
658195 903 658195
658460 789 658460
660126 343 660126
660177 34 660177
660426 483 660426
660487 452 660487
660889 61 660889
662183 968 662183
662216 314 662216
662473 5 662473
666236 249 666236
666720 605 666720
668954 644 668954
669025 517 669025
669216 268 669216
671897 431 671897
672092 596 672092
672714 273 672714
673559 468 673559
674144 252 674144
677038 531 677038
679305 422 679305
681109 797 681109
681186 860 681186
681749 541 681749
681821 42 681821
684681 742 684681
687416 356 687416
687458 287 687458
687726 314 687726
690610 652 690610
690644 494 690644
690850 203 690850
692805 413 692805
692978 328 692978
693138 596 693138
694245 442 694245
695977 961 695977
697922 123 697922
698628 549 698628
698629 170 698629
699419 67 699419
699551 419 699551
700795 879 700795
701167 359 701167
703367 485 703367
704872 179 704872
705337 783 705337
705400 682 705400
705419 790 705419
706120 760 706120
707140 754 707140
707707 872 707707
707998 455 707998
708788 118 708788
709262 943 709262
709488 680 709488
710247 368 710247
712318 379 712318
713236 779 713236
713295 316 713295
714938 441 714938
716711 865 716711
716757 768 716757
717022 737 717022
717493 113 717493
718971 106 718971
719620 922 719620
721036 218 721036
721866 465 721866
722139 867 722139
722143 496 722143
722941 815 722941
724802 747 724802
727125 794 727125
728738 201 728738
730083 391 730083
731643 700 731643
733061 218 733061
733432 141 733432
738652 191 738652
738706 819 738706
738995 67 738995
739215 382 739215
741140 47 741140
744808 705 744808
749067 870 749067
749844 807 749844
750843 269 750843
750951 92 750951
752846 627 752846
752898 77 752898
752961 476 752961
753195 1000 753195
755024 832 755024
755031 525 755031
755558 291 755558
755617 809 755617
756005 704 756005
757993 358 757993
758086 696 758086
758576 802 758576
759612 197 759612
760000 411 760000
760288 444 760288
760464 876 760464
760499 429 760499
761413 136 761413
762517 477 762517
765643 681 765643
766215 631 766215
769319 130 769319
770561 552 770561
770594 116 770594
771471 675 771471
772634 40 772634
773362 946 773362
773469 827 773469
773600 862 773600
774417 871 774417
775519 540 775519
776304 537 776304
776328 300 776328
777605 26 777605
778517 227 778517
778788 677 778788
779457 468 779457
779607 371 779607
780842 573 780842
782271 919 782271
782837 803 782837
783412 991 783412
783680 652 783680
784147 818 784147
785328 947 785328
785455 227 785455
785636 667 785636
787185 592 787185
787734 69 787734
788003 396 788003
789041 555 789041
790017 982 790017
790963 402 790963
791690 575 791690
793013 549 793013
796390 380 796390
797273 604 797273
797565 117 797565
798341 85 798341
801123 594 801123
801933 383 801933
802730 694 802730
802756 469 802756
804112 824 804112
804999 417 804999
805176 550 805176
808413 603 808413
808535 867 808535
811843 978 811843
811884 114 811884
812113 982 812113
812205 295 812205
814123 377 814123
814423 299 814423
816034 742 816034
816370 93 816370
817229 270 817229
818371 983 818371
818747 919 818747
820075 98 820075
822220 606 822220
823915 218 823915
824163 556 824163
824481 79 824481
825595 409 825595
826645 795 826645
826831 542 826831
830607 415 830607
831008 152 831008
831618 301 831618
832231 427 832231
832430 381 832430
834009 40 834009
836102 54 836102
836313 746 836313
836632 857 836632
836971 708 836971
838470 252 838470
839195 549 839195
839272 577 839272
839456 227 839456
839801 949 839801
839954 143 839954
841230 209 841230
842056 278 842056
843264 891 843264
844242 971 844242
844498 61 844498
846702 71 846702
849573 956 849573
852451 35 852451
852825 108 852825
853027 71 853027
855693 847 855693
855872 927 855872
856673 296 856673
857510 546 857510
857589 902 857589
857828 696 857828
857997 799 857997
865133 757 865133
865794 111 865794
867522 67 867522
868130 598 868130
868198 577 868198
868694 138 868694
871097 844 871097
872865 464 872865
874007 753 874007
876462 960 876462
878216 852 878216
878278 167 878278
878476 753 878476
880034 84 880034
881597 231 881597
881624 831 881624
882372 161 882372
883041 411 883041
883142 638 883142
884549 555 884549
884792 376 884792
885184 367 885184
886444 21 886444
890977 563 890977
895975 138 895975
896126 123 896126
896248 416 896248
897952 399 897952
900858 713 900858
902484 292 902484
903386 612 903386
903858 95 903858
904090 356 904090
904432 494 904432
904598 192 904598
905315 813 905315
905441 532 905441
905931 729 905931
906082 808 906082
909318 232 909318
909401 675 909401
909647 33 909647
911515 595 911515
913411 621 913411
913638 498 913638
913796 664 913796
913935 112 913935
914402 210 914402
915777 539 915777
916223 815 916223
916883 627 916883
917201 788 917201
917967 915 917967
920116 800 920116
920303 416 920303
920593 884 920593
921027 833 921027
921303 625 921303
922475 639 922475
922554 518 922554
923999 61 923999
924655 126 924655
924780 817 924780
926757 139 926757
927352 946 927352
929772 384 929772
932163 78 932163
932210 871 932210
933048 636 933048
933722 672 933722
935219 131 935219
937678 766 937678
939252 55 939252
939283 861 939283
939658 4 939658
939865 580 939865
940352 972 940352
941568 308 941568
943081 378 943081
943919 966 943919
944088 219 944088
944414 4 944414
944622 641 944622
945249 453 945249
946024 546 946024
946166 399 946940
946570 335 947343
949279 657 949279
949712 586 949712
950242 629 950986
950607 660 951337
951502 949 951909
952491 167 952491
952614 555 953080
952787 322 956107
952912 328 956160
954001 256 956542
962057 297 962057
964403 39 964403
964438 960 964438
964681 942 964681
967347 759 967347
968267 587 968267
969608 517 969608
969757 384 969757
972282 658 972282
972747 495 972747
973695 675 973695
976405 627 976405
976829 75 976829
980420 349 980420
981847 196 981847
982861 459 982861
983435 699 983435
984835 249 984835
985915 123 985915
986869 853 986869
988307 587 988307
989031 170 989031
989805 129 989805
990615 236 990615
990758 792 990758
992457 972 992457
995650 338 995650
996873 438 996873
997383 992 997383
997633 957 997633
997673 15 997673
997842 50 997842
997850 567 997850
998295 427 999893
999958 605 999958
