1000 999
139 162 19
172 687 15
522 357 8
279 587 1
98 24 18
584 511 15
494 201 7
450 679 18
616 319 10
497 90 4
543 791 4
1000 656 7
928 499 5
675 645 12
158 451 14
33 551 11
844 600 11
431 793 14
549 452 1
652 528 17
536 55 18
531 427 17
159 416 5
173 743 17
636 739 2
847 993 18
952 383 1
277 883 15
591 45 10
709 541 10
585 210 15
921 457 0
831 750 5
813 523 15
433 510 14
271 556 5
240 383 1
162 523 5
101 708 0
767 945 14
41 738 16
671 261 17
547 609 0
924 355 18
385 565 0
444 11 3
442 458 7
342 219 0
452 800 15
284 255 7
502 66 5
941 331 3
703 353 3
463 999 18
897 895 9
274 699 10
316 323 19
606 25 2
987 732 0
323 15 8
842 789 11
434 716 4
864 67 19
103 636 16
566 80 6
991 523 10
574 548 20
160 313 14
243 397 17
592 167 20
868 917 5
10 775 10
442 789 18
241 763 16
815 481 1
923 146 16
55 198 0
469 735 12
363 445 3
20 918 1
114 289 16
131 294 3
703 632 17
395 363 16
741 77 1
23 202 20
469 689 0
421 758 11
619 191 6
778 330 19
870 551 16
701 946 19
76 154 3
169 219 10
538 504 15
958 649 6
172 81 1
247 66 17
731 661 1
410 192 7
198 428 15
23 88 0
305 424 4
161 27 4
913 735 17
618 744 20
652 882 15
975 796 1
925 802 13
466 182 1
351 556 19
291 503 2
257 332 17
304 626 0
526 287 20
148 144 2
873 38 0
945 491 0
987 848 12
721 365 6
814 580 1
599 544 19
387 358 10
878 864 12
554 974 6
728 937 8
699 582 17
22 651 13
328 226 12
930 964 6
426 918 16
469 881 19
740 339 9
731 424 11
863 835 19
717 940 3
571 785 13
343 808 19
705 321 1
878 484 9
82 264 0
664 795 10
286 961 15
367 334 1
145 706 19
212 879 12
818 277 0
723 292 5
498 505 9
125 234 6
564 134 1
419 982 13
726 122 3
400 581 19
798 808 10
257 291 1
215 23 20
581 201 0
987 575 8
505 404 13
567 56 8
803 471 18
444 968 14
656 693 9
520 126 10
797 240 4
11 25 9
284 36 8
149 273 3
59 720 13
496 675 16
91 810 7
612 745 2
846 568 9
446 171 15
919 354 14
234 394 11
372 329 18
266 512 20
960 350 3
157 693 14
341 80 19
802 8 20
862 116 2
311 753 0
671 99 19
611 871 14
870 603 7
759 102 6
105 61 17
518 170 19
994 189 2
672 459 18
381 332 17
764 252 17
724 521 18
123 61 6
248 326 0
768 27 5
595 28 1
454 157 17
418 458 7
986 609 20
995 57 19
725 709 13
993 642 20
35 802 9
123 747 16
412 559 16
808 178 4
419 200 14
251 886 12
355 457 3
822 90 13
684 197 13
337 125 7
856 669 4
185 231 10
406 51 11
740 281 0
321 332 6
484 816 3
118 789 11
46 620 18
102 127 20
704 710 14
919 206 17
6 924 3
814 525 11
822 920 16
700 925 3
176 518 8
380 74 11
850 27 2
25 210 12
859 288 16
10 271 6
502 629 15
979 896 9
811 634 13
334 820 12
787 271 7
765 166 16
686 757 15
415 160 13
232 412 5
772 969 6
996 714 14
180 867 5
812 266 12
900 506 13
289 291 3
63 304 10
952 235 12
707 624 0
191 225 19
212 189 2
377 302 18
152 892 3
287 250 6
490 224 6
473 914 14
28 576 3
246 877 11
980 779 13
330 289 13
93 198 0
900 721 20
248 556 13
902 29 7
429 317 9
459 225 7
456 2 7
131 470 14
308 727 9
563 846 17
440 955 18
947 369 4
390 32 6
681 803 4
587 788 8
407 35 2
981 93 9
68 734 3
255 356 20
379 22 8
824 469 12
713 533 1
805 847 20
407 284 15
17 711 19
148 55 8
394 693 3
452 609 14
836 706 9
411 153 10
2 70 7
534 522 5
281 463 11
393 247 20
137 129 18
139 216 15
653 874 16
637 529 10
602 942 3
222 119 13
259 675 11
601 523 4
70 654 9
949 780 16
758 703 7
253 200 10
553 486 2
272 953 6
686 478 6
657 877 10
72 970 8
301 242 4
91 754 4
605 597 18
929 156 17
115 902 15
848 962 20
293 278 3
819 817 4
299 224 12
63 208 15
276 890 9
336 590 8
450 64 13
475 74 17
382 525 19
355 242 1
150 193 8
228 591 5
483 508 17
684 399 11
678 697 10
949 152 14
8 598 6
327 237 18
771 173 10
681 776 10
143 181 6
833 777 14
647 548 8
200 712 1
990 654 19
889 59 6
16 988 18
112 290 20
391 1 8
741 355 16
414 755 3
159 440 5
736 539 11
83 220 6
209 881 15
164 623 7
872 415 1
940 939 11
834 825 17
366 820 1
469 933 16
108 647 20
349 283 9
774 852 13
613 554 10
489 409 6
985 324 9
437 366 14
655 777 7
631 551 2
616 396 12
815 432 10
43 476 16
17 727 6
729 546 16
227 671 3
650 415 12
107 602 2
540 473 20
858 702 8
388 169 0
41 270 19
683 479 20
28 240 20
680 203 18
977 856 12
386 83 14
946 737 14
242 409 4
909 971 2
978 470 11
601 622 2
39 997 2
352 217 17
790 975 16
655 607 11
982 839 10
71 947 0
699 220 6
912 191 13
370 638 9
865 802 9
426 967 8
69 786 1
733 738 18
327 936 3
635 155 7
681 461 4
474 373 8
391 481 9
108 95 6
532 311 14
183 147 1
136 478 4
739 799 0
588 177 7
793 49 9
857 959 4
670 914 3
134 956 0
357 86 16
641 185 0
15 696 15
376 586 14
487 135 0
371 389 3
456 301 10
841 856 15
426 914 4
140 19 17
838 461 10
217 952 13
283 359 8
35 971 15
827 265 6
569 722 19
833 94 0
363 482 8
493 955 6
214 702 4
961 172 0
895 179 7
823 252 8
561 771 8
73 159 7
70 765 16
779 22 7
630 582 16
766 833 6
128 461 18
316 501 1
598 104 1
746 707 17
84 75 7
717 950 12
918 750 18
480 610 6
564 827 5
844 718 18
697 338 18
347 991 0
628 191 17
311 206 4
534 427 3
654 453 5
687 885 9
258 218 11
360 899 2
262 475 6
754 505 18
752 908 6
279 719 2
730 785 4
233 868 10
956 722 16
673 204 20
253 557 6
694 937 4
80 221 2
312 109 0
120 75 1
889 482 6
422 467 13
39 227 10
746 230 5
704 163 17
278 441 19
582 281 6
524 713 4
692 163 8
569 75 17
776 577 14
415 395 7
444 931 17
762 926 1
409 963 16
494 176 18
364 919 6
752 333 7
257 848 18
249 374 4
196 686 1
283 734 17
518 979 12
744 121 8
90 888 2
546 238 5
436 948 15
412 124 16
869 964 19
300 782 14
237 91 18
70 201 7
237 4 2
17 844 16
896 832 8
784 398 18
127 141 5
86 299 11
556 717 20
771 450 8
254 553 11
54 715 16
492 923 20
799 425 11
560 508 11
9 936 4
452 378 5
644 773 20
253 614 14
699 846 10
640 783 12
13 383 20
660 633 4
32 231 19
269 68 0
297 938 1
243 561 7
487 668 14
842 443 13
389 515 0
413 535 4
985 33 20
855 157 8
594 376 17
953 812 13
829 915 2
627 214 8
322 102 20
959 276 5
187 926 14
996 359 5
843 994 0
903 150 0
985 472 2
331 511 19
922 652 1
89 949 20
943 528 3
165 229 17
635 697 1
624 314 11
646 176 19
729 623 14
942 7 1
891 191 1
295 297 4
393 37 11
84 506 2
401 638 20
785 966 4
672 306 3
571 608 12
589 17 8
379 195 18
627 389 15
658 450 1
69 866 15
434 998 17
604 278 7
542 872 11
972 65 14
804 106 15
327 674 19
504 677 14
580 575 12
921 876 16
983 474 9
626 379 6
226 448 13
807 334 6
448 487 17
850 678 7
850 519 18
579 646 2
770 285 4
72 954 6
488 361 15
268 941 2
110 189 0
360 598 6
3 341 1
297 710 10
49 162 17
875 514 10
628 102 12
387 566 11
495 934 0
605 637 12
142 936 9
877 267 13
890 126 7
402 159 17
151 326 6
668 611 6
259 132 7
885 688 12
66 654 20
253 894 11
47 10 2
152 312 10
28 385 20
523 43 16
87 830 17
944 540 16
100 245 10
396 926 11
873 205 8
482 51 3
115 554 11
330 263 5
158 969 13
436 947 20
871 522 5
464 666 14
235 759 13
482 513 17
864 533 18
837 963 3
537 229 2
22 941 12
95 293 8
284 298 3
498 277 14
874 602 12
244 828 9
770 283 4
685 348 18
100 513 2
607 737 1
189 625 15
635 922 17
635 534 2
915 248 10
975 170 1
277 852 16
614 420 2
920 510 5
178 507 15
361 220 4
196 627 20
771 737 15
862 946 3
59 186 8
891 57 20
53 60 17
910 166 13
129 569 15
685 165 8
632 546 19
231 154 10
714 840 9
682 382 17
309 768 1
672 660 14
98 928 17
92 67 20
973 720 7
182 95 11
124 18 9
723 850 16
558 792 3
640 396 7
820 860 8
425 615 8
132 179 6
273 884 2
133 750 1
341 412 13
510 359 14
85 115 0
436 236 9
492 933 4
782 44 4
997 468 9
297 156 6
907 287 13
885 767 14
446 31 20
552 187 15
537 251 16
444 559 6
748 484 16
667 558 18
781 874 0
516 477 17
89 17 7
46 540 1
496 239 9
487 932 11
958 253 10
443 34 5
497 643 5
430 671 2
473 298 19
258 490 8
381 868 8
585 954 8
128 477 13
558 561 16
471 335 3
750 384 9
857 772 6
858 182 2
53 316 14
687 548 14
470 222 8
199 96 15
911 966 8
683 184 2
756 380 12
965 730 12
837 572 14
898 791 3
971 845 6
423 583 16
275 153 18
152 259 3
811 633 3
686 60 13
784 139 6
93 905 10
673 826 15
835 926 18
184 88 5
828 368 2
939 651 11
816 175 11
89 861 17
245 545 15
963 927 20
421 340 5
260 15 20
461 344 9
268 998 11
78 150 10
427 345 18
483 963 0
190 867 18
866 821 0
527 594 9
984 366 5
153 731 1
666 69 20
769 772 9
659 18 9
698 617 5
886 866 9
687 138 18
526 460 4
901 84 6
935 943 13
500 979 18
494 828 20
969 223 5
989 642 2
910 174 0
96 417 16
707 21 3
158 881 0
187 168 18
85 346 8
266 777 20
42 195 20
449 965 4
800 48 20
726 573 10
236 213 4
709 166 17
942 465 5
590 856 3
312 783 5
183 31 11
708 857 6
751 543 1
495 837 13
171 5 15
218 916 2
355 91 16
613 481 7
24 458 9
967 615 11
746 422 13
122 410 14
417 843 20
587 313 20
775 746 11
978 724 5
318 662 3
165 27 1
695 92 16
777 628 5
228 170 20
477 964 6
638 892 1
742 940 8
818 884 16
430 804 16
724 87 3
516 951 8
52 678 14
706 94 14
130 369 11
536 773 13
123 650 3
992 504 1
112 677 10
49 637 18
278 300 10
968 325 11
790 749 0
403 994 14
747 823 20
360 399 11
738 957 16
286 432 3
853 917 1
429 566 19
51 548 7
806 208 4
19 62 13
398 911 13
761 709 13
663 399 13
756 979 4
406 677 12
84 887 1
564 976 19
455 977 4
336 621 6
157 275 12
550 239 7
779 578 15
14 592 17
638 463 14
750 40 11
901 825 12
623 742 7
609 71 3
542 315 19
302 770 3
567 30 10
211 405 8
117 753 14
143 455 12
763 961 1
987 350 4
893 807 2
873 282 16
639 42 10
908 78 20
539 610 20
930 457 11
33 858 9
970 233 14
85 937 8
362 664 14
698 867 8
888 113 14
97 19 7
423 823 20
860 58 7
617 646 11
56 626 16
320 869 14
922 744 19
316 982 6
486 299 1
90 875 6
237 517 16
246 342 14
976 566 19
373 609 4
894 745 3
183 604 10
660 790 13
50 256 2
880 967 12
13 794 9
830 16 19
976 272 11
354 190 1
131 7 3
412 972 12
448 39 13
957 97 6
375 907 12
405 337 17
411 527 8
66 153 17
201 345 9
539 871 2
680 736 2
176 898 1
989 136 19
462 531 17
964 219 13
249 973 16
734 570 7
122 918 19
26 291 11
19 800 10
860 678 6
110 194 19
637 819 15
181 264 20
408 739 16
256 29 0
707 809 11
403 435 5
949 266 12
280 896 17
916 439 16
385 544 9
917 296 20
178 690 11
74 555 13
496 414 3
12 395 0
485 711 17
310 88 11
327 79 7
345 983 10
267 295 16
156 509 5
309 188 3
730 110 17
583 562 18
118 244 4
271 691 3
817 413 5
793 95 0
807 372 14
719 760 7
86 307 15
392 683 5
671 596 9
507 432 5
163 524 7
318 109 19
205 380 16
143 458 7
152 198 18
911 303 0
336 802 15
374 287 13
602 530 15
889 438 6
7 546 0
823 648 17
506 207 4
801 904 14
185 284 13
631 593 4
54 925 10
665 826 15
307 903 1
673 85 6
634 859 1
416 656 9
854 35 15
851 398 5
111 34 0
592 894 5
676 686 5
707 607 20
726 447 6
838 283 10
906 206 14
18 551 2
177 438 8
664 152 19
74 88 15
801 362 19
857 753 13
442 849 12
1000
114 45 114
393 702 393
412 863 412
427 291 564
469 816 617
504 307 721
592 64 750
662 883 810
816 52 895
903 154 1103
966 460 1105
1214 990 1374
1217 489 1641
1238 973 1863
1421 203 1891
1493 873 1951
1581 852 2075
1702 826 2129
1707 858 2161
1722 955 2215
1760 333 2285
1869 506 2350
1906 854 2404
1995 45 2447
2126 261 2485
2158 293 2591
2176 914 2596
2256 341 2758
2315 918 2764
2324 164 2806
2359 478 2872
2441 192 2909
2466 463 2956
2652 814 3123
2730 598 3194
2753 78 3205
2771 973 3248
2775 366 3314
2835 966 3321
2934 668 3655
3058 818 3854
3103 732 3872
3109 224 3882
3125 239 3904
3324 538 3981
3372 298 4111
3403 928 4282
3441 616 4489
3494 888 4572
3558 857 4599
3655 636 4612
3684 388 4876
3812 612 5081
3901 43 5113
3969 208 5412
4155 992 5429
4229 984 5625
4310 65 5662
4468 626 5741
4508 379 5882
4520 80 5925
4525 66 6066
4618 424 6140
4688 505 6157
4734 15 6283
4743 487 6399
4844 231 6449
4868 963 6475
4929 872 6722
4979 458 7001
4989 625 7084
5031 658 7611
5101 812 7904
5185 573 7907
5287 365 7977
5497 461 7987
5518 61 8017
5592 624 8023
5616 154 8081
5633 975 8158
5644 278 8221
5712 518 8237
6105 707 8316
6200 118 8369
6205 394 8448
6358 580 8466
6594 455 8474
6761 5 8771
6952 310 8970
6970 104 9415
6971 324 9521
7025 249 9618
7048 925 9695
7051 537 9722
7135 42 9836
7287 437 9858
7343 957 10062
7757 511 10075
7796 750 10104
7800 307 10178
7849 821 10189
7944 181 10192
7985 708 10371
8115 3 10381
8125 491 10423
8133 929 10426
8259 540 10487
8422 213 10543
8477 865 10593
8493 801 10656
8626 158 10767
8642 284 10819
8756 151 10846
8784 52 10925
9137 535 10938
9277 155 11108
9367 274 11214
9441 788 11402
9557 961 11443
9772 885 11536
9827 869 11538
10033 121 11728
10047 122 11875
10057 907 11885
10063 570 12065
10066 853 12210
10111 231 12220
10145 207 12299
10160 543 12308
10243 275 12339
10321 620 12412
10375 654 12731
10393 903 12745
10402 835 12817
10431 47 12826
10632 379 13034
10700 227 13135
10750 574 13218
10852 835 13363
11065 883 13394
11235 920 13421
11253 592 13607
11611 404 13704
11693 203 13808
11996 845 13813
11999 521 14136
12398 182 14147
12423 597 14245
12427 533 14335
12442 922 14336
12663 500 14345
12842 137 14412
12909 74 14477
12983 827 14571
13031 654 14714
13173 428 14724
13364 937 14752
13562 670 14861
13598 441 15064
13689 765 15066
14014 101 15097
14027 578 15396
14108 580 15412
14231 333 15428
14573 417 15540
14615 40 15651
14704 365 15656
14763 989 15678
14791 89 15844
14953 85 15909
14954 785 15954
14973 243 16015
15038 267 16050
15076 69 16060
15134 24 16365
15271 73 16640
15322 387 16700
15380 261 16714
15427 49 16740
15511 250 16761
15554 998 16859
15609 336 16956
15727 245 17131
15776 477 17218
15781 747 17284
15873 356 17322
15949 865 17398
16057 802 17478
16135 529 17691
16190 626 17746
16191 896 17757
16280 360 17758
16283 128 17787
16324 694 17816
16365 80 17845
16409 218 18012
16425 218 18122
16587 930 18137
16781 377 18144
16820 705 18348
16830 686 18353
16849 823 18471
16972 17 18534
16993 348 18632
17179 216 18687
17292 131 18704
17401 441 18719
17413 290 18731
17535 502 18751
17706 6 18765
17877 755 18840
17975 521 18888
18079 120 18971
18088 550 19045
18290 274 19163
18356 715 19220
18394 356 19465
18448 260 19493
18583 942 19513
18880 471 19535
18974 111 19537
19016 522 19708
19044 579 19714
19076 42 19802
19225 859 19811
19240 698 19883
19347 460 20270
19356 894 20284
19366 407 20394
19434 209 20616
19588 26 20646
19644 845 20674
19669 304 20780
19734 752 20841
19739 41 20930
19763 785 20964
19866 68 21018
20241 865 21420
20243 27 21435
20397 247 21862
20656 716 21903
20681 351 21921
20691 453 21924
20715 646 21952
20942 850 22017
21102 863 22025
21121 775 22042
21131 511 22225
21155 284 22615
21515 288 22760
21565 971 22788
21660 737 22803
21713 565 22824
21741 390 22940
21766 797 23172
21869 507 23246
22024 844 23315
22195 162 23364
22359 460 23462
22691 134 23477
22726 668 23509
22792 501 23595
22855 650 23610
22868 6 23722
22872 866 23892
23045 565 23934
23375 607 24057
23392 429 24067
23399 362 24284
23433 509 24314
23549 370 24393
23656 689 24544
23663 510 24561
23774 609 24926
23817 88 25050
23953 191 25091
24070 439 25092
24158 694 25398
24220 46 25860
24285 848 25970
24372 382 26043
24583 86 26097
24623 62 26130
24726 462 26208
24907 192 26382
25064 452 26430
25066 93 26463
25077 759 26502
25122 174 26510
25141 736 26513
25160 968 26537
25236 205 26564
25359 145 26959
25401 816 27246
25466 669 27292
25493 386 27548
25655 264 27627
25752 200 27813
25753 536 28020
25782 744 28081
26097 916 28222
26123 68 28286
26158 473 28484
26244 889 28554
26390 4 28680
26964 617 28764
26999 54 28780
27054 728 28855
27121 925 28949
27498 257 29183
27591 113 29262
27602 64 29268
27807 163 29273
27991 731 29290
28261 786 29343
28264 376 29372
28282 845 29469
28386 317 29755
28531 251 29765
28651 256 29933
28746 355 29936
28747 561 29945
28798 798 29955
28970 397 30093
29062 775 30127
29120 559 30189
29371 301 30303
29457 891 30337
29626 658 30457
29725 692 30536
29943 647 30748
29950 136 30781
29986 310 30870
30140 459 30938
30152 521 31085
30299 74 31132
30476 566 31160
30514 461 31277
30708 304 31430
30709 967 31609
30781 904 31720
30969 450 31743
31017 697 31912
31318 672 31934
31337 342 31993
31466 945 32008
31491 710 32210
31589 302 32241
31761 968 32261
31802 946 32433
31841 677 32493
31868 601 32616
31871 216 32813
32155 504 32967
32168 693 33064
32203 225 33141
32343 387 33376
32388 616 33379
32410 964 33442
32737 922 33596
32738 167 33604
32788 478 33636
32988 755 33652
33004 772 33709
33244 226 33790
33343 529 33898
33499 21 34046
33514 859 34218
33749 51 34237
33761 547 34245
33785 479 34337
33842 942 34371
33898 353 34436
33965 239 34603
33992 748 34705
34255 495 34822
34339 148 34902
34434 228 35029
34499 154 35145
34520 886 35184
34549 128 35423
34579 872 35462
34718 442 35471
34719 951 35552
34783 765 35565
34932 532 35801
34948 123 35875
35022 486 36047
35173 645 36469
35325 280 36485
35389 779 36529
35717 100 36799
35809 176 36830
35914 829 36948
35933 363 37184
35943 317 37199
35956 494 37418
36058 959 37428
36123 732 37589
36145 633 37600
36482 781 37614
36538 48 37767
36562 985 37891
36948 506 38186
37213 943 38216
37244 89 38247
37445 83 38572
37497 275 38586
37899 499 38614
37997 42 38854
38018 635 38963
38185 366 39253
38293 34 39257
38309 646 39350
38319 334 39553
38466 454 39600
38545 804 39635
38645 314 39670
38793 731 39748
38904 102 39870
38907 66 40170
38909 940 40218
39331 720 40249
39406 951 40395
39559 883 40705
39585 763 40814
39665 718 40848
39881 631 40877
40020 135 41045
40025 299 41300
40121 411 41503
40247 437 41553
40248 539 41609
40553 843 41626
40666 161 41728
40705 65 41735
40920 576 41759
41259 40 42084
41307 880 42120
41403 825 42218
41492 609 42231
41571 484 42331
41616 617 42355
41707 493 42417
41814 448 42528
41927 131 42588
41951 414 42922
42031 757 42946
42182 35 42973
42268 766 43089
42294 909 43224
42376 577 43498
42592 93 43512
42669 655 43532
42760 170 43918
42888 823 44078
43097 426 44148
43152 546 44224
43287 521 44523
43600 380 44714
44209 386 44977
44212 87 45028
44315 960 45066
44324 318 45083
44326 721 45095
44335 654 45130
44411 487 45249
44625 288 45346
44833 286 45443
44845 60 45471
44879 388 45494
44974 850 45505
44996 265 45539
45216 493 45617
45242 488 45661
45300 872 45704
45439 857 45736
45501 914 45750
45559 736 45963
45655 100 46173
45795 725 46223
45896 449 46474
46024 862 46672
46193 777 46724
46238 590 46796
46264 745 47019
46576 487 47094
46717 364 47131
46746 298 47284
46801 104 47327
46809 495 47350
46837 307 47530
46971 761 47675
47126 502 47677
47247 787 47702
47334 796 48000
47344 746 48282
47435 141 48303
47484 746 48537
47501 408 48618
47511 150 48644
47684 71 48829
47906 533 48898
48160 291 49054
48208 355 49093
48451 526 49182
48457 476 49318
48488 771 49430
48975 851 49453
49003 617 49609
49143 170 49721
49200 690 49755
49240 676 49761
49253 82 50173
49368 835 50189
49452 421 50643
49505 70 50685
49579 670 50687
50025 377 50714
50054 92 50753
50329 96 50901
50364 478 51002
50422 363 51121
50460 796 51183
50581 811 51232
50647 12 51260
50726 420 51668
50845 648 51694
50911 125 51886
50954 153 51956
50955 367 51972
51039 106 51995
51052 378 51999
51155 800 52077
51186 252 52179
51238 191 52183
51267 194 52249
51452 187 52410
51496 512 52442
51510 877 52531
51898 923 52590
52009 127 52598
52066 741 52620
52074 884 52669
52085 508 52760
52138 887 53057
52312 453 53183
52538 968 53541
52607 805 53649
52631 753 53666
53006 799 53756
53062 271 53847
53109 756 53885
53142 906 53950
53156 104 54156
53224 588 54397
53247 772 54470
53286 102 54505
53339 8 54507
53373 357 54696
53454 303 54721
53693 524 54774
53711 831 54808
53987 819 54830
54056 96 55181
54132 456 55443
54138 968 55722
54323 218 55789
54382 795 55868
54409 72 55960
54413 186 56059
54472 616 56120
54488 771 56212
54496 160 56421
54700 562 56466
54706 899 56490
54727 244 56602
55069 734 56751
55106 945 57099
55846 449 57214
56024 110 57287
56154 377 57300
56282 451 57350
56295 155 57376
56435 422 57429
56574 643 57435
56815 825 57470
56837 439 57516
56854 527 57562
56894 628 57589
56926 873 57696
57254 34 57722
57309 755 57760
57321 825 57805
57355 483 57924
57453 228 58024
57529 703 58041
57596 196 58102
57600 640 58392
57790 407 58474
57800 525 58531
57996 3 58579
58043 670 58963
58123 373 59037
58206 99 59205
58224 127 59391
58243 350 59439
58765 728 59452
58947 299 59540
58990 68 59722
59006 810 59728
59215 499 59944
59356 694 60074
59589 853 60082
59613 155 60221
59747 282 60251
59752 90 60262
59781 910 60279
59878 901 60409
60001 252 60467
60098 62 60509
60110 476 60534
60173 366 60642
60175 367 60655
60353 659 60724
60391 31 60738
60431 469 60975
60465 24 61063
60566 151 61064
60623 327 61157
60658 966 61905
60747 639 62012
60759 794 62071
60952 378 62151
60984 104 62467
61020 955 62640
61157 508 62699
61409 346 62901
61636 44 62951
61661 841 63049
61841 528 63055
61991 537 63104
62065 22 63135
62107 889 63150
62298 819 63217
62374 381 63618
62765 992 63890
62804 51 63984
62814 647 64089
62981 663 64096
63137 317 64151
63161 437 64157
63173 261 64247
63238 118 64253
63343 999 64321
63374 756 64333
63397 335 64343
63494 447 64371
63668 306 64390
63738 419 64544
63984 333 64667
64178 585 64715
64189 744 64991
64261 895 65488
64326 627 65573
64340 197 65574
64573 848 65828
64604 396 65931
64629 983 66170
64727 899 66304
64797 178 66374
64880 104 66430
64905 794 66467
64920 745 66788
65190 142 66988
65226 385 67018
65260 977 67083
65344 159 67127
65476 673 67134
65599 630 67283
65661 81 67525
65759 651 67527
65930 878 67551
65969 87 67741
65978 728 68037
66106 591 68143
66253 978 68144
66619 172 68226
66738 915 68273
66932 274 68315
66974 111 68459
67059 758 68550
67172 881 68588
67399 855 68696
67437 559 68807
67608 45 68917
67702 599 68952
67848 973 69046
67901 315 69099
67942 275 69455
67951 235 69689
68008 397 69840
68015 938 70030
68033 962 70118
68056 208 70195
68486 643 70275
68512 831 70329
68634 744 70394
68686 607 70652
68736 483 70860
68782 578 70889
68850 774 71026
69187 515 71234
69217 177 71696
69220 139 71890
69393 10 71975
69399 613 71995
69590 174 72018
69786 799 72272
70164 182 72334
70170 708 72371
70172 214 72407
70304 53 72442
70353 924 72453
70582 42 72462
70627 483 72719
70730 696 72825
70769 905 72876
70844 727 72969
71095 761 73113
71180 741 73210
71273 732 73349
71741 113 73357
71747 382 73503
72062 737 73683
72064 878 73723
72237 921 73773
72517 403 73838
72532 947 74034
72719 637 74326
72739 244 74420
72779 280 74563
72881 908 74670
72982 107 74692
73164 444 74823
73188 241 74900
73274 538 74931
73360 417 75065
73505 755 75290
73525 95 75521
73683 351 75640
73698 761 75771
73718 783 75786
73736 852 75790
73776 466 75796
74001 791 75987
74121 505 76130
74157 211 76138
74261 999 76506
74279 344 76689
74282 384 76746
74334 710 76829
74391 262 76908
74452 212 76909
74786 134 76953
74868 919 77098
74878 624 77157
74965 746 77355
75134 81 77381
75140 598 77489
75525 272 77668
75619 395 77988
75681 505 78073
75714 583 78186
75753 904 78209
75765 864 78289
75907 901 78473
75910 603 78503
75924 866 78555
76082 237 78582
76428 683 78614
76531 104 78646
76536 545 78768
76541 919 79008
76570 1000 79086
76834 18 79101
76855 10 79170
76866 159 79274
76987 652 79328
77195 749 79481
77268 337 79700
77439 386 79702
77660 728 79909
77899 698 80016
77933 239 80074
78629 237 80088
78642 648 80174
78654 92 80188
78871 822 80211
78947 342 80231
79002 603 80315
79206 856 80342
79224 505 80346
79277 610 80730
79389 979 80887
79484 123 80904
79494 354 80967
79502 431 81025
79513 598 81555
79535 955 81615
79571 911 81650
79618 671 81763
79686 513 81880
79746 663 81888
79848 711 81955
79902 947 82240
80188 609 82330
80406 120 82478
80466 718 82502
80482 377 82515
80751 103 82571
80774 267 82603
80877 947 82681
80904 651 82700
80921 954 82709
81040 653 82724
81168 91 82728
81249 214 82803
81354 44 82871
81359 258 82933
81368 786 83106
81404 133 83127
81406 266 83152
81448 87 83357
81514 109 83477
81516 882 83617
81636 146 83680
81725 144 83681
81752 125 83798
81787 470 83972
82054 916 84047
82159 181 84048
82223 113 84109
82233 507 84137
82296 932 84138
82389 791 84219
82432 235 84235
82561 423 84253
82731 15 84323
83041 672 84414
83275 234 84495
83334 908 84559
83356 738 84565
83530 357 84598
83592 777 84693
83608 917 84800
83639 192 85117
83741 25 85159
83751 347 85168
83812 199 85228
83972 135 85348
84394 829 85389
84415 770 85415
84512 531 85524
84534 775 85790
84757 935 85843
84785 364 86100
84787 621 86177
84819 72 86264
85163 966 86296
85332 257 86434
85406 717 86492
85438 697 86510
85474 87 86558
85533 155 86576
85630 178 86635
85679 377 86665
85777 39 87125
85801 871 87332
85839 728 87611
86125 832 87735
86196 687 87825
86345 820 87849
86380 657 88066
86421 281 88434
86564 781 88567
86626 294 88588
86719 438 88622
86815 58 89007
87030 796 89042
87105 184 89390
87324 84 89394
87491 709 89545
87554 189 89690
87743 209 89979
87916 326 90115
87956 547 90412
88061 673 90586
88207 998 90689
88264 466 90774
88491 169 90789
88514 118 90803
88523 515 90848
88633 471 90927
88965 117 90993
88987 209 91151
89238 448 91189
89251 614 91222
89253 359 91241
89316 704 91499
89343 157 91549
89522 560 91759
89997 955 91795
90171 387 91808
90603 4 92051
90644 586 92258
90648 489 92344
90668 299 92421
90747 239 92560
91048 861 92611
91366 507 92744
91610 978 92778
91795 969 92890
91800 678 92950
91824 409 92970
91930 531 93087
91990 44 93112
92112 862 93123
92307 508 93211
92379 438 93274
92383 123 93297
92410 209 93489
92512 989 93496
92782 669 93507
92979 333 93542
93096 447 93850
93097 694 93956
93552 380 94118
93624 422 94122
93636 529 94132
94166 15 94285
94178 265 94460
94490 638 94591
94503 320 94671
94535 354 94719
94542 156 94835
94838 49 94858
95095 621 95095
95152 236 95152
95713 453 95713
95715 468 95715
95744 856 95744
95876 568 95876
96022 328 96022
96246 206 96246
96417 221 96417
96479 712 96479
96500 188 96500
96504 662 96504
96561 886 96561
96722 234 96722
96780 335 96780
96859 124 96859
96940 373 96940
96986 620 96986
96993 416 96993
97066 698 97066
97298 968 97298
97346 228 97346
97439 844 97439
97470 908 97470
97475 699 97475
97480 688 97480
97514 825 97514
97613 631 97613
97790 1000 97790
97832 171 97832
97967 641 97967
98100 123 98100
98112 734 98112
98124 231 98124
98224 957 98224
98256 607 98256
98506 369 98506
98587 828 98587
98589 448 98589
98700 749 98700
98785 80 98785
98886 231 98886
98901 388 98901
98918 262 98918
98958 404 98958
99014 826 99014
99038 811 99075
99159 710 99159
99164 728 99164
99367 559 99421
99396 312 99464
99737 584 99812
99762 116 99918
