1000 999
118 699 12
657 522 20
272 832 4
162 446 12
94 382 10
456 465 11
398 611 3
475 513 2
841 313 0
109 892 9
470 637 14
479 942 11
574 906 8
121 285 3
1 312 4
960 259 2
111 719 5
279 241 13
286 337 14
59 984 17
433 397 17
779 549 16
201 722 13
770 836 3
871 626 0
721 557 2
753 766 11
425 467 17
678 570 2
748 3 19
209 352 19
66 425 10
544 793 12
972 303 0
538 581 9
556 478 13
388 177 12
46 261 2
981 824 17
255 274 7
340 550 18
94 774 16
502 157 5
618 820 12
8 73 5
409 337 4
13 26 8
507 410 9
591 195 8
850 186 15
705 287 4
132 676 2
71 191 5
641 498 13
923 983 8
416 309 13
246 60 9
859 568 15
531 992 2
971 128 11
657 450 8
614 514 7
598 674 20
52 993 15
34 914 19
916 41 19
597 379 6
838 959 14
308 520 3
941 472 4
542 407 9
571 256 0
928 953 12
681 963 10
133 345 19
427 966 12
52 782 10
240 380 14
528 291 10
786 489 13
915 328 20
44 31 19
78 715 4
763 357 9
104 390 10
394 714 19
552 364 6
499 159 15
577 637 10
189 644 5
763 981 12
724 220 10
969 713 9
525 952 20
552 430 15
653 997 18
225 280 7
157 711 10
564 722 12
531 476 8
225 436 12
892 453 11
567 420 3
144 433 18
571 994 6
244 286 18
411 925 17
965 681 5
684 476 17
680 322 0
42 33 14
759 32 6
591 958 14
547 28 9
755 23 2
947 792 13
418 339 15
999 929 4
340 962 20
10 575 9
253 584 7
499 771 8
736 333 4
849 379 13
583 309 12
187 52 2
404 929 14
371 377 19
792 286 15
483 520 18
593 609 12
171 417 17
544 573 16
534 497 13
655 492 17
670 542 1
134 653 11
392 894 17
89 226 19
216 367 20
26 423 2
157 724 3
204 65 7
231 613 11
798 110 5
438 575 20
713 21 19
223 992 1
948 159 18
973 325 20
619 150 20
306 772 12
515 788 10
950 864 13
197 199 3
938 422 0
16 993 3
945 175 8
966 361 7
822 422 16
914 874 16
247 900 17
276 251 18
195 660 18
82 214 7
741 646 14
798 509 11
433 39 12
577 103 14
322 734 18
71 548 16
948 277 4
768 636 11
712 946 0
881 33 15
598 375 3
237 393 9
445 611 13
142 378 2
650 877 3
529 852 4
213 297 11
262 664 9
279 344 10
607 578 14
662 690 6
860 307 16
500 226 15
719 77 11
470 843 15
112 700 3
61 625 14
774 592 14
176 547 10
96 31 2
345 685 9
271 518 1
565 895 3
204 826 0
390 590 10
528 680 20
611 391 3
624 647 5
383 606 7
328 344 16
298 787 5
197 702 17
264 651 5
534 797 10
258 501 17
297 864 13
46 726 14
800 872 7
102 778 12
37 855 20
588 952 5
81 88 5
238 374 20
465 230 13
385 113 12
594 805 0
498 447 19
373 442 6
399 30 14
103 76 18
226 603 13
566 180 12
493 219 0
854 979 6
56 690 6
391 403 8
550 440 2
929 851 18
901 441 3
742 415 17
5 655 5
293 466 11
945 510 10
270 471 6
170 563 14
134 790 3
241 293 8
955 307 15
251 17 16
22 347 20
168 278 10
650 434 19
433 117 12
392 111 19
202 687 12
866 138 18
963 962 3
949 730 11
135 688 11
991 181 14
853 212 19
747 354 5
879 874 9
164 807 19
466 757 18
956 909 2
468 125 4
439 139 10
560 753 3
219 551 7
507 394 9
339 633 3
162 449 5
352 735 11
324 952 4
936 947 16
335 413 12
464 897 13
371 194 19
575 62 4
485 813 18
197 974 12
184 755 13
207 47 5
69 666 15
583 631 20
285 227 17
561 487 20
104 224 5
550 165 17
658 417 5
553 136 15
650 95 9
954 272 4
74 624 5
294 312 10
441 216 14
18 229 19
799 363 1
97 100 11
75 467 0
406 343 15
888 222 4
551 76 6
846 358 12
64 212 17
654 249 16
153 559 20
272 147 15
998 927 13
321 275 15
593 253 13
99 7 14
22 603 15
998 417 5
903 358 2
787 75 18
318 689 0
544 684 7
868 119 9
546 785 1
666 434 8
30 498 7
38 605 17
61 169 9
326 936 5
409 376 14
858 837 18
596 748 15
361 306 17
537 247 16
251 848 3
170 861 18
869 125 3
714 736 8
226 920 17
48 251 11
753 885 17
957 119 1
461 266 14
608 922 17
517 437 6
293 731 13
67 734 3
37 559 20
804 70 7
515 942 9
60 594 1
884 930 14
857 727 8
20 115 11
146 368 2
857 557 14
865 900 3
839 975 7
530 612 6
331 898 18
553 644 11
300 58 19
27 693 20
872 110 13
874 400 5
774 973 19
634 190 4
485 524 6
524 219 6
920 618 1
835 737 18
251 487 11
4 890 17
410 522 8
876 735 19
107 863 17
441 805 5
252 274 10
196 592 9
158 45 9
852 292 18
885 669 8
855 379 16
229 25 3
629 235 4
88 750 13
603 236 1
667 421 8
605 666 20
513 1 4
323 218 4
105 95 7
174 754 4
308 661 10
896 417 7
988 200 12
602 320 15
597 566 4
978 694 18
562 996 20
386 643 8
442 664 20
568 616 13
365 270 12
181 824 14
482 880 2
594 622 20
760 14 2
798 436 12
610 573 16
390 489 8
235 70 11
649 635 14
47 678 15
390 141 10
74 263 18
152 250 0
389 267 2
794 162 14
676 198 20
215 687 11
430 84 2
90 460 17
225 371 12
70 692 6
886 744 13
288 571 6
411 319 15
206 731 8
696 685 10
480 781 9
144 460 10
28 86 17
939 831 18
516 332 4
182 903 18
930 243 15
10 115 10
336 217 1
459 977 1
747 273 3
901 71 20
383 449 14
311 825 0
811 912 3
772 400 5
107 962 14
448 788 14
898 708 0
721 310 13
558 129 6
945 886 4
254 770 20
568 131 9
216 294 5
284 850 8
579 536 2
419 335 20
521 83 11
915 6 8
90 36 2
414 123 11
110 907 20
762 883 5
703 195 1
137 468 12
911 996 20
518 54 9
995 517 7
545 836 13
888 473 20
374 316 2
220 66 3
93 829 0
765 570 6
737 465 15
53 867 2
317 520 4
659 439 18
639 322 7
322 780 16
589 553 14
172 128 0
202 373 0
72 203 10
826 108 3
341 802 13
25 676 4
342 790 15
751 949 2
842 10 7
820 560 12
402 395 2
208 234 3
469 324 3
539 970 10
192 907 11
350 937 9
544 511 4
384 49 12
333 296 4
825 268 20
565 723 4
745 411 2
734 829 16
611 112 18
777 754 0
688 661 19
707 600 20
617 236 5
506 553 14
256 940 11
241 984 6
905 43 20
145 100 4
272 750 13
313 359 19
285 92 14
271 138 6
91 604 2
324 314 3
363 665 4
628 835 3
853 431 18
880 944 12
400 3 11
675 100 13
424 882 10
442 72 4
795 299 7
246 315 8
709 474 20
485 655 2
344 635 7
869 970 17
239 51 19
101 52 19
423 903 19
559 79 9
164 274 0
719 257 9
980 453 6
129 132 16
977 856 19
941 837 16
87 291 6
692 453 12
683 921 9
308 922 20
977 508 1
281 389 7
320 409 15
461 487 12
271 881 3
749 764 7
762 163 15
747 806 20
541 894 19
395 922 2
652 485 16
567 160 0
101 564 11
662 101 10
317 683 4
239 167 12
66 401 18
443 769 13
808 883 11
566 152 17
543 498 5
856 430 15
160 279 2
284 653 0
470 353 18
679 578 2
822 686 0
687 755 8
622 581 6
568 303 1
49 882 1
455 301 12
638 547 16
223 304 9
921 374 20
438 723 16
159 768 13
756 804 13
886 243 12
472 359 2
493 743 20
40 112 17
73 527 17
532 827 19
473 187 4
935 184 8
463 124 2
981 713 9
404 607 2
272 40 16
706 550 6
737 704 4
928 630 17
766 63 10
243 739 12
84 817 18
360 657 20
130 782 20
921 41 20
704 209 2
174 675 9
920 370 13
163 919 7
98 891 1
447 280 7
740 462 2
179 631 13
500 225 3
211 792 14
686 210 19
774 913 19
527 244 1
994 899 9
736 200 5
775 304 3
647 958 0
105 140 4
552 766 0
289 620 5
707 460 15
740 171 11
614 66 16
882 912 16
951 29 8
414 810 5
821 137 11
562 416 4
435 907 8
86 659 3
250 410 0
581 329 10
305 33 13
663 97 8
746 695 16
198 409 2
983 96 8
506 381 18
224 50 20
142 83 2
59 795 15
572 563 14
476 821 16
114 164 11
505 166 1
826 948 15
704 961 18
439 369 5
642 497 11
953 268 5
151 26 8
686 885 3
504 781 18
126 221 3
977 914 7
415 818 16
166 760 0
556 339 1
888 139 0
131 904 7
932 820 1
827 156 15
210 828 11
891 269 12
8 619 4
813 923 5
927 789 1
161 471 17
387 164 20
791 874 13
949 696 7
503 383 10
966 327 7
242 364 13
96 839 10
749 803 8
2 959 2
167 931 18
9 542 11
554 915 3
584 812 16
634 73 1
75 840 5
867 887 7
954 802 16
670 827 1
122 160 12
109 486 2
533 2 14
80 731 9
258 408 9
946 991 10
83 554 2
261 195 17
696 818 14
819 674 0
489 7 11
990 907 6
366 765 9
105 24 18
310 627 9
908 645 19
670 682 7
183 268 14
587 217 11
906 346 18
68 275 15
289 875 6
167 1000 17
651 585 7
716 454 4
218 672 0
550 864 13
904 648 0
315 535 7
914 737 17
28 679 11
166 269 20
639 968 0
118 432 10
820 348 0
149 353 12
902 784 9
876 82 3
324 536 6
426 64 16
115 78 7
512 941 13
120 349 15
659 351 1
266 770 4
671 330 8
842 302 2
87 675 1
656 827 7
926 708 16
306 490 13
896 710 11
215 248 14
274 444 2
26 48 18
418 425 3
151 204 16
922 738 4
526 372 20
182 934 12
342 4 2
338 512 18
624 495 18
260 700 1
943 339 13
897 905 4
770 975 7
46 889 9
896 906 8
645 590 10
245 282 12
233 855 10
873 761 10
649 680 14
52 267 8
778 556 7
595 183 2
586 988 6
854 1 4
463 530 18
204 496 3
779 63 4
968 78 3
434 582 5
732 772 14
241 809 14
254 861 10
894 40 13
769 882 3
741 498 17
362 575 11
290 225 6
776 60 14
521 796 9
986 595 14
367 917 8
632 33 3
985 689 2
640 686 5
787 871 9
910 816 19
256 474 1
323 334 6
610 325 10
797 785 4
446 301 2
116 715 7
970 569 11
349 452 12
232 651 16
926 636 1
21 878 9
986 626 8
228 205 5
220 643 0
284 785 12
807 719 14
68 217 17
16 728 17
900 372 7
862 491 3
694 767 14
623 725 3
684 9 4
7 966 3
748 45 0
576 272 1
197 431 7
590 784 4
249 804 6
131 638 12
176 265 11
738 128 20
356 143 20
58 235 2
277 283 18
234 229 18
55 617 8
81 178 2
63 691 0
761 567 2
234 893 6
368 599 20
620 216 14
673 747 4
380 522 2
95 53 10
697 348 3
816 754 1
919 457 14
124 254 1
434 850 5
271 154 18
912 870 13
155 237 12
157 113 15
451 80 0
12 697 12
937 341 13
143 253 5
239 221 11
908 987 6
419 683 5
585 591 8
270 996 8
106 924 14
878 902 4
524 621 1
736 678 19
717 828 19
406 833 19
609 41 7
322 806 20
574 799 9
282 451 15
193 883 13
714 413 17
445 354 15
697 396 1
956 136 2
501 332 8
85 430 12
231 318 4
533 948 13
61 746 6
183 481 20
963 389 16
854 449 7
701 255 20
349 115 17
518 501 0
714 759 12
958 823 11
127 981 15
668 725 17
360 286 15
71 847 11
615 347 18
43 316 16
546 555 10
739 429 12
228 482 8
801 191 5
28 57 0
169 389 10
861 479 19
698 883 7
621 956 0
20 523 8
830 245 1
783 599 15
699 256 16
185 301 11
388 812 18
870 733 7
426 478 5
519 272 3
15 282 7
474 168 7
131 942 8
752 803 17
815 841 1
19 143 7
877 720 18
59 781 12
933 831 11
952 899 5
869 940 5
119 29 7
918 699 18
845 136 10
928 258 11
6 705 18
437 851 0
153 900 11
35 559 18
995 412 18
688 604 4
484 935 18
671 622 6
155 142 15
789 599 17
672 705 9
729 96 5
989 769 15
433 188 1
135 406 2
913 454 1
106 363 7
1000 217 19
487 883 7
816 982 0
758 434 16
520 494 15
148 868 0
711 393 10
693 413 19
767 925 6
656 285 4
81 540 10
119 395 5
718 883 10
554 668 1
72 886 0
173 997 4
286 188 18
826 231 4
152 672 3
601 206 16
72 972 11
170 742 2
642 245 11
219 692 12
4 458 18
773 195 3
399 431 10
814 635 9
677 56 10
147 355 4
488 641 5
330 477 13
628 454 20
789 882 15
755 760 20
405 480 10
893 815 5
255 831 17
457 562 19
967 943 11
179 925 7
447 726 18
680 862 5
292 162 12
580 541 9
205 837 9
702 295 4
552 960 5
610 803 0
336 389 18
399 345 12
11 115 18
760 964 1
598 579 5
479 421 19
123 965 10
469 834 19
519 844 7
447 955 20
681 976 18
627 827 3
599 969 15
428 12 4
477 453 10
1000
11389 217 19278
85977 172 85977
147434 408 312153
183744 107 324262
256058 99 337546
276745 67 355048
291093 961 367048
313340 901 378838
316317 486 395870
493087 563 493087
567991 57 567991
597133 28 597133
624417 791 624417
649098 408 649098
764747 538 764747
781473 785 781473
829479 87 829479
829720 108 829720
855597 270 855597
857014 634 857014
944699 161 944699
1192466 88 1192466
1202330 672 1202330
1283439 955 1283439
1324847 908 1324847
1345690 401 1345690
1347411 318 1347411
1357806 236 1357806
1470574 255 1470574
1695984 757 1695984
1708274 292 1708274
1727093 455 1727093
1842171 643 1842171
1933824 131 1933824
1942678 136 2068238
2051061 541 2093409
2079918 860 2185242
2168044 176 2255485
2219360 31 2420021
2242294 37 2459963
2330589 681 2533717
2370218 367 2542507
2404640 883 2619699
2507417 939 2630054
2514278 335 2676116
2531703 886 2677958
2602651 489 2680367
2644472 480 2712528
2647076 1000 2726917
2863931 893 2863931
2994191 555 2994191
3068106 959 3068106
3072116 280 3072116
3079564 563 3079564
3085150 457 3085150
3120586 140 3120586
3218566 994 3218566
3231121 973 3231121
3236999 716 3236999
3259585 554 3412850
3260615 183 3493204
3307861 607 3610604
3330978 613 3633822
3332025 469 3641868
3360825 648 3649937
3378979 768 3752191
3392975 653 3856278
3561131 900 4028973
3594065 579 4218541
3602199 447 4243802
3628037 538 4300366
3642347 657 4393739
3657758 656 4520638
3661870 548 4533489
3771908 319 4575245
3798682 932 4604820
3810083 357 4619968
3867317 495 4684794
3893226 554 4727288
3935692 234 4787820
4092549 826 4839924
4136548 93 4857740
4162952 454 4871395
4250410 317 4890947
4284032 376 4908649
4381337 424 4915592
4403480 268 4997529
4497096 161 5060005
4549630 312 5102207
4779207 12 5131303
4946553 2 5173303
4979504 537 5223584
5024121 836 5261839
5033327 778 5267211
5036400 870 5309111
5221515 141 5371375
5259222 354 5373053
5290231 295 5501161
5298583 482 5526109
5423165 549 5624902
5498638 10 5712766
5751720 706 5754484
5840312 946 5840312
5880639 505 5880639
5906912 971 5906912
5908354 775 5915021
5954301 490 6050928
5972879 308 6076977
5991939 11 6112851
5992809 786 6170361
6045345 442 6241757
6066099 819 6253872
6099896 301 6439527
6116092 613 6462488
6237857 238 6462710
6248149 817 6557670
6375239 9 6590251
6391591 563 6642086
6436808 384 6702144
6489603 195 6713910
6508680 423 6729584
6538887 905 6761072
6550030 576 6927313
6591257 449 6974410
6698062 406 7122635
6724576 257 7144742
6776642 169 7152678
6777353 734 7159797
6795296 756 7286017
6797488 663 7303634
6806755 401 7606031
6866049 850 7608402
6877316 389 7692188
6888276 227 7698859
6892632 271 7802633
6949388 83 7852340
6960068 434 7886392
7027979 642 7907343
7040675 247 7939365
7089032 531 7941006
7131236 784 7991710
7135164 821 8009698
7145112 933 8044909
7178065 629 8077771
7232036 828 8136110
7250079 712 8270171
7254772 703 8391286
7255370 280 8582224
7410893 293 8604372
7551011 666 8606440
7579105 762 8728617
7587097 546 8746220
7639136 830 8800600
7651252 277 8872677
7651978 424 8984619
7744715 194 8984743
7751672 875 9013111
7770523 72 9024241
7777988 188 9041177
7901033 141 9152404
7904180 298 9265621
7966281 115 9326005
8040711 654 9395352
8071979 468 9420117
8103113 634 9487439
8265260 465 9560001
8269099 280 9577249
8294324 719 9668745
8312966 639 9720607
8468199 505 9752826
8586185 194 9787407
8615555 330 9811252
8652399 21 9855950
8684286 157 9974590
8768130 52 10036000
8805070 994 10036881
8879448 549 10082463
8892701 24 10227052
8903448 192 10314859
8950432 997 10318295
8978456 106 10387014
9018459 290 10388834
9035269 277 10468685
9103305 130 10490690
9204888 734 10560073
9218426 450 10565939
9273103 746 10685235
9287493 10 10695172
9390510 240 10786945
9425385 94 10799752
9611610 156 10801464
9653789 17 10813193
9752710 507 10821053
9826642 224 10857886
9895044 352 10871601
9923941 432 10961688
9945516 321 11113618
9976031 806 11129572
10008917 820 11162980
10042326 512 11228528
10061584 382 11233675
10118570 476 11245803
10142207 715 11255612
10276185 812 11317206
10307246 34 11373804
10531217 340 11446543
10543056 84 11663193
10632400 865 11666863
10668460 770 11713102
10696844 976 11730653
10762490 151 11746385
10798117 59 11762246
10800191 274 11795735
10915693 796 11851913
10932530 403 11906601
10973212 75 11906850
11016280 558 11944851
11065144 483 11977975
11072774 187 11993669
11100066 198 12022229
11162783 919 12072161
11192331 863 12082114
11208535 258 12170728
11218238 838 12206038
11266733 392 12266456
11314940 850 12272322
11340374 14 12339246
11407611 126 12340393
11415566 999 12342237
11442885 788 12347542
11464354 733 12543027
11556128 256 12547785
11601711 396 12559587
11623299 791 12684985
11653472 1000 12761924
11659316 455 12919287
11724039 255 12985411
11866475 757 12985469
11891854 36 13041011
11917439 205 13054364
11932808 473 13069216
12103537 754 13157579
12155821 791 13182323
12164190 98 13184816
12272159 535 13248470
12285509 683 13351852
12407168 215 13399394
12521369 486 13442602
12585824 400 13536343
12612150 699 13579381
12640631 986 13607433
12645057 321 13628952
12744990 960 13669650
12749627 332 13785415
12789386 164 13796211
12789524 646 13876373
12933628 747 13876679
12936135 45 14096410
13055613 764 14128595
13148067 961 14140102
13330951 564 14143353
13362030 535 14145305
13382463 127 14194672
13399949 261 14209425
13404954 494 14278127
13415224 655 14305940
13441676 307 14317931
13470545 205 14392042
13481438 371 14459767
13534058 910 14535338
13550573 55 14659614
13690268 886 14667724
13790530 684 14684702
13794258 225 14721256
13873481 998 14754939
13881552 117 14761400
13888379 243 14789607
13938107 650 14816829
14051412 446 14844351
14071674 334 14866338
14073580 17 14882749
14172736 173 14904394
14186176 815 14958515
14219707 284 14985855
14382676 600 15136303
14467966 124 15186434
14585612 407 15277039
14643761 810 15315446
14854619 250 15338854
14881196 11 15381857
14915180 994 15400561
14922541 45 15419691
14945581 597 15422542
14959781 804 15430350
14987283 709 15434419
15016952 488 15458280
15031373 706 15547175
15053013 612 15552473
15053951 160 15603675
15107013 382 15704727
15138600 791 15739233
15182862 93 15745564
15184434 256 15761279
15268122 163 15824617
15297963 513 15914139
15328891 95 15944762
15512904 704 16031019
15737382 635 16056240
15770583 348 16129472
15813668 955 16244137
15941595 994 16325791
15943676 779 16352437
15971636 642 16362963
16126399 63 16520533
16165976 63 16660286
16236190 366 16756776
16659023 662 16786711
16681719 159 16823361
16698237 720 16842582
16743008 551 16867217
16746403 812 16883678
16814864 111 16887744
16911347 130 16911347
16937635 501 16961213
16960979 240 17021004
17065066 326 17065066
17165720 573 17165720
17172628 809 17172628
17224022 662 17224022
17306460 776 17306460
17357831 357 17357831
17358373 826 17358373
17409802 915 17409802
17485834 451 17485834
17523983 752 17523983
17525272 199 17525272
17556542 23 17556542
17649222 707 17649222
17669493 388 17669493
17676529 368 17676529
17725130 743 17725130
17725909 139 17725909
17784144 258 17784144
17798105 922 17798105
17801617 42 17801617
17916608 498 17916608
18005938 725 18005938
18022890 450 18022890
18024390 574 18024390
18057893 303 18057893
18080468 557 18080468
18117859 715 18117859
18242409 503 18242409
18356144 196 18356144
18360708 582 18360708
18386318 193 18386318
18480342 558 18480342
18482730 358 18492554
18535523 333 18535523
18554476 751 18556127
18581433 481 18581433
18666809 283 18730905
18813745 890 18813745
18892693 853 18892693
18970124 615 18970124
18972130 938 18972130
19130682 883 19130682
19188301 569 19188301
19199366 166 19199366
19234443 72 19234443
19499633 545 19499633
19500459 160 19500459
19517122 462 19517122
19583135 304 19583135
19594685 841 19594685
19715514 271 19715514
19733436 556 19733436
19741652 377 19741652
19766878 466 19766878
19790982 2 19790982
19806548 796 19806548
19820683 655 19820683
19837691 520 19837691
19865712 390 19865712
19958219 753 19958219
20012014 191 20012014
20022315 906 20022315
20030380 21 20030380
20051532 636 20134953
20055625 879 20210157
20059720 374 20223303
20145733 796 20447477
20164901 637 20499865
20207583 246 20513534
20276613 330 20579140
20337673 740 20981853
20441222 66 21019488
20499053 676 21037425
20543036 992 21063645
20608143 553 21167270
20693246 840 21182997
20867454 398 21188096
20879117 196 21188328
20944157 538 21199805
20985418 701 21228758
21032862 511 21233529
21066196 786 21265338
21088151 566 21326253
21210530 159 21331156
21232134 629 21495825
21388729 291 21537718
21442535 332 21651334
21447035 421 21748044
21458024 658 21816439
21517371 331 21839653
21533108 115 22034932
21598569 100 22161008
21623357 537 22183693
21634649 676 22203030
21819579 70 22217499
21885999 46 22250812
22056054 857 22261042
22186433 962 22272325
22205976 134 22458420
22219381 184 22641746
22234316 896 22712179
22246190 34 22794247
22278305 208 22814724
22322384 111 22950753
22523913 499 22996279
22531765 198 23024813
22567613 103 23060316
22671733 34 23075493
22673808 586 23094863
22678336 659 23109360
22679479 858 23154727
22702971 399 23220156
22874338 675 23306167
22908088 503 23318658
22938360 540 23360276
22996186 640 23448035
22999732 720 23522852
23000411 606 23561283
23008864 264 23682584
23029550 52 23695889
23071449 377 23697996
23076669 228 23725528
23102159 622 23830964
23108922 737 23892592
23172259 74 23967149
23202855 15 24004849
23274033 954 24030717
23401478 945 24074741
23471989 215 24078361
23520392 673 24124697
23570724 505 24141742
23638278 952 24179765
23832973 913 24212732
23842665 854 24223751
23993257 83 24243168
24019727 481 24266721
24058335 822 24308370
24065165 656 24311514
24070770 64 24371579
24108918 371 24418604
24173596 573 24460740
24184362 763 24499968
24214819 962 24514651
24380284 913 24537959
24383500 427 24549672
24601535 843 24601535
24719679 379 24719679
24790126 815 24792375
24898765 727 24898765
24943185 61 24943185
24994072 845 24994072
24995821 633 24995821
25006249 274 25006249
25038411 543 25040364
25091357 43 25163008
25092689 753 25167829
25114134 74 25254996
25178737 856 25277195
25189149 313 25305429
25196552 81 25313344
25264839 969 25381334
25409938 223 25409938
25414970 985 25462982
25484643 533 25560651
25518398 101 25573241
25559774 105 25584348
25598353 744 25598353
25613387 238 25613387
25705612 546 25705612
25723929 396 25723929
25739636 196 25791681
25814272 199 25867909
25828632 540 25895695
25884928 674 26008352
25899800 256 26040427
25941983 585 26044487
25978250 642 26097742
25998348 972 26112305
26006504 185 26139027
26044893 573 26239066
26056688 769 26340118
26366837 573 26421895
26367221 427 26446375
26494872 766 26515601
26561201 110 26561201
26638345 786 26638345
26652455 655 26652455
26666042 592 26672696
26673582 368 26701241
26700603 692 26718035
26860337 471 26860337
26895723 721 26895723
26958966 683 26958966
27043124 439 27043124
27063460 906 27063460
27070718 108 27070718
27071155 172 27072861
27071278 813 27109059
27074377 186 27142047
27118586 565 27163837
27152172 413 27188113
27324740 518 27324740
27460399 347 27460399
27461669 675 27461669
27466306 163 27466306
27481562 548 27481562
27498275 616 27498275
27574363 455 27574363
27600819 957 27600819
27671571 362 27671571
27698879 926 27698879
27723158 324 27723158
27782173 565 27782173
27784355 334 27784355
27812758 867 27812758
27814634 382 27824253
27919147 424 27919147
27969144 784 27969144
27969334 650 28124851
28016469 442 28171966
28089467 847 28231626
28093922 745 28287773
28096115 333 28307625
28106920 625 28398851
28158465 248 28424734
28162451 578 28450325
28217436 560 28468214
28244205 221 28554110
28302480 386 28593180
28345869 786 28743222
28412208 565 28756672
28441192 950 28786767
28588054 764 28957261
28696150 262 29005709
28791410 370 29059818
28817198 986 29208311
28945618 465 29217685
29045412 460 29267790
29047931 984 29371949
29102780 408 29458915
29105880 2 29521102
29138694 745 29713700
29218746 37 29733511
29374523 293 29856625
29404608 612 29887467
29408455 18 29900817
29510480 532 29908222
29574063 140 29945347
29643099 913 29970474
29736649 311 29992972
29809010 8 30119459
29817427 309 30145527
29915472 229 30189245
29937494 221 30218360
29972827 878 30242339
30002233 324 30247910
30071387 24 30274530
30134546 792 30431866
30232851 843 30510605
30285386 967 30518360
30336778 708 30681906
30368939 844 30792796
30373103 284 30818083
30389960 943 30874814
30498293 568 30918425
30596696 525 30954983
30615595 571 31061228
30631751 586 31121875
30637792 950 31185565
30652056 587 31294966
30671838 160 31519303
30694780 98 31631451
30707099 40 31636021
30746407 473 31653147
30802835 366 31682359
30809316 161 31741621
31122448 143 31808774
31153173 273 31867126
31157126 377 31935040
31209511 912 31980019
31319573 598 31981095
31493447 257 32020406
31577174 240 32099516
31593569 264 32132706
31604547 832 32146566
31690126 309 32209165
31745621 96 32314035
31751463 586 32324219
31780788 411 32344470
31816124 584 32353860
31836199 941 32354756
31848678 224 32362641
31864925 753 32366073
31891352 81 32377863
31926048 742 32447364
31961420 334 32455852
32037790 813 32464594
32094479 496 32605595
32177978 179 32656528
32234293 501 32668911
32237079 847 32672726
32256811 922 32680096
32328918 708 32694794
32341753 721 32715151
32391760 592 32725110
32395917 841 32920316
32409015 931 32937389
32418926 99 33040403
32511582 611 33062179
32587043 659 33176500
32720996 309 33471889
32757365 40 33487278
32801922 750 33527442
32822731 829 33629806
32854962 592 33677709
32895334 392 33699875
32946981 82 33720540
32992006 800 33744816
32993936 59 33767111
33045890 945 33777851
33090172 791 33846994
33158760 344 33899395
33274918 358 33973063
33309800 902 34036160
33378125 838 34114357
33378160 446 34140667
33402703 428 34253169
33450825 954 34255352
33475823 890 34262286
33586468 125 34279537
33695459 892 34287415
33778339 790 34301597
33815716 234 34396829
33830257 767 34402877
33836126 670 34446086
33865384 871 34483678
33898457 618 34486889
33928065 952 34503128
34010455 13 34514696
34019451 651 34530280
34045323 798 34615666
34113643 649 34653123
34113968 393 34662011
34327104 57 34671169
34331873 314 34672660
34339964 538 34686412
34379510 44 34695750
34445720 328 34745124
34579164 554 34754689
34661823 580 34772678
34683028 155 34776158
34714984 336 34880627
34836189 516 34937296
34875683 716 34959402
34915964 228 34964090
34917361 158 34988743
34939417 53 35033795
35029826 691 35067108
35068542 751 35078564
35069902 404 35258666
35079815 996 35281508
35104859 458 35555384
35107740 772 35601178
35172939 611 35663660
35184252 591 35782837
35219933 518 35800415
35556860 94 35834964
35592148 229 35892127
35637074 444 35946991
35821544 298 35977390
35829610 807 36039872
35878754 405 36047663
35885353 153 36088074
35937763 137 36098085
35945754 346 36102879
36247204 86 36247204
36317444 489 36317444
36336027 587 36336027
36405986 765 36405986
36515679 52 36515679
36643048 563 36643048
36711652 410 36711652
36727499 270 36727499
36754892 89 36754892
36762636 410 36762636
36784969 515 36784969
36849396 446 36849396
36887234 794 36887234
36943132 716 36943132
36999379 135 36999379
37047729 782 37047729
37126390 140 37126390
37150229 494 37150229
37151595 574 37151595
37185855 204 37185855
37336969 501 37336969
37388429 406 37388429
37463392 669 37463392
37469847 587 37469847
37515979 202 37515979
37591086 576 37591086
37666229 632 37666229
37678749 755 37678749
37707462 538 37707462
37733986 254 37733986
37737500 250 37737500
37761067 75 37761067
37865947 274 37865947
37917328 797 37917328
38023474 442 38023474
38162952 333 38162952
38181147 703 38181147
38212027 948 38212027
38294880 591 38294880
38333920 93 38333920
38351736 117 38351736
38370822 689 38370822
38387829 425 38387829
38389117 435 38389117
38403588 376 38403588
38434205 358 38434205
38455723 197 38455723
38530739 330 38530739
38673423 354 38673423
38698259 610 38698259
38792647 673 38792647
38826127 26 38826127
38944153 790 38944153
39102797 314 39102797
39111466 175 39111466
39126058 360 39126058
39163029 633 39163029
39224269 843 39224269
39266786 824 39266786
39296984 454 39296984
39384866 640 39384866
39431563 151 39431563
39455591 453 39455591
39505021 47 39505021
39514444 948 39514444
39548338 839 39548338
39573616 241 39573616
39575871 206 39575871
39644581 703 39644581
39847400 384 39847400
39857569 161 39857569
39864714 777 39864714
39865590 747 39865590
39932972 875 39932972
40021707 89 40021707
40262040 117 40262040
40267553 759 40267553
40279782 57 40279782
40301961 250 40301961
40341953 973 40341953
40434731 637 40434731
40547395 950 40547395
40599462 153 40599462
40643432 891 40643432
40678760 854 40678760
40756395 841 40756395
40825266 296 40825266
40846163 16 40846163
40866758 353 40866758
40868874 712 40868874
40869419 825 40869419
40872660 115 40872660
40993568 314 40993568
41025202 462 41025202
41027569 484 41027569
41131963 25 41131963
41181000 341 41181000
41237037 216 41237037
41346363 759 41346363
41453008 552 41453008
41489318 218 41489318
41489685 210 41489685
41544826 561 41544826
41591253 537 41591253
41625824 770 41625824
41651431 266 41651431
41728763 563 41728763
41795251 496 41795251
41812709 639 41812709
41817867 749 41817867
41849496 146 41849496
41887177 713 41887177
41949143 717 41949143
42056247 686 42056247
42092438 20 42092438
42299478 387 42299478
42347892 598 42347892
42451945 929 42451945
42496048 681 42496048
42512629 541 42512629
42524281 46 42524281
42573644 263 42573644
42580505 176 42580505
42641630 63 42641630
42693771 292 42693771
42740121 207 42740121
42784459 810 42784459
42828250 715 42828250
42836499 634 42836499
42889455 279 42889455
42971220 56 42971220
42989585 478 42989585
43043924 672 43043924
43074923 969 43074923
43133572 10 43133572
43172294 70 43172294
43177756 399 43177756
43240710 678 43240710
43322450 279 43322450
43427450 680 43427450
43432764 874 43432764
43442394 936 43442394
43444369 677 43444369
43444929 370 43444929
43543350 887 43543350
43626558 112 43626558
43657025 21 43657025
43685827 301 43685827
43719174 890 43719174
43727285 906 43727285
43847120 666 43847120
43860180 397 43860180
43864714 238 43864714
43918365 391 43918365
43929192 522 43929192
43942056 728 43942056
43954532 103 43954532
43983187 927 43983187
44031441 325 44031441
44101744 498 44101744
44125541 889 44125541
44131774 613 44131774
44188280 546 44188280
44218718 92 44218718
44327439 192 44327439
44331974 205 44331974
44361647 514 44361647
44403558 991 44403558
44406825 470 44406825
44424049 576 44424049
44427425 950 44427425
44449921 731 44449921
44458479 24 44458479
44517002 42 44517002
44540867 255 44540867
44772164 946 44772164
44793050 544 44793050
44838195 314 44838195
44897301 343 44897301
44952493 503 44952493
44964587 404 44964587
44979996 764 44979996
45061882 162 45061882
45072536 20 45072536
45088330 357 45088330
45106670 702 45106670
45122236 362 45122236
45247714 365 45247714
45333783 642 45333783
45385427 311 45385427
45415799 243 45415799
45417033 515 45417033
45445864 284 45445864
45468596 833 45468596
45479358 65 45479358
45495039 642 45495039
45526192 265 45526192
45614724 901 45614724
45680853 398 45680853
45684745 913 45684745
45688577 836 45688577
45712837 32 45712837
45781649 968 45781649
45843774 570 45843774
45861548 973 45861548
45930188 288 45930188
45933610 232 45933610
45959641 157 45959641
46019234 351 46019234
46058028 920 46058028
46077704 404 46077704
46089035 674 46089035
46108348 142 46108348
46114554 91 46114554
46184582 749 46184582
46187114 393 46187114
46227977 535 46227977
46288322 985 46288322
46298568 696 46298568
46339593 629 46339593
46345035 895 46345035
46427100 642 46427100
46473930 704 46473930
46518259 234 46518259
46541657 429 46541657
46550818 248 46550818
46594487 588 46594487
46653547 158 46653547
46719169 438 46719169
46720039 995 46720039
46739374 321 46739374
46788078 933 46788078
46977163 621 46977163
47003861 339 47003861
47015140 461 47015140
47024949 557 47024949
47076486 136 47076486
47101578 213 47101578
47116868 670 47116868
47206841 143 47206841
47278506 596 47278506
47282769 556 47282769
47287183 702 47287183
47517703 821 47517703
47577890 209 47577890
47604893 885 47604893
47618396 143 47618396
47655590 318 47655590
47670964 707 47670964
47673898 724 47673898
47720695 922 47720695
47721790 538 47721790
47773079 933 47773079
47831204 140 47831204
47873402 442 47873402
47936244 932 47936244
47941534 790 47941534
48027697 150 48027697
48044141 673 48044141
48094108 957 48094108
48102822 580 48108216
48107399 941 48137369
48235584 163 48288001
48346137 327 48346137
48404496 71 48404496
48423011 572 48423011
48455156 547 48455156
48557532 973 48585180
48558380 738 48599353
48571620 123 48620017
48666451 190 48666451
48748624 327 48748624
48757936 861 48757936
48764788 902 48764788
48795056 151 48816690
48799473 746 48839980
48806842 32 48853529
48843972 785 48944143
48908900 328 49123988
48941551 903 49188971
48987726 998 49206019
49022666 425 49227345
49033700 986 49330349
49122687 423 49353809
49162913 312 49377523
49195357 455 49386742
49231280 765 49427434
49263048 958 49454235
49406480 843 49466765
49441254 917 49556542
49447062 654 49562715
49562593 957 49648225
49626500 758 49752836
49722225 282 49754111
49723963 157 49756557
49822475 799 49822475
49829062 194 49905216
49903749 111 49906846
49910448 136 49920629
49943082 191 49968805
