1000 999
547 225 19
178 491 2
493 637 11
955 357 1
46 813 20
571 580 19
385 121 11
134 893 12
456 112 11
997 387 18
135 692 15
716 397 14
631 459 0
181 877 9
626 813 11
722 653 2
720 416 5
53 403 20
765 771 17
951 508 17
78 455 13
190 330 15
834 182 20
843 393 2
273 270 6
208 754 18
321 908 13
702 199 7
584 782 10
968 95 4
340 218 4
83 841 6
950 686 10
231 399 6
65 382 5
1000 583 14
379 130 17
866 661 19
206 575 7
599 400 1
470 510 19
378 128 13
348 146 20
892 183 6
663 207 9
32 42 3
279 63 18
110 789 19
320 991 5
481 583 16
777 447 14
631 381 4
40 873 8
967 949 18
601 463 19
811 191 10
307 984 11
933 853 15
741 923 8
89 332 6
380 18 4
441 830 15
843 656 16
84 539 9
800 390 13
164 965 0
793 79 7
42 387 13
987 648 9
653 743 6
656 369 4
903 693 2
392 346 10
612 147 6
191 544 15
756 485 1
726 397 10
724 449 3
80 455 4
507 265 4
828 931 3
724 524 19
290 460 14
277 928 9
465 47 12
454 360 2
383 792 18
75 908 17
357 84 2
410 266 6
143 118 10
314 425 18
956 189 16
664 786 19
649 928 2
134 548 13
297 32 18
617 721 6
968 978 10
408 285 5
821 44 0
954 678 2
959 327 18
258 992 15
744 560 1
193 203 15
438 829 20
755 658 10
751 808 15
694 230 18
673 754 19
73 589 18
268 596 9
180 106 18
111 816 20
459 691 5
580 995 0
335 233 9
580 975 9
685 862 3
177 895 18
857 817 15
869 329 13
21 126 8
626 203 10
439 204 6
645 235 15
402 546 0
114 854 7
359 969 15
990 313 3
937 660 1
942 46 9
23 366 3
815 944 11
30 981 12
763 512 3
896 843 4
647 450 2
369 986 11
628 429 5
315 974 18
491 275 8
796 851 10
341 374 3
192 163 10
916 41 0
90 698 0
558 307 16
278 773 0
159 531 9
389 907 19
115 593 11
491 437 12
723 871 11
138 554 6
393 505 1
269 619 20
222 503 17
783 550 2
846 362 18
225 916 5
436 578 15
368 812 11
363 602 11
344 588 10
456 994 17
533 602 2
949 37 12
697 39 20
628 530 19
920 251 5
960 411 8
501 193 18
497 764 11
634 963 9
243 811 19
247 828 9
540 843 12
970 421 13
764 195 16
608 301 16
39 443 9
759 40 7
217 290 0
71 381 17
274 511 0
88 181 10
68 873 14
692 790 4
170 282 16
640 316 12
415 199 13
351 470 3
935 419 20
371 299 15
717 654 7
742 629 13
724 484 18
940 605 18
119 128 19
549 355 7
722 456 3
384 919 6
543 518 8
139 540 9
756 879 16
593 329 12
232 130 16
435 444 8
936 12 12
158 124 1
117 899 7
177 270 15
330 826 8
716 708 17
639 880 3
51 161 8
683 436 2
617 317 1
773 321 10
753 130 1
196 696 16
878 471 8
542 882 7
638 455 5
493 606 1
627 154 12
458 590 1
729 868 13
912 536 2
662 111 8
866 694 17
333 210 19
970 667 9
730 431 2
395 428 4
468 408 18
581 109 13
667 328 3
8 594 16
268 762 14
834 537 2
188 918 10
914 74 14
509 237 14
558 734 7
449 24 16
255 539 19
11 290 12
451 943 2
828 863 11
947 569 13
298 195 4
62 529 9
257 191 15
868 532 20
86 295 16
917 718 15
39 364 8
289 798 7
504 819 17
687 621 15
735 791 18
159 553 18
565 439 2
29 999 6
148 6 6
623 191 19
139 612 11
979 294 18
404 87 11
278 930 20
785 15 1
806 764 8
404 237 3
128 856 8
58 527 3
459 211 13
425 833 18
956 739 9
511 55 1
246 445 1
768 854 8
459 728 12
495 308 6
357 829 18
993 105 1
961 323 15
448 652 4
129 165 19
800 396 13
647 22 8
206 847 8
396 857 9
128 568 6
184 599 12
249 601 0
979 764 4
850 251 16
159 328 3
713 950 18
689 26 14
442 689 16
488 989 14
745 50 18
506 399 7
962 329 2
452 514 5
152 671 16
643 723 16
514 861 9
519 99 1
309 738 5
665 742 15
417 641 11
186 746 1
570 824 18
716 801 5
994 487 8
91 822 3
584 946 17
875 936 19
154 20 13
813 758 1
296 329 18
54 356 11
59 443 3
537 165 0
525 136 19
120 337 9
275 252 11
796 264 10
112 352 0
589 675 7
259 932 17
138 598 18
910 535 9
772 985 6
711 720 0
236 500 14
279 988 16
522 830 19
127 556 18
125 99 14
128 244 4
183 478 10
150 589 15
865 259 12
800 413 5
746 254 8
948 945 5
703 193 19
929 61 1
336 467 12
337 680 14
705 961 18
672 117 19
609 469 0
498 426 14
304 169 7
725 367 12
672 901 16
828 283 10
729 315 13
113 158 20
573 638 1
123 255 16
890 593 1
109 3 7
110 10 8
372 528 17
223 681 4
868 212 3
267 414 4
968 865 16
769 903 17
567 691 17
662 26 12
371 3 19
155 386 12
238 83 3
718 224 7
835 839 3
445 666 2
219 160 8
976 464 5
741 749 20
775 69 16
143 511 5
657 765 15
427 339 16
356 472 6
805 692 12
679 717 0
421 874 18
783 471 18
566 281 8
34 128 20
629 311 4
700 789 3
157 66 9
567 860 0
936 398 10
401 89 8
376 811 3
19 688 9
858 280 8
860 167 0
588 452 9
536 614 19
595 20 1
338 681 10
277 8 7
226 450 17
132 142 0
343 391 4
76 494 6
538 937 10
438 21 10
846 887 3
111 795 12
673 106 17
782 749 12
664 613 14
691 660 15
266 285 20
920 188 11
608 740 1
288 921 2
947 460 12
699 927 11
943 424 9
449 772 5
53 386 11
773 412 2
63 405 11
793 319 11
840 682 14
27 306 9
83 686 2
590 554 11
972 135 17
733 216 7
526 25 11
106 137 15
513 514 2
928 268 18
94 273 16
468 418 10
354 546 5
154 840 2
704 748 14
977 788 13
831 210 16
483 556 14
474 430 7
113 945 0
730 335 12
241 328 10
842 388 0
819 940 4
748 620 14
240 982 15
517 63 11
591 120 17
778 776 17
386 897 8
432 639 10
297 336 8
864 420 9
243 205 13
10 579 1
131 498 3
690 819 12
497 639 19
857 318 1
705 753 9
460 549 19
566 925 5
838 792 15
781 5 10
118 824 17
528 765 10
910 86 14
974 81 2
219 144 15
117 284 0
90 803 18
242 52 13
323 858 8
893 729 4
321 311 4
880 413 14
439 625 13
809 151 16
272 85 19
540 301 18
681 655 12
185 670 5
974 423 4
757 729 4
971 895 5
450 590 6
159 839 4
907 718 8
451 884 18
685 873 4
424 594 20
262 152 14
217 336 9
741 215 6
293 630 0
804 233 16
576 483 18
806 925 15
179 639 7
391 983 14
698 30 18
684 158 19
983 9 10
993 744 17
240 492 6
122 394 7
518 974 20
339 272 17
473 108 14
577 386 8
849 217 4
491 444 5
107 951 10
192 918 11
322 86 15
263 62 12
73 219 16
712 474 13
60 950 13
34 885 14
327 295 8
735 499 18
747 908 8
490 686 8
958 457 17
785 647 17
521 634 13
63 231 16
775 113 15
99 804 0
669 702 14
385 926 18
906 248 10
78 116 7
481 429 7
706 830 11
91 696 8
190 24 13
623 867 12
367 341 7
133 12 1
717 734 17
63 197 20
803 104 13
516 984 4
49 614 4
747 291 9
735 122 7
794 44 7
561 72 14
480 848 1
201 469 20
557 807 7
193 482 7
640 67 10
764 621 15
357 292 6
71 772 12
870 504 7
787 889 17
43 485 14
982 94 8
114 102 11
187 384 5
899 494 3
827 347 2
731 318 8
858 958 3
780 403 17
756 209 0
524 534 18
692 244 12
171 95 4
134 913 17
664 918 12
816 975 3
10 727 12
213 622 0
966 750 16
736 925 4
935 962 16
888 926 3
818 673 11
316 447 17
66 208 9
996 128 16
741 636 13
519 148 6
366 508 20
654 695 9
57 20 18
732 816 15
84 939 3
43 303 8
588 872 9
616 76 2
602 565 11
365 27 12
959 117 3
496 354 8
836 12 1
875 60 2
465 419 6
834 515 9
862 109 17
107 844 17
100 872 4
334 895 1
877 680 8
998 33 14
624 656 2
848 560 4
448 454 9
509 782 3
315 350 2
191 810 4
346 95 6
11 400 4
716 609 7
796 502 13
446 95 1
525 614 20
520 603 7
507 641 2
174 263 7
14 391 2
446 991 20
527 882 0
710 585 6
750 264 6
609 267 12
629 206 19
818 864 17
373 926 12
337 897 0
99 464 13
714 336 13
377 253 20
701 915 14
806 202 18
89 133 19
717 561 2
151 370 17
320 247 8
525 451 17
407 41 20
952 192 19
820 123 8
802 278 4
592 321 1
669 237 19
66 305 0
475 737 19
972 50 9
173 641 5
358 435 7
11 229 13
323 992 4
497 881 6
348 618 6
153 187 14
848 968 4
515 902 9
417 105 6
45 93 3
249 205 20
293 2 14
798 741 0
256 555 9
256 570 8
476 61 5
797 683 14
96 735 7
48 886 8
35 433 7
688 614 4
672 74 11
545 115 16
435 954 5
882 845 19
236 995 16
989 642 6
15 174 11
66 697 0
415 453 18
933 552 8
900 708 20
659 562 8
514 886 5
820 283 14
907 593 17
572 106 1
200 638 14
101 110 6
624 56 13
12 905 18
978 384 8
629 676 10
603 658 18
21 61 2
475 187 16
774 77 18
993 276 17
445 309 11
466 820 5
707 353 0
34 934 10
856 409 19
227 171 8
325 586 10
814 85 2
325 936 2
374 104 9
837 650 2
48 957 7
628 361 0
228 178 10
719 351 15
689 260 2
563 663 14
304 537 3
470 454 15
845 18 8
544 766 7
372 137 9
108 126 6
590 781 12
931 361 20
349 422 11
965 494 19
533 386 9
898 258 17
326 131 11
964 566 5
579 514 11
279 149 8
324 367 3
855 140 9
417 871 4
382 471 1
60 92 9
489 53 18
819 698 4
37 22 12
848 377 6
214 921 11
819 975 9
90 395 2
40 1 17
261 767 5
628 926 5
852 44 17
661 331 8
225 564 10
536 18 15
327 245 7
408 310 18
776 261 11
310 802 19
500 910 8
97 866 9
321 570 18
710 531 1
251 840 1
759 586 0
158 342 15
265 960 19
715 595 5
957 171 9
660 887 18
307 635 13
784 576 18
282 679 19
158 131 17
587 386 17
401 911 10
97 198 9
63 166 15
557 24 16
924 91 4
911 172 15
270 354 11
811 173 17
476 425 2
714 494 13
922 683 0
791 132 2
944 304 19
898 52 17
736 335 12
584 293 11
859 895 18
607 717 1
523 28 1
625 563 12
183 144 6
292 426 6
927 11 12
234 869 4
512 398 1
1000 904 3
316 514 4
14 653 14
649 256 4
973 63 0
30 91 19
953 112 10
606 69 1
340 749 2
275 93 13
345 980 19
717 612 13
397 145 17
221 542 4
176 535 16
823 913 6
619 229 5
250 606 19
445 302 10
112 7 0
552 306 1
445 82 15
23 522 17
290 921 10
123 913 0
849 246 9
333 876 19
761 195 9
709 498 2
28 74 9
409 486 1
572 569 11
427 127 16
909 375 3
594 51 16
974 151 11
436 557 18
508 141 5
287 507 3
146 328 10
891 443 0
29 464 18
941 362 2
156 600 20
168 170 5
330 721 2
646 935 10
642 469 18
103 840 10
835 670 5
916 441 4
611 280 15
644 827 13
615 814 3
375 105 20
559 25 6
671 236 16
891 915 15
35 96 15
213 487 2
655 744 15
432 860 11
191 54 3
126 832 5
604 45 7
559 7 20
235 337 8
574 426 16
160 752 18
174 298 20
677 817 20
758 222 2
855 631 11
408 938 10
644 365 4
972 60 17
300 733 20
98 158 17
204 248 7
183 787 20
889 116 15
111 296 0
305 430 2
707 529 10
713 4 16
308 228 8
677 851 16
80 473 15
437 808 4
369 841 8
362 674 12
401 551 8
365 462 4
520 734 10
286 305 17
894 645 5
36 812 11
486 33 16
748 134 19
345 262 14
903 404 18
407 794 2
552 597 2
216 243 6
220 339 19
493 987 16
664 346 8
944 343 15
245 645 11
99 38 9
239 800 5
261 98 20
499 494 6
64 591 11
521 524 10
248 165 7
632 685 17
727 742 9
175 79 3
715 958 20
977 984 7
454 209 7
873 599 12
959 610 10
883 835 13
588 177 9
955 990 1
16 582 5
668 531 14
455 633 0
799 211 0
650 715 16
708 605 15
876 643 1
711 274 19
516 366 2
295 79 17
222 556 0
162 63 3
878 349 2
192 16 18
109 770 11
73 271 13
853 652 12
713 749 3
838 86 4
854 774 7
541 516 10
651 771 15
584 438 6
70 970 17
194 666 10
474 13 8
382 605 16
186 311 5
230 266 13
803 479 13
369 339 7
688 228 11
414 461 7
499 562 19
779 585 20
825 856 19
760 929 12
614 531 7
225 842 2
17 379 16
440 960 20
462 315 8
716 31 0
880 359 12
368 8 15
674 384 8
405 154 6
156 710 19
28 312 9
102 312 7
739 273 2
477 551 8
434 212 3
511 406 12
1000
5426 654 35094
9303 310 37371
16336 445 55345
22028 330 85894
25264 110 85928
31865 641 91990
36357 834 96316
59782 859 105070
72735 930 112854
74358 539 114695
132586 674 132586
135225 564 135844
139329 667 159730
143001 53 164756
198242 469 198242
214224 184 214224
233525 383 233525
253078 157 253078
266658 24 266658
276510 447 276510
281151 828 281151
292597 835 292597
300458 831 300458
302392 835 302392
321413 20 321413
342822 416 342822
352778 976 352778
370757 956 370757
376145 939 376145
377661 449 377661
378202 297 378202
378950 344 378950
384667 872 384667
389797 660 389797
406758 272 406758
413532 366 413532
419549 56 419549
420287 906 420287
423830 419 423830
427774 340 427774
438939 950 438939
444727 636 444727
466330 743 466330
471319 682 471319
477177 129 477177
486229 810 486229
497951 808 497951
503509 494 503509
506357 342 506357
506643 554 506643
510497 463 524904
523185 964 526315
529534 438 549638
534303 816 561289
541295 669 565813
545652 134 566453
554008 178 568106
554028 470 568287
555960 83 570119
564522 497 586093
570208 763 600920
582008 522 616741
585863 46 655654
603135 219 656916
614803 704 680103
619284 120 686630
647754 767 707861
656941 733 723577
667026 705 745002
678043 251 759143
700970 610 770237
706205 340 770875
719667 414 787576
729084 232 794312
738659 538 795325
746305 745 802155
761839 710 802724
765219 555 819687
790557 370 821581
801331 50 833889
833590 800 846819
850105 614 864545
860495 879 878716
862789 548 883754
863932 764 888392
866438 514 899694
879543 137 911128
887188 347 912154
899296 892 913474
933982 806 933982
943797 166 943797
954689 322 954689
955221 778 959310
961951 480 973720
969077 700 979217
971692 661 981439
990350 738 992230
993224 698 993224
996363 490 1001541
1048018 940 1048018
1053152 587 1053152
1056513 661 1056513
1062821 962 1062821
1067173 330 1067173
1084937 459 1084937
1104323 174 1104323
1112837 601 1112837
1113462 394 1113462
1123259 411 1123259
1127659 923 1127659
1141103 451 1141103
1145638 401 1145638
1147583 457 1147583
1149566 643 1149566
1153096 845 1153096
1168036 546 1168036
1200956 566 1200956
1215188 149 1215188
1221998 501 1221998
1224067 289 1224067
1241128 629 1241128
1270519 333 1270519
1271888 142 1271888
1281135 988 1281135
1288979 210 1288979
1298549 583 1298549
1311304 171 1311304
1325072 195 1325072
1332331 341 1332331
1338532 89 1338532
1344227 475 1344227
1346016 546 1346016
1358550 116 1358550
1367533 284 1367533
1378708 638 1378708
1382192 164 1382192
1382494 496 1382494
1421482 978 1421482
1440289 515 1440289
1441392 846 1441392
1453709 882 1453709
1465912 581 1465912
1488475 753 1488475
1510423 543 1510423
1512972 488 1512972
1524485 942 1524485
1541964 221 1541964
1551374 734 1551374
1556313 111 1556313
1614082 900 1614082
1614535 190 1614535
1614636 369 1614636
1643208 462 1643208
1647499 663 1647499
1664437 486 1664437
1675083 758 1675083
1708875 408 1708875
1711314 439 1711314
1734971 646 1734971
1735669 289 1735669
1753897 810 1753897
1765634 664 1765634
1778136 58 1778136
1786359 74 1786359
1806249 752 1806249
1810170 309 1810170
1816861 694 1816861
1826554 713 1826554
1828918 660 1828918
1829448 555 1829448
1842940 980 1842940
1845122 894 1845122
1854765 628 1854765
1869914 993 1869914
1882375 693 1882375
1892561 24 1892561
1893528 682 1893528
1899803 868 1899803
1923389 856 1923389
1930424 540 1930424
1934626 875 1934626
1940578 64 1940578
1949694 38 1949694
1950952 70 1950952
1963013 520 1963013
1979011 929 1979011
1986284 108 1986284
2006863 920 2006863
2021715 489 2021715
2035289 36 2035289
2043808 284 2043808
2046378 676 2046378
2073639 583 2073639
2079871 28 2079871
2092554 311 2092554
2096086 309 2096086
2099335 310 2099335
2101007 420 2101007
2115066 663 2115066
2142472 119 2142472
2148860 738 2148860
2161012 238 2161012
2172536 534 2172536
2211216 198 2211216
2222252 175 2222252
2223869 150 2223869
2225324 693 2225324
2235107 956 2235107
2239251 913 2239251
2239331 192 2239331
2247984 419 2247984
2250585 691 2250585
2258567 800 2258567
2285135 915 2285135
2292247 318 2292247
2316016 655 2316016
2333798 441 2333798
2341866 355 2341866
2350018 18 2350018
2351378 288 2351378
2355527 217 2355527
2365942 54 2365942
2368284 434 2368284
2371903 926 2371903
2382198 264 2382198
2390669 809 2390669
2402409 244 2402409
2431606 428 2431606
2445486 927 2445486
2459237 179 2459237
2463413 701 2463413
2482114 26 2482114
2493864 812 2493864
2502289 762 2502289
2514062 713 2514062
2519361 120 2519361
2519769 696 2519769
2531859 913 2531859
2534877 627 2534877
2563619 884 2563619
2570704 410 2570704
2574098 855 2574098
2630235 369 2630235
2641260 221 2641260
2646160 406 2646160
2665369 738 2665369
2667569 900 2667569
2668005 136 2668005
2672298 91 2672298
2674715 437 2674715
2684500 680 2684500
2686379 41 2686379
2687670 758 2687670
2694531 927 2694531
2698953 695 2698953
2705132 747 2705132
2713683 760 2713683
2724899 402 2724899
2731674 991 2731674
2742967 860 2742967
2750268 360 2750268
2761602 964 2761602
2787460 261 2787460
2788046 883 2788046
2793812 178 2793812
2799321 864 2799321
2811970 714 2811970
2819418 144 2819418
2827906 104 2827906
2840270 621 2840270
2853927 143 2853927
2867494 525 2867494
2898912 685 2898912
2902939 760 2902939
2903745 704 2903745
2907990 552 2907990
2921796 686 2921796
2923296 370 2923296
2927448 249 2927448
2930060 361 2930060
2937838 60 2937838
2937961 31 2937961
2954117 701 2954117
2956171 349 2956171
2960991 892 2960991
2984548 735 2984548
2992019 899 2992019
3000678 388 3000678
3005527 282 3005527
3028937 308 3028937
3033024 161 3033024
3034015 731 3034015
3045174 379 3045174
3066882 44 3066882
3074163 983 3074163
3075551 473 3075551
3075750 654 3075750
3079440 447 3079440
3089219 590 3089219
3091405 129 3091405
3103948 789 3103948
3120202 496 3120202
3122350 315 3122350
3122446 211 3122446
3123928 687 3123928
3124495 602 3124495
3152898 847 3152898
3168326 437 3168326
3171829 361 3171829
3177779 965 3177779
3180517 386 3180517
3196852 640 3196852
3197900 351 3197900
3212750 772 3212750
3223327 546 3223327
3245339 275 3245339
3249666 671 3249666
3277963 143 3277963
3286515 121 3286515
3323804 976 3323804
3332631 852 3332631
3349553 426 3349553
3371983 543 3371983
3379273 903 3379273
3383893 342 3383893
3398376 877 3398376
3401412 88 3401412
3421893 254 3421893
3426651 247 3426651
3442683 171 3442683
3452135 419 3452135
3458906 476 3458906
3465761 241 3465761
3491893 354 3491893
3553746 128 3553746
3566162 363 3566162
3567439 407 3567439
3595846 694 3595846
3623622 434 3623622
3635369 648 3635369
3638656 581 3638656
3663095 895 3663095
3665735 898 3665735
3668260 856 3668260
3676243 110 3676243
3677683 937 3677683
3683504 434 3683504
3686753 274 3686753
3687028 800 3687028
3696237 326 3696237
3716135 808 3716135
3722364 604 3722364
3731298 975 3731298
3732975 207 3732975
3750735 947 3750735
3785724 998 3785724
3813889 162 3813889
3815736 911 3815736
3819560 788 3819560
3822437 357 3822437
3827701 859 3827701
3840415 545 3840415
3844192 868 3844192
3865177 25 3865177
3874859 438 3874859
3918071 721 3918071
3925190 686 3925190
3954599 815 3954599
3976754 392 3976754
4000620 410 4000620
4010672 107 4010672
4023067 829 4023067
4035777 67 4035777
4036066 244 4036066
4045492 768 4045492
4047180 560 4047180
4049283 652 4049283
4057388 946 4057388
4057612 211 4057612
4061236 23 4061236
4067526 494 4067526
4076748 898 4076748
4089965 661 4089965
4102973 303 4102973
4107462 865 4107462
4108294 69 4108294
4111915 473 4111915
4114161 558 4114161
4139104 22 4139104
4164070 575 4164070
4169329 498 4169329
4187830 561 4187830
4188886 583 4188886
4209285 786 4209285
4212601 923 4212601
4223157 899 4223157
4235590 450 4235590
4239352 39 4239352
4247929 257 4247929
4250461 240 4250461
4279844 350 4279844
4280281 457 4280281
4282215 903 4282215
4295355 906 4295355
4311496 936 4311496
4321110 719 4321110
4324482 276 4324482
4324601 918 4324601
4331882 250 4331882
4332821 127 4332821
4339943 777 4339943
4357817 450 4357817
4357910 564 4357910
4358201 401 4358201
4373527 614 4373527
4385770 548 4385770
4400435 504 4400435
4405418 679 4405418
4411332 200 4411332
4419827 753 4419827
4421403 132 4421403
4426978 806 4426978
4448306 799 4448306
4456935 933 4456935
4457750 923 4457750
4463688 966 4463688
4485799 768 4485799
4498814 88 4498814
4504778 711 4504778
4517099 980 4517099
4563224 156 4563224
4578131 308 4578131
4581846 191 4581846
4590735 731 4590735
4592748 982 4592748
4608572 808 4608572
4608922 723 4608922
4647488 156 4647488
4651494 967 4651494
4653936 328 4653936
4680831 274 4680831
4691250 744 4691250
4696848 199 4696848
4717972 455 4717972
4731408 894 4731408
4748880 519 4748880
4760169 144 4760169
4772318 962 4772318
4786574 689 4786574
4799137 719 4799137
4808229 500 4808229
4812249 606 4812249
4813343 47 4813343
4828765 151 4828765
4855012 919 4855012
4866829 766 4866829
4889268 602 4889268
4912639 286 4912639
4913387 725 4913387
4921105 701 4921105
4929189 122 4929189
4935181 461 4935181
4953205 721 4953205
4957023 562 4957023
4973960 25 4973960
4976067 120 4976067
4983003 701 4983003
4983652 118 4983652
4990213 268 4990213
4996525 733 4996525
5001007 805 5001007
5005296 683 5005296
5011852 572 5011852
5036803 710 5036803
5068817 737 5068817
5074956 367 5074956
5084905 788 5084905
5086382 33 5086382
5094994 653 5094994
5102149 679 5102149
5102587 203 5102587
5109689 996 5109689
5114033 233 5114033
5131179 455 5131179
5132972 982 5132972
5139009 490 5139009
5148384 935 5148384
5167696 209 5167696
5182328 423 5182328
5213764 95 5213764
5215283 425 5215283
5217839 111 5217839
5218767 303 5218767
5240908 739 5240908
5247261 746 5247261
5270478 201 5270478
5283177 798 5283177
5286282 71 5286282
5298774 141 5298774
5326426 483 5326426
5329087 78 5329087
5330678 825 5330678
5333246 57 5333246
5346186 537 5346186
5347225 379 5347225
5364697 666 5364697
5371800 491 5371800
5379136 290 5379136
5382266 909 5382266
5382947 685 5382947
5393840 368 5393840
5402051 653 5402051
5420390 364 5420390
5424473 2 5424473
5436177 328 5436177
5442553 331 5442553
5457987 747 5457987
5493383 353 5493383
5494283 425 5494283
5496128 324 5496128
5515106 286 5515106
5539633 815 5539633
5556246 426 5556246
5582360 214 5582360
5584083 947 5584083
5588633 539 5588633
5589569 878 5589569
5596455 551 5596455
5603569 367 5603569
5607227 152 5607227
5625487 665 5625487
5629974 22 5629974
5634190 873 5634190
5634534 454 5634534
5634850 661 5634850
5643700 685 5643700
5646002 975 5646002
5664867 225 5664867
5665583 704 5665583
5669726 676 5669726
5686640 931 5686640
5686853 414 5686853
5691217 310 5691217
5729802 298 5729802
5755673 603 5755673
5758683 152 5758683
5769933 444 5769933
5785674 752 5785674
5794490 235 5794490
5806846 604 5806846
5817480 889 5817480
5819094 273 5819094
5819287 818 5819287
5823977 641 5823977
5831262 549 5831262
5850192 298 5850192
5857652 834 5857652
5860488 608 5860488
5861641 421 5861641
5868941 92 5868941
5872744 294 5872744
5878464 771 5878464
5885918 755 5885918
5890653 546 5890653
5917213 235 5917213
5918500 583 5918500
5925434 728 5925434
5937228 222 5937228
5943498 198 5943498
5946487 181 5946487
5947559 448 5947559
5952192 492 5952192
5966979 622 5966979
5967005 963 5967005
5977584 374 5977584
5978219 575 5978219
5981721 712 5981721
5986296 510 5986296
5986770 342 5986770
5996543 3 5996543
6014577 743 6014577
6016801 247 6016801
6026815 593 6026815
6030294 503 6030294
6065846 577 6065846
6094744 325 6094744
6113179 934 6113179
6116884 64 6116884
6127672 326 6127672
6128194 602 6128194
6129454 428 6129454
6131648 689 6131648
6140638 50 6140638
6146593 330 6146593
6147361 185 6147361
6148798 327 6148798
6151172 297 6151172
6172741 31 6172741
6185851 38 6185851
6221380 390 6221380
6238811 157 6238811
6244631 213 6244631
6254377 137 6254377
6273860 918 6273860
6274971 677 6274971
6288210 431 6288210
6289012 123 6289012
6295177 141 6295177
6303222 667 6303222
6310378 664 6310378
6314750 420 6314750
6332146 120 6332146
6342823 619 6342823
6347715 979 6347715
6370944 935 6370944
6377452 762 6377452
6389043 513 6389043
6389763 998 6389763
6392384 67 6392384
6394624 472 6394624
6402645 172 6402645
6404822 5 6404822
6407439 538 6407439
6412764 24 6412764
6420205 540 6420205
6423034 427 6423034
6432690 990 6432690
6438980 483 6438980
6442595 984 6442595
6449748 304 6449748
6465584 674 6465584
6473809 904 6473809
6502886 82 6502886
6507009 946 6507009
6512484 976 6512484
6532384 761 6532384
6549504 328 6549504
6556451 639 6556451
6582014 993 6582014
6584775 528 6584775
6586295 93 6586295
6593029 476 6593029
6595653 356 6595653
6613712 505 6613712
6616125 795 6616125
6623919 796 6623919
6630840 820 6630840
6653518 432 6653518
6658186 667 6658186
6671689 838 6671689
6675764 900 6675764
6685719 420 6685719
6687732 927 6687732
6693701 851 6693701
6718476 757 6718476
6720421 642 6720421
6726531 508 6726531
6727996 969 6727996
6732830 78 6732830
6745898 851 6745898
6764848 5 6764848
6765394 599 6765394
6776011 870 6776011
6777519 305 6777519
6778236 514 6778236
6785206 193 6785206
6792976 484 6792976
6812369 401 6812369
6813295 183 6813295
6816338 584 6816338
6820059 26 6820059
6828701 974 6828701
6836911 51 6836911
6845209 888 6845209
6849169 755 6849169
6850146 329 6850146
6860915 953 6860915
6869603 311 6869603
6881937 748 6881937
6884741 446 6884741
6896127 339 6896127
6915797 481 6915797
6930017 62 6930017
6932041 326 6932041
6947197 5 6947197
6965009 506 6965009
6967074 585 6967074
6984718 29 6984718
6988117 243 6988117
6992518 666 6992518
6998041 118 6998041
7001665 626 7001665
7033218 724 7033218
7052099 243 7052099
7052126 462 7052126
7059141 759 7059141
7074447 548 7074447
7082901 84 7082901
7096986 252 7096986
7143636 20 7143636
7151347 6 7151347
7152080 488 7152080
7167546 423 7167546
7190312 806 7190312
7192428 837 7192428
7210847 894 7210847
7224059 470 7224059
7225400 940 7225400
7226699 58 7226699
7232245 473 7232245
7257001 807 7257001
7257980 292 7257980
7296741 307 7296741
7307506 781 7307506
7333615 101 7333615
7344408 196 7344408
7346190 893 7346190
7357717 163 7357717
7364403 735 7364403
7371262 659 7371262
7377525 540 7377525
7379012 298 7379012
7388197 532 7388197
7394741 422 7394741
7394744 617 7394744
7410942 769 7410942
7419519 842 7419519
7424512 295 7424512
7428632 848 7428632
7429853 472 7429853
7432412 58 7432412
7444699 585 7444699
7449325 518 7449325
7456216 909 7456216
7466626 792 7466626
7472187 416 7472187
7473386 150 7473386
7477119 67 7477119
7481135 482 7481135
7488037 730 7488037
7489624 694 7489624
7508762 525 7508762
7514215 328 7514215
7522454 535 7522454
7539705 904 7539705
7553316 576 7553316
7565666 503 7565666
7568314 956 7568314
7574412 953 7574412
7581069 496 7581069
7592152 967 7592152
7615086 113 7615086
7631177 771 7631177
7636061 773 7636061
7636540 780 7636540
7651086 387 7651086
7651917 165 7651917
7675829 381 7675829
7690709 232 7690709
7690743 724 7690743
7703943 236 7703943
7713884 757 7713884
7735783 651 7735783
7777550 781 7777550
7803903 534 7803903
7812505 793 7812505
7859613 851 7859613
7861335 461 7861335
7863402 833 7863402
7879725 715 7879725
7895969 518 7895969
7901635 278 7901635
7906784 380 7906784
7910487 767 7910487
7916765 558 7916765
7926568 824 7926568
7933540 377 7933540
7936005 280 7936005
7937772 152 7937772
7938685 616 7938685
7963061 785 7963061
7982782 847 7982782
8011888 899 8011888
8019251 492 8019251
8021801 796 8021801
8048457 748 8048457
8054598 408 8054598
8059804 970 8059804
8061502 119 8061502
8068996 878 8068996
8093873 890 8093873
8101011 751 8101011
8124336 844 8124336
8125857 599 8125857
8126731 710 8126731
8129024 177 8129024
8131323 87 8131323
8133555 355 8133555
8138742 196 8138742
8156096 226 8156096
8174278 989 8174278
8188593 282 8188593
8192851 397 8192851
8207998 298 8207998
8217688 546 8217688
8232724 922 8232724
8241741 686 8241741
8279489 198 8279489
8299465 451 8299465
8303492 555 8303492
8307798 21 8307798
8312319 340 8312319
8317968 633 8317968
8324836 251 8324836
8332523 228 8332523
8338913 314 8338913
8339135 121 8339135
8340827 350 8340827
8350257 515 8350257
8359458 725 8359458
8359752 606 8359752
8362077 717 8362077
8362961 355 8362961
8392734 706 8392734
8392761 58 8392761
8397675 190 8397675
8415966 835 8415966
8421418 972 8421418
8434009 242 8434009
8453540 995 8453540
8465537 931 8465537
8474413 107 8474413
8478655 82 8478655
8480475 605 8480475
8494919 94 8494919
8506690 639 8506690
8512583 942 8512583
8518124 178 8518124
8529628 401 8529628
8555498 484 8555498
8567680 888 8567680
8591579 8 8591579
8594326 27 8594326
8604368 982 8604368
8605114 969 8605114
8606698 774 8606698
8614280 786 8614280
8615261 854 8615261
8632620 173 8632620
8645946 911 8645946
8652207 628 8652207
8662431 188 8662431
8669536 536 8669536
8682781 587 8682781
8693724 192 8693724
8709160 288 8709160
8709881 163 8709881
8722776 291 8722776
8723427 114 8723427
8759534 866 8759534
8763086 38 8763086
8777439 960 8777439
8780674 224 8780674
8787294 704 8787294
8790461 729 8790461
8791166 558 8791166
8798012 839 8798012
8828372 592 8828372
8828530 526 8828530
8840708 60 8840708
8840831 261 8840831
8847424 744 8847424
8862403 277 8862403
8865506 610 8865506
8866143 570 8866143
8866203 860 8866203
8866501 895 8866501
8866735 845 8866735
8906342 289 8906342
8906999 912 8906999
8907640 237 8907640
8910050 474 8910050
8915707 715 8915707
8916380 70 8916380
8936993 752 8936993
8942400 649 8942400
8947163 255 8947163
8953737 814 8953737
8968271 499 8968271
8969644 141 8969644
8975218 917 8975218
8978932 407 8978932
8991562 611 8991562
8999393 284 8999393
8999971 413 8999971
9020320 484 9020320
9032602 933 9032602
9050819 477 9050819
9060289 819 9060289
9062758 598 9062758
9076938 677 9076938
9078356 927 9078356
9082333 355 9082333
9082750 411 9082750
9100530 310 9100530
9114263 41 9114263
9129942 990 9129942
9132543 414 9132543
9139986 37 9139986
9147595 733 9147595
9159121 191 9159121
9159715 627 9159715
9186638 745 9186638
9196212 798 9196212
9201479 810 9201479
9207348 856 9207348
9218761 33 9218761
9219612 250 9219612
9222706 293 9222706
9238298 122 9238298
9251234 516 9251234
9281267 425 9281267
9281953 170 9281953
9283299 416 9283299
9289360 568 9289360
9294114 511 9294114
9308689 394 9308689
9313185 566 9313185
9358374 306 9358374
9370964 620 9370964
9381342 504 9381342
9388374 782 9388374
9392266 576 9392266
9399378 439 9399378
9407706 324 9407706
9413398 393 9413398
9415509 618 9415509
9425808 507 9425808
9440910 692 9440910
9450748 466 9450748
9469894 875 9469894
9496104 290 9496104
9496173 509 9496173
9500486 454 9500486
9503305 83 9503305
9503953 635 9503953
9504041 352 9504041
9522877 453 9522877
9528826 239 9528826
9529833 231 9529833
9538555 581 9538555
9539744 461 9539744
9546095 77 9546095
9548941 663 9548941
9556233 282 9556233
9556999 364 9556999
9568572 421 9568572
9570399 626 9581427
9572461 165 9586399
9583380 786 9589138
9600740 769 9606187
9602626 863 9623153
9629190 612 9653569
9638682 319 9661584
9644711 27 9667077
9648501 554 9669271
9659125 476 9685909
9662446 615 9703881
9680991 840 9720325
9689522 242 9727231
9696106 181 9743648
9711247 366 9759114
9716236 510 9773376
9717095 296 9774659
9722500 564 9810437
9740717 235 9812028
9747287 197 9846261
9752501 190 9848670
9756992 504 9849217
9767624 370 9855186
9782006 215 9866286
9787001 989 9877852
9791916 665 9883264
9799245 566 9890831
9811339 650 9897945
9831841 217 9898576
9847353 353 9900568
9855395 284 9929416
9868718 959 9930351
9870361 729 9935101
9876799 536 9935259
9876975 622 9944565
9891338 887 9949626
9896291 877 9956423
9909057 267 9958769
9909566 672 9970297
9945052 669 9989629
9974031 86 9990806
9993783 883 9994641
9998190 181 9998190
