1000 999
298 756 1
333 693 6
300 443 7
849 17 7
313 772 17
556 509 2
995 174 9
266 503 9
431 67 8
186 196 17
476 136 15
183 360 15
540 88 6
19 566 17
746 274 5
161 71 0
157 22 11
36 665 20
642 409 14
858 816 15
631 654 4
981 94 11
88 830 5
570 97 2
335 480 15
491 137 13
278 701 5
915 425 19
21 120 3
477 156 3
956 749 9
870 948 13
735 650 17
603 376 3
711 90 1
994 26 10
98 877 3
116 542 20
918 163 14
327 438 16
822 237 6
948 678 7
361 444 3
282 600 1
817 450 2
136 474 19
541 913 20
771 26 10
899 338 11
633 122 20
995 941 3
603 902 12
535 301 8
937 568 19
333 148 13
281 398 2
536 375 13
384 255 17
793 177 6
142 970 2
164 12 10
753 657 8
445 40 0
984 429 6
674 475 17
966 10 17
615 446 10
879 419 7
924 309 4
399 51 5
18 903 15
620 80 17
367 768 14
668 433 19
435 292 3
1000 759 10
962 400 14
184 292 0
116 663 7
418 198 4
127 886 9
709 987 9
263 643 18
572 710 12
415 787 10
514 53 14
44 862 16
271 48 3
975 708 2
937 59 3
516 504 16
170 78 0
844 551 17
579 349 15
639 366 12
749 989 4
314 285 3
279 885 10
290 118 20
15 607 9
688 727 16
861 920 10
954 731 19
849 972 12
182 488 15
654 779 1
880 436 0
795 22 2
663 322 20
541 539 9
745 530 5
484 573 10
163 72 7
111 150 16
677 908 0
694 965 4
794 754 3
554 264 17
161 226 4
847 701 1
820 167 9
690 868 7
352 549 1
683 906 5
936 554 5
362 990 9
107 740 14
842 158 19
537 849 11
527 941 0
447 338 14
621 74 8
951 750 10
859 225 12
949 400 6
146 323 17
408 716 8
111 966 7
463 310 17
7 446 12
523 639 7
57 120 0
285 302 16
369 126 3
151 53 5
488 590 3
452 167 19
927 346 3
751 231 4
628 547 2
899 551 12
910 218 0
159 993 7
382 43 8
815 666 5
695 280 2
998 703 1
460 713 20
337 241 3
98 262 6
882 952 8
780 216 16
357 534 20
831 234 2
175 799 18
632 410 6
616 171 0
259 135 19
177 725 14
696 977 0
833 572 5
10 684 17
438 344 4
41 893 13
47 94 11
373 231 18
748 850 13
659 105 18
324 175 5
18 906 0
945 428 20
225 647 6
550 89 9
114 862 4
296 658 3
693 782 12
333 583 2
945 947 7
724 239 11
963 922 19
650 895 1
467 273 17
271 18 10
865 227 15
274 927 9
836 958 7
596 768 11
262 908 12
323 570 14
848 867 1
856 911 0
805 684 6
138 72 1
473 967 18
957 195 18
341 201 1
934 483 17
62 808 20
265 190 8
379 969 16
929 406 14
411 308 20
257 135 13
489 687 2
115 469 0
822 742 13
466 904 3
851 572 11
187 47 20
24 534 17
309 776 10
719 265 9
585 986 20
587 606 9
204 773 15
38 999 14
334 162 7
812 683 18
574 989 13
209 837 17
40 507 7
413 316 1
704 600 20
627 401 6
455 485 6
578 707 1
337 415 12
353 661 6
441 244 2
292 436 2
172 396 20
851 246 0
67 291 3
297 42 3
719 513 3
765 552 5
714 270 18
96 766 11
378 6 11
300 796 19
967 115 7
1 70 3
259 326 11
202 253 0
847 17 11
470 461 18
960 540 10
5 236 2
373 758 19
876 137 1
708 526 9
69 649 8
256 605 1
383 635 1
991 455 14
250 483 16
97 215 18
427 884 5
979 953 7
852 898 4
305 736 12
794 73 13
181 25 0
467 381 12
548 334 8
667 481 16
624 592 11
433 992 3
987 922 8
244 567 12
165 36 12
408 295 2
281 924 5
11 46 16
934 80 14
7 397 9
68 103 19
208 984 5
421 16 15
830 236 4
996 346 8
499 547 9
716 596 6
32 639 15
869 338 8
192 766 5
12 265 8
443 841 18
3 533 18
817 62 20
152 148 9
592 565 8
257 464 19
155 239 0
908 285 19
354 482 8
412 50 16
360 444 9
650 966 19
6 601 0
363 779 20
976 589 19
354 179 15
399 55 19
399 535 15
546 896 7
237 544 1
380 410 6
637 838 3
866 950 14
301 386 6
718 713 14
162 680 3
795 619 9
774 822 3
328 557 20
564 411 1
558 149 14
148 240 12
577 700 3
140 97 20
374 753 1
489 50 18
555 330 0
762 34 16
670 232 17
32 767 13
249 197 16
72 965 20
785 909 5
388 92 3
375 604 8
814 417 17
290 734 18
231 435 1
509 671 4
672 170 19
526 984 17
767 567 5
467 125 20
497 207 15
855 961 16
260 822 3
321 157 0
766 131 20
270 792 1
977 102 9
630 13 20
705 376 6
352 388 18
619 816 4
930 946 3
691 900 20
622 124 18
306 229 1
321 174 6
715 415 12
17 557 0
500 451 14
161 709 0
787 566 14
836 183 15
17 200 7
708 104 0
917 939 15
583 926 2
318 953 17
524 391 2
527 124 13
804 36 18
162 303 11
838 235 11
992 669 12
261 757 18
350 102 15
835 671 12
76 113 2
819 393 14
559 5 3
730 462 4
396 77 4
355 230 15
878 282 11
997 269 15
282 8 14
635 648 3
402 34 9
112 367 4
77 948 11
335 894 18
197 325 7
300 604 2
289 968 9
228 777 12
295 564 16
110 986 17
986 134 19
242 379 7
503 291 6
472 643 12
80 826 12
65 279 16
340 460 4
861 420 18
220 79 18
267 319 3
723 814 6
43 533 5
458 413 14
86 311 12
669 655 8
853 348 11
243 193 15
846 664 14
675 783 20
311 15 2
635 706 5
612 217 19
495 287 16
632 932 16
862 905 7
9 719 2
52 30 7
511 940 9
355 283 17
388 11 4
512 36 11
706 305 3
872 389 2
353 169 14
717 817 20
905 229 19
943 288 1
319 951 9
387 739 5
83 706 3
721 547 11
173 669 8
141 15 17
40 401 8
980 53 14
583 58 17
263 975 9
148 321 5
721 842 10
803 579 15
691 233 3
840 293 15
318 75 10
806 357 6
277 864 15
309 650 16
495 44 5
545 991 15
124 318 13
130 133 13
401 131 2
602 342 19
547 498 1
791 636 16
682 27 15
51 199 4
516 574 0
543 327 18
699 362 16
60 967 15
213 137 0
621 919 6
96 831 4
571 416 1
106 970 15
413 581 18
187 130 20
890 718 6
591 51 18
480 389 5
897 652 5
34 31 12
405 253 17
349 345 7
993 755 2
151 626 2
948 531 14
608 555 2
658 372 14
493 530 5
478 381 20
808 290 17
472 952 15
983 37 4
963 662 13
406 309 13
505 846 20
650 38 9
350 898 13
123 163 6
194 188 12
392 589 12
925 563 5
6 792 12
501 731 3
292 740 0
804 271 0
10 304 6
452 266 18
688 570 17
134 189 18
125 176 18
16 307 19
231 35 10
705 404 3
651 575 20
525 434 14
119 204 7
61 825 15
93 116 20
195 315 0
107 402 2
584 392 2
582 614 2
634 887 10
196 796 8
567 897 8
772 24 5
34 884 6
948 560 18
799 243 9
2 419 9
508 249 14
166 646 18
538 793 2
462 936 15
873 292 11
617 557 3
179 756 19
121 690 0
962 307 5
855 564 4
492 915 18
180 852 6
297 160 19
77 136 3
565 445 10
507 84 9
509 115 13
938 651 5
699 799 14
95 606 1
561 310 7
490 790 3
646 252 9
28 823 6
5 100 18
634 524 0
100 448 11
537 106 20
484 500 11
327 653 8
745 973 0
297 860 7
841 675 9
70 560 15
29 389 7
212 371 10
989 760 5
705 277 6
98 623 2
425 484 20
656 637 16
711 153 3
888 562 14
719 769 2
750 248 16
651 650 2
478 844 20
461 75 11
851 422 13
727 682 6
247 412 8
201 432 18
615 133 12
20 177 0
325 723 14
376 426 7
178 576 6
453 406 10
856 377 4
365 693 0
599 754 3
119 576 16
956 551 6
357 563 18
807 174 13
944 266 15
245 317 1
544 614 1
59 731 8
456 738 8
619 320 10
943 918 18
907 613 12
23 550 3
808 442 2
710 55 5
689 440 7
986 828 20
794 459 1
144 277 1
105 191 1
212 985 19
648 644 6
193 171 20
496 272 9
654 854 3
314 440 9
465 978 5
368 486 8
955 686 4
727 219 7
469 741 0
522 794 7
654 93 12
12 191 12
522 697 19
380 533 16
700 387 19
33 746 14
103 785 20
647 624 0
13 911 18
43 354 8
327 892 6
31 499 0
347 76 12
280 764 13
88 885 10
214 447 16
31 315 1
587 6 0
511 359 5
517 521 12
370 343 1
115 128 15
702 384 12
465 681 17
967 295 19
348 834 13
413 132 20
202 198 2
552 966 11
931 928 5
330 69 10
457 308 12
121 681 4
984 755 11
588 761 6
604 417 18
839 887 0
640 316 12
921 664 5
401 41 3
950 573 4
750 88 8
733 500 1
946 662 15
732 912 4
661 712 13
14 883 8
518 500 17
30 231 20
817 54 8
921 280 8
61 757 13
712 618 6
863 495 4
904 163 13
15 405 11
142 236 4
670 211 6
824 367 8
143 528 11
120 211 18
181 99 20
909 698 5
822 580 10
743 707 16
853 795 6
988 50 12
145 982 18
108 687 0
224 755 10
267 901 4
612 532 15
245 610 14
206 690 19
176 37 3
636 255 7
875 116 5
857 748 11
797 935 0
492 752 19
238 827 0
798 625 12
464 529 19
857 258 14
449 560 9
156 375 11
621 800 8
477 771 18
147 184 0
731 222 12
47 80 12
967 811 18
255 873 11
87 797 7
67 454 9
279 517 3
714 611 17
744 598 4
618 127 17
900 737 17
427 972 0
230 622 12
445 814 8
695 414 9
387 493 12
226 595 1
791 825 6
245 815 11
249 697 3
228 802 10
15 889 3
220 871 8
487 281 2
574 45 9
569 934 12
755 276 16
367 810 14
519 75 6
869 432 11
382 371 15
20 778 1
679 806 18
184 729 7
254 194 8
865 955 15
740 659 2
394 661 2
734 356 9
497 940 16
251 735 0
110 674 17
371 506 15
213 382 2
218 467 16
757 39 14
359 696 1
933 280 10
764 496 18
642 267 17
555 4 6
923 207 20
692 715 16
903 633 18
786 948 0
625 247 9
152 597 1
119 987 11
810 193 6
594 225 15
351 859 5
821 64 14
163 117 8
339 115 4
489 99 0
709 423 0
879 435 8
84 662 14
954 203 18
937 352 7
812 800 11
832 827 17
282 162 2
393 124 11
641 154 0
801 173 15
183 403 1
561 81 10
610 880 2
815 591 20
636 180 11
883 549 7
223 712 1
139 603 0
342 319 19
864 247 18
563 896 16
460 520 4
48 668 1
903 441 15
28 562 13
49 712 5
215 33 16
421 954 8
198 777 3
465 254 9
645 11 8
109 334 7
493 301 16
17 660 3
132 288 12
312 594 1
855 349 16
321 1 7
81 49 1
534 605 10
886 669 7
724 546 1
213 997 0
578 332 3
284 632 2
353 846 16
837 553 2
609 549 17
917 936 3
785 296 8
710 813 4
760 89 19
334 233 2
675 27 13
163 763 10
480 968 15
857 642 18
444 879 5
900 914 14
178 78 17
781 501 3
217 623 19
415 101 1
608 960 6
45 299 15
18 974 9
719 657 13
971 676 10
204 336 16
502 912 14
479 453 3
129 524 13
23 8 15
722 832 16
411 772 8
459 389 4
696 166 4
932 149 20
925 87 16
261 759 3
936 235 16
706 592 2
686 667 7
676 168 16
944 390 1
583 777 10
697 210 10
324 636 7
443 959 7
798 916 3
629 514 13
147 126 12
793 941 3
492 726 2
280 240 11
65 395 3
251 60 18
286 707 1
523 203 2
89 763 10
437 770 17
704 590 8
773 964 6
193 85 1
430 269 3
28 341 11
238 286 2
525 423 17
950 657 5
61 358 16
879 673 2
120 200 7
598 198 0
865 455 6
503 748 3
455 831 11
74 382 10
853 971 8
667 235 18
648 586 0
970 510 9
294 997 6
722 874 14
347 116 11
663 538 19
261 133 0
87 486 4
641 833 19
905 840 15
546 79 18
364 50 18
886 439 8
918 685 6
982 645 18
416 961 13
510 790 15
613 674 15
134 874 7
19 56 7
955 370 9
939 185 18
66 10 6
81 626 18
379 399 6
39 221 0
789 455 7
440 761 15
832 936 2
426 703 3
515 240 3
572 860 5
770 448 14
652 728 3
258 747 11
366 331 19
286 494 3
296 582 2
829 817 14
832 45 17
63 424 19
527 82 1
91 650 13
502 317 12
912 64 20
976 441 19
638 426 17
471 326 4
410 460 7
965 638 1
755 855 13
238 135 8
46 843 8
687 809 20
951 690 1
54 56 9
428 36 19
605 848 11
407 537 8
391 713 16
666 385 11
286 881 10
314 248 4
216 681 3
814 275 3
344 432 8
720 168 3
781 495 6
731 787 6
287 63 17
205 45 7
468 966 0
929 544 17
553 340 14
143 967 17
289 329 7
152 295 12
748 117 11
509 456 2
942 164 3
728 784 1
75 818 20
401 845 18
978 541 13
520 593 2
788 348 13
141 891 9
85 630 9
551 775 1
268 155 11
153 307 13
896 931 2
606 49 6
861 239 2
1000
835 45 835
1210 224 1210
1898 122 1898
3639 396 3639
5292 543 5292
5662 406 5899
6764 162 6764
6826 704 7275
6865 881 8737
7021 916 9037
7039 503 10355
9067 113 10450
10406 340 10774
10748 422 11234
11218 325 13118
11276 394 13173
11940 101 13950
14192 600 14192
14866 914 15292
16391 199 16391
17560 340 17560
17723 121 17723
20668 318 20668
20880 281 20880
21294 455 21294
21374 544 21374
22718 432 22718
23094 493 23094
23723 427 23723
24030 679 24030
25648 606 25648
25974 993 25974
26057 829 26057
30819 938 30819
31824 917 31824
33806 705 33806
34415 414 34415
37088 191 37088
39124 91 39124
39859 249 39859
39879 474 39879
39979 285 39979
40202 37 40202
40667 353 40667
42983 416 42983
43186 516 43186
43587 678 43587
44344 172 44344
44429 232 44429
44578 737 44578
45839 284 45839
46878 775 46878
46910 969 46910
48354 581 48354
51239 43 51239
52503 71 52503
52522 707 52522
53055 791 53055
53075 336 53075
57979 941 57979
59757 925 59757
60959 556 60959
62128 21 62128
65760 990 65760
66670 960 66670
68258 888 68258
68453 752 68453
70126 673 70126
71402 12 71402
72804 921 72804
72906 303 72906
75657 728 75657
78117 384 78117
79628 426 79628
79794 214 79794
84015 64 84015
85135 78 85135
88329 271 88329
88518 307 88518
89388 722 89388
90383 587 90383
90516 774 90516
90762 899 90762
90846 289 90846
91042 728 91042
93259 170 93259
93841 327 93841
93971 571 93971
94180 501 94180
95512 84 95512
95592 622 95592
100919 640 100919
102024 284 102024
102277 452 102277
102719 86 102719
105192 250 105192
106010 488 106010
106309 790 106309
107942 657 107942
110306 196 110306
111731 70 111731
113135 323 113135
114079 133 114079
114376 356 114376
114559 122 114559
116088 364 116088
118118 332 118118
119549 152 119549
120271 392 120271
120621 686 120621
121072 721 121072
121515 955 121515
122734 712 122734
123859 204 123859
124629 509 124629
124812 561 124812
125125 75 125125
125525 762 125525
126108 109 126108
126644 743 126644
127711 567 127711
127742 591 127742
127878 807 127878
128163 740 128163
131168 623 131168
131693 201 131693
134055 476 134055
136876 979 136876
138385 538 138385
139443 671 139443
140785 218 140785
142529 537 142529
142815 556 142815
143820 809 143820
144250 343 144250
144892 828 144892
145771 693 145771
146607 498 146607
150761 931 150761
150866 367 150866
151584 249 151584
152147 107 152147
152439 998 152439
152807 429 152807
153942 728 153942
154072 611 154072
154250 800 154250
154507 260 154507
155684 380 155684
155781 971 155781
156484 47 156484
158456 454 158456
158895 981 158895
158999 111 158999
163527 723 163527
163548 628 163548
164469 931 164469
164486 168 164486
166942 960 166942
168488 767 168488
169817 458 169817
170010 207 170010
173205 883 173205
173395 327 173395
173673 333 173673
174265 287 174265
175180 754 175180
175236 922 175236
175299 63 175299
175436 958 175436
176635 403 176635
176763 585 176763
176781 293 176781
177531 481 177531
177936 283 177936
179473 65 179473
180102 20 180102
180774 717 180774
181862 120 181862
182908 570 182908
183507 605 183507
185680 945 185680
186076 965 186076
186651 350 186651
187038 552 187038
187804 462 187804
188195 43 188195
188888 36 188888
191097 484 191097
191177 38 191177
192191 900 192191
192493 987 192493
192508 671 192508
193154 875 193154
193397 642 193397
193660 159 193660
193997 877 193997
195092 287 195092
196422 657 196422
196739 354 196739
198154 550 198154
198795 6 198795
198972 997 198972
199323 127 199323
200462 417 200462
202045 387 202045
203130 967 203130
203514 122 203514
204186 780 204186
206510 415 206510
209897 829 209897
210169 199 210169
210215 175 210215
211340 960 211340
212043 259 212043
212547 563 212547
213462 768 213462
213701 528 215296
213851 327 219265
215013 407 219536
215554 909 221071
215557 758 222638
215994 259 223234
216447 37 224538
216543 959 225663
216553 899 227146
216737 758 227595
217440 470 229610
218823 389 230218
219192 907 230525
219500 963 230914
222113 946 230969
225318 568 231413
225522 309 231675
225860 981 232388
226304 91 232669
226358 108 233438
226615 67 234078
227616 655 234224
228110 301 236161
228160 25 236178
230976 179 236526
232125 86 236830
235907 54 239674
236995 414 240210
237769 556 242570
240018 374 243208
240502 575 243759
242275 467 244473
242420 163 245035
242971 818 245354
245575 242 245769
247527 51 247527
249120 477 249120
250660 282 250660
251940 493 251940
252929 289 252929
253816 360 253816
255030 551 255030
256312 206 256312
256862 447 256862
257264 75 257264
260130 144 260130
260666 22 260666
262845 89 262845
263152 394 263152
263615 233 263615
263631 74 263631
263686 614 263686
264761 715 264761
264833 657 264833
266006 141 266006
266120 646 266120
268465 221 268465
270379 491 270379
272982 608 272982
274084 774 274084
274396 338 274396
275590 89 275590
275684 782 275684
275814 759 275814
275996 401 275996
277217 280 277217
278117 310 278117
281704 442 281704
282105 743 282105
284437 749 284437
284976 991 284976
285054 230 285054
285225 987 285225
287879 638 287879
288798 292 288798
292301 549 292301
292469 265 292469
299817 605 299817
300816 959 300816
301209 136 301209
302158 377 302158
302872 864 302872
303150 713 303150
304389 172 304389
304701 715 304701
306119 471 306119
306308 445 306308
308967 296 308967
309357 220 309357
309475 676 309475
310858 404 310858
311810 802 311810
312051 105 312051
312827 928 312827
313932 569 313932
314474 857 314474
314661 409 314661
314735 902 314735
316538 156 316538
318622 564 318622
318968 432 318968
322333 293 322333
323025 344 323025
324397 414 324397
324520 473 324520
324906 237 324906
325596 87 325596
326328 419 326328
326349 426 326349
327906 870 327906
328172 160 328172
328828 506 328828
331527 907 331527
332275 448 332275
332374 933 332374
332910 577 332910
333156 934 333156
333834 501 333834
333887 45 333887
335990 73 335990
336518 225 336518
337760 899 337760
339595 490 339595
340170 137 340170
341538 314 341538
343151 984 343151
343285 956 343285
343453 943 343453
344873 863 344873
345476 793 345476
347223 347 347223
348557 888 348557
350676 763 350676
351045 632 351045
352328 643 352328
352493 43 352493
353567 635 353567
356456 514 356456
357184 966 357184
358794 40 358794
360371 715 360371
360500 534 360500
362018 96 362018
364378 162 364378
365637 407 365637
366372 865 366372
366445 157 366445
367257 304 367257
367508 627 367508
367680 64 367680
370325 586 370325
370456 416 370456
371871 786 371871
372861 547 372861
373110 515 373110
373725 699 373725
374950 944 374950
374960 630 374960
375754 739 375754
376398 747 376398
376976 190 378730
377890 274 378939
377913 175 379692
378272 374 382373
378815 338 382833
379616 254 383994
381192 408 384290
382233 440 385972
382680 484 388172
384259 42 388359
385149 146 388863
385742 269 389192
387730 575 390216
388377 118 392239
392780 709 394568
394358 315 396301
396670 143 396670
398472 188 398472
398559 428 400312
398835 24 400318
399358 604 401742
400120 667 401774
401662 965 402460
404430 581 404430
405191 420 405191
406009 479 406009
406266 719 408580
406307 652 409853
409433 638 413695
411398 273 414671
411947 57 416581
413310 584 417377
413995 941 418227
414776 793 419487
419516 99 420333
419899 913 423759
421307 921 425217
423073 535 425451
423329 861 426410
423505 390 428228
426380 751 429736
427341 254 430834
428119 299 431215
429616 717 431344
430089 255 431921
434743 732 434743
435884 591 435884
437935 975 437935
438635 764 438635
439897 406 439897
441347 39 441347
441854 266 441854
442300 284 442300
442366 556 442366
443143 289 443143
443466 576 443466
445164 907 445164
445657 872 445657
448361 879 448361
450813 573 450813
450926 709 450926
453759 932 453759
454181 377 454181
454750 37 454750
458063 244 458063
458399 657 458399
459271 619 459271
460640 515 460640
460667 725 460667
460960 863 461039
461236 851 463240
461619 66 464354
462199 801 464813
462624 111 465004
462783 687 467180
463090 925 468555
463483 69 469535
463655 41 473286
464052 884 473570
464379 988 475099
464637 734 475762
464915 181 476176
465103 92 478461
465236 463 480003
465891 398 480323
466404 8 480379
468320 354 480771
469969 23 480820
470247 216 481497
472978 150 483150
474986 330 484240
475393 14 485868
476022 174 486799
476899 55 488357
478168 509 490699
478601 680 491437
478803 185 492432
478885 494 494975
478910 479 496994
479974 633 498144
482641 604 498695
485122 116 499567
486451 375 499576
491188 755 499668
494841 834 499928
496456 117 500466
497985 972 500545
504320 254 504320
504924 986 504924
506356 174 506356
506412 629 506916
507153 712 507153
508783 307 508783
508997 340 509290
509016 228 509437
509916 542 509916
510445 515 514134
512433 862 515552
512666 658 515746
513384 151 516531
516344 948 517685
516640 355 517991
518476 838 518476
520289 740 520289
520747 393 520747
520987 966 520987
521384 614 521460
521767 498 521767
522007 584 522159
522041 850 522760
525754 76 525754
527461 666 527461
528944 779 528944
529258 109 529258
530041 827 530041
530053 825 530053
531088 235 531088
531384 805 531583
531762 938 531762
532024 194 532645
533242 192 533242
535118 24 535118
535552 842 535552
535808 99 536194
537094 267 537201
537463 685 537533
538910 824 538910
539301 219 541345
540408 751 542543
540429 558 543767
541512 802 544318
541876 768 544320
544480 640 544480
545249 525 545249
546360 869 546360
546811 433 546880
547281 193 548849
549390 219 549390
549979 549 550275
550315 978 551574
551607 717 553341
551928 500 554521
551954 95 555798
552439 102 556530
552993 92 556664
556520 855 556697
557033 476 557683
557114 967 558410
557825 829 561618
558159 55 564841
558483 225 564965
559047 526 565272
559171 715 565926
560215 396 566169
562708 669 566479
563907 961 568743
564891 781 570066
565495 869 570311
565973 326 570347
566142 844 571648
566467 676 573063
566946 890 574616
567971 513 576502
573267 266 577370
573810 983 577564
576127 543 578934
577839 655 579048
578023 565 579842
580446 262 580446
581688 432 581688
584462 794 584462
584742 659 584742
585644 321 585644
585858 869 585858
585872 715 585872
585982 301 585982
586407 763 586407
586601 166 586601
586636 29 586636
587040 844 587556
587794 812 588135
588595 636 588595
589295 695 589295
590511 850 590511
591044 489 591044
591814 117 591814
593998 63 593998
594958 434 594958
596009 772 596009
598067 534 598067
599482 315 599482
599526 795 599526
600207 207 600207
601350 151 601350
602048 319 602048
603188 765 603188
603339 181 603339
603961 923 603961
604918 256 604918
605865 478 605865
606529 154 606529
607743 167 607743
609934 948 609934
611056 795 611056
611564 956 611564
611823 623 611823
612255 712 612255
612290 207 612290
612476 611 612476
613815 222 613815
614789 872 614789
615492 593 615492
616775 582 616775
620446 696 620446
621248 772 621248
622374 831 622374
624444 467 624444
626361 852 626361
626512 505 626512
626841 993 626841
626846 597 626846
628133 922 628133
629287 163 629287
629657 133 629657
631254 343 631254
633111 837 633111
634048 694 634048
634578 106 634578
635307 708 635307
635839 737 635839
636466 234 636466
637247 597 637247
637985 344 637985
638205 477 638205
638386 989 638386
639392 709 639392
639542 21 639542
641681 527 641681
642170 157 642170
642765 60 642765
644721 878 644721
649089 876 649089
652029 710 652029
659505 322 659505
659991 815 659991
662703 608 662703
663861 372 663861
664093 383 664093
664335 886 664335
664907 902 664907
665797 492 665797
667501 831 667501
667770 353 667770
671036 371 671036
673403 802 673403
673914 958 673914
674865 102 674865
675928 859 675928
676171 839 676171
678372 544 678372
680049 420 680049
680254 43 680254
680878 618 680878
681155 472 681155
681832 540 681832
683228 457 683228
684478 387 684478
686080 165 686080
686285 879 686285
687812 805 687812
688151 131 688151
688669 919 688669
690070 683 690070
690305 561 690305
692436 726 692436
693897 987 693897
694009 108 694009
694115 814 694115
694543 29 694543
696306 268 696306
697019 462 697019
697109 160 697109
697717 859 697717
698391 253 698391
699032 799 699032
699347 649 699347
700586 767 700586
701385 176 701385
703816 546 703816
705355 223 705355
706057 777 706057
706234 555 706234
706652 695 706652
706848 997 706848
712333 491 712333
712772 493 712772
713191 107 713191
713201 425 713201
713599 805 713599
713712 666 713712
714567 64 714567
714642 738 714642
714690 194 714690
715022 890 715022
717184 975 717184
718338 746 718338
718433 38 718433
719032 272 719032
719355 770 719355
719473 553 719473
719845 795 719845
720694 956 720694
722156 856 722156
724211 576 724211
724472 757 724472
725303 862 725303
725440 356 725440
725676 946 725676
726118 943 726118
729414 339 729414
730269 51 730269
730336 532 730336
730521 134 730521
730718 966 730718
733230 945 733230
734107 448 734107
735016 845 735016
738993 437 738993
740059 145 740059
740161 918 740161
741795 433 741795
742563 95 742563
743962 822 743962
744802 12 744802
746111 391 746111
747566 372 747566
748506 89 748506
749864 333 749864
753207 311 753207
753921 322 753921
754565 917 754565
756283 849 756283
757329 728 757329
757587 88 757587
757628 185 757628
758756 929 758756
760425 818 760425
762395 532 762395
762543 211 762543
762556 527 762556
763611 762 763611
763911 967 763911
765605 713 765605
768195 118 768195
769776 927 769776
770502 228 770502
771596 1000 771596
771833 749 771833
772125 69 772125
772270 461 772270
773699 874 773699
774472 860 774472
774923 690 774923
775006 220 775006
775076 710 775076
776214 135 776214
777411 117 777411
779145 833 779145
780264 925 780264
780532 592 780532
780626 441 780626
785657 244 785657
786773 794 786773
790139 490 790139
790997 390 790997
791516 487 791516
792223 171 792223
793128 583 793128
794833 722 794833
797568 866 797568
797733 395 797733
798091 990 798091
799228 229 799228
799322 782 799322
799632 587 799632
801893 597 801893
803483 618 803483
803533 812 803533
805466 89 805466
805481 906 805481
805822 628 805822
806109 713 806109
808136 869 808136
808278 175 808278
808722 586 808722
809703 3 809703
810912 7 810912
811296 914 811296
812395 63 812395
812569 982 812569
814963 769 814963
816001 247 816001
817181 165 817181
817213 371 817213
819035 627 819035
819298 395 819298
819934 791 819934
823745 604 823745
824706 308 824706
826274 6 826274
827102 861 827102
827543 196 827543
828988 131 828988
829347 189 829347
829902 116 829902
830221 302 830221
831164 760 831164
831225 412 831225
831416 254 831416
832374 347 832374
833693 412 833693
834089 537 834089
834242 551 834242
835341 429 835341
835372 58 835372
837902 278 837902
838268 452 838268
838741 342 838741
839737 257 839737
842188 384 842188
843001 255 843001
843024 307 843024
843496 107 843496
844072 628 844072
847580 810 847580
848324 190 848324
848359 695 848359
848468 971 848468
850493 700 850493
853599 196 853599
854766 307 854766
855071 256 855071
855750 778 855750
855973 646 855973
856291 202 856291
856575 48 856575
856643 21 856643
857617 53 857617
860082 489 860082
860612 891 860612
865158 567 865158
867587 341 867587
869004 605 869004
869124 718 869124
871767 348 871767
872018 559 872018
872386 79 872386
877548 193 877548
879966 350 879966
880052 529 880052
880374 437 880374
882042 526 882042
882118 92 882118
882772 531 882772
882946 10 882946
882998 264 882998
884552 983 884552
885485 925 885485
886797 443 886797
886853 40 886853
887313 438 887313
887411 655 887411
888111 582 888111
888164 378 888164
888866 443 888866
892420 290 892420
893476 924 893476
893569 610 893569
893745 972 893745
893781 756 893781
895754 907 895754
896274 136 896274
897367 690 897367
898632 746 898632
899381 868 899381
899702 338 899702
900024 162 900024
900265 981 900265
900730 236 900730
900961 528 900961
901376 457 901376
901430 591 901430
902494 461 902494
904268 387 904268
905670 908 905670
906139 818 906139
906339 932 906339
908122 747 908122
908249 814 908249
908641 888 908641
909974 418 909974
911063 17 911063
911163 57 911163
911399 374 911399
911577 723 911577
912531 407 912531
912668 305 912668
913399 775 913399
914911 17 914911
915791 119 915791
917167 834 917167
919785 498 919785
920410 840 920410
921776 479 921776
922942 640 922942
924099 373 924099
924887 845 924887
925520 811 925520
925647 384 925647
925915 564 925915
926920 623 926920
928491 583 928491
928706 92 928706
929869 343 929869
930162 402 930162
930635 828 930635
931985 913 931985
933069 156 933069
933506 50 933506
934301 297 934301
936047 640 936047
936786 451 936786
937184 61 937184
937957 605 937957
938019 862 938019
938501 818 938501
939152 843 939152
939610 101 939610
940855 913 940855
940925 372 940925
943902 26 943902
945263 354 945263
945453 154 945453
945758 54 945758
946584 924 946584
947626 40 947626
948085 542 948085
948246 94 948246
948318 579 948318
948459 420 948459
948467 387 948467
949079 966 949079
950032 650 950032
951776 764 951776
951826 413 951826
951842 482 951842
952062 156 952062
955362 335 955362
955831 660 955831
956178 837 956178
959105 593 959105
960961 523 960961
961101 150 961101
961695 505 961695
964688 291 964688
967616 37 967616
968880 838 968880
969345 557 969345
970587 223 970587
971222 577 971222
971888 245 971888
972008 630 972008
972862 152 972862
973655 105 973655
973836 562 973836
973944 279 973944
974211 191 974211
974377 287 974377
974416 253 974416
975181 47 975181
975556 446 975556
975663 384 975663
976998 773 976998
978762 314 978762
980306 354 980306
980406 127 980406
981790 593 981790
981889 537 981889
983512 353 983512
983926 947 983926
987506 114 987506
988517 189 988517
991653 552 991653
991751 41 991751
991783 821 991783
993700 581 993700
994745 105 994745
995292 449 995292
996613 602 996613
996684 98 996684
997163 309 997163
997973 767 997973
999591 80 999591
