1000 999
677 173 9
418 87 2
201 291 8
184 546 8
42 121 17
195 423 15
985 220 1
362 609 8
762 336 11
959 961 13
916 65 16
221 434 10
799 980 13
847 192 17
863 913 18
325 126 15
922 933 1
334 880 19
339 452 2
986 115 14
159 750 12
731 227 2
894 312 4
86 724 14
167 408 0
717 158 0
412 226 3
829 93 1
760 988 2
903 264 9
63 139 4
71 755 0
753 863 9
819 880 7
313 249 20
716 650 20
709 145 4
370 664 2
777 295 4
429 357 12
905 241 10
224 568 2
837 891 15
965 323 8
636 161 1
872 713 2
56 37 13
163 750 20
960 738 1
255 675 14
741 562 6
865 556 20
762 519 6
415 511 8
32 427 19
81 439 17
923 120 6
268 797 3
306 466 0
741 775 14
764 374 9
442 838 2
69 160 11
598 85 3
954 981 8
520 909 2
352 65 8
422 646 6
486 637 16
82 77 16
818 866 17
401 775 18
922 18 8
938 487 12
391 956 5
206 308 5
321 231 5
628 246 16
259 534 0
92 118 0
447 698 6
101 433 8
178 622 1
629 645 0
427 809 3
535 789 9
828 247 2
889 35 10
771 202 5
402 438 12
665 54 18
286 304 2
821 746 5
704 746 16
994 328 4
99 804 9
214 125 1
558 899 6
124 286 5
371 302 7
630 794 7
949 305 7
990 900 7
337 865 18
323 494 18
983 854 17
517 475 12
328 116 3
930 233 14
391 531 1
207 639 14
529 998 20
859 729 1
643 568 15
465 939 9
628 77 20
995 904 15
547 228 8
763 657 17
599 222 11
38 209 18
524 268 10
293 949 15
285 396 20
225 89 19
726 262 13
908 431 15
231 20 15
510 554 1
629 390 20
945 402 15
383 186 6
295 433 5
794 546 12
624 938 13
240 426 7
189 934 0
506 871 5
247 5 18
373 331 11
560 275 18
182 404 9
690 485 6
413 31 20
534 978 19
888 18 5
666 393 1
595 918 19
823 148 8
510 8 16
990 554 8
918 70 14
942 178 18
152 399 16
12 600 6
183 105 7
420 578 17
210 350 13
859 498 2
740 854 12
19 931 3
870 386 13
731 553 12
907 970 3
185 932 18
182 892 5
53 756 4
855 377 13
449 428 14
555 568 6
811 378 9
745 193 3
351 45 2
678 622 18
924 8 18
640 458 13
374 860 18
483 64 10
236 994 10
150 617 7
21 764 14
382 342 1
786 166 16
676 201 6
608 504 17
512 662 2
99 125 8
955 848 5
249 965 12
80 735 1
887 606 12
839 291 5
155 770 17
280 651 15
891 23 6
715 359 3
347 17 5
477 684 13
624 294 4
283 984 10
595 229 10
806 934 13
681 367 20
117 97 20
545 766 16
279 655 7
234 64 8
855 275 0
907 29 5
544 146 5
484 51 12
375 742 7
588 972 17
949 782 6
612 327 6
968 487 19
98 340 9
644 501 8
40 363 7
420 623 20
479 589 2
539 409 19
810 920 16
200 18 19
691 252 16
333 326 7
892 947 14
34 12 4
833 289 2
163 559 13
411 905 17
516 514 10
395 215 8
710 423 15
826 237 6
476 59 19
574 795 17
647 567 15
534 535 12
994 616 18
419 709 17
720 138 2
772 622 10
454 391 15
910 967 1
279 1 5
656 455 8
356 737 20
377 921 7
155 911 13
248 925 3
178 878 11
853 530 12
574 89 0
877 462 20
800 292 5
803 127 18
375 45 10
735 55 8
333 656 10
524 633 12
496 28 7
13 658 1
691 373 14
859 629 6
422 611 16
354 442 6
706 141 3
269 957 2
50 501 13
25 23 20
496 950 20
875 210 15
867 807 13
378 771 1
759 719 2
940 799 14
72 712 9
972 904 1
47 876 20
92 930 12
580 526 11
701 792 16
198 523 3
44 349 14
956 20 4
349 935 3
369 677 2
35 450 17
423 448 4
872 853 15
710 67 15
203 256 14
492 669 20
48 995 16
111 83 8
595 580 12
523 440 15
939 796 3
918 880 7
710 500 12
870 470 4
955 851 17
307 450 11
356 399 8
538 676 6
916 926 12
560 609 2
258 702 4
804 347 13
971 946 20
662 733 3
239 59 15
674 620 11
279 66 14
547 154 17
502 992 0
928 608 9
364 618 6
703 894 9
384 199 9
729 205 3
884 384 6
288 889 9
422 97 20
669 944 11
230 923 4
605 329 16
913 38 9
941 928 11
758 654 5
771 914 9
12 999 8
866 102 15
825 471 14
680 771 12
611 460 2
627 846 4
301 211 3
24 663 13
591 410 20
932 30 6
845 430 0
839 861 6
48 160 11
278 995 13
635 231 13
361 390 1
856 416 13
625 756 9
387 525 13
515 653 3
506 547 4
914 14 13
245 69 12
495 461 2
589 139 6
490 807 16
606 570 13
510 13 13
45 527 9
244 528 3
171 261 2
853 114 3
896 3 7
667 999 15
833 435 9
485 277 7
759 973 3
676 415 13
544 273 5
537 735 4
666 548 8
640 251 5
941 638 7
267 188 18
220 928 11
481 833 8
768 132 11
145 986 12
310 552 4
579 618 7
671 754 16
4 640 4
627 195 7
147 90 6
64 539 10
902 459 16
669 893 11
696 533 17
32 977 14
919 193 3
977 317 3
273 76 2
92 797 12
507 148 14
100 33 12
187 651 9
784 879 8
975 958 11
336 561 5
940 453 0
154 53 18
236 974 18
29 979 4
885 281 10
734 219 8
813 640 20
919 667 7
238 861 4
287 968 3
30 250 2
635 303 13
661 314 10
472 292 9
57 909 9
443 424 7
657 621 20
572 221 18
287 271 14
319 46 14
856 216 4
736 728 1
768 895 3
551 628 3
472 134 5
660 830 1
748 345 0
496 464 11
929 529 12
217 390 4
845 869 19
661 425 16
85 705 0
639 262 6
594 400 17
132 898 0
990 699 5
720 165 12
607 725 2
481 383 11
690 551 11
9 564 17
345 866 13
543 468 16
961 456 11
761 354 2
479 466 4
381 877 6
320 814 13
579 469 19
746 277 4
788 958 9
23 831 5
333 997 12
13 651 6
335 815 15
385 403 18
690 864 8
177 693 6
874 477 7
730 242 10
767 502 19
458 379 12
293 752 3
338 206 0
391 634 16
990 856 4
336 417 9
27 989 18
915 755 13
651 512 8
591 179 8
867 815 4
907 806 3
1000 201 0
21 876 1
15 84 11
832 546 19
141 892 3
232 394 9
170 584 11
629 50 16
290 834 2
309 265 11
26 75 4
702 558 7
671 135 19
982 953 18
774 683 6
425 213 18
755 385 18
425 919 0
487 754 6
852 955 17
114 669 17
726 444 17
516 478 11
258 320 7
791 260 18
220 344 20
692 481 20
998 881 8
807 573 18
762 52 20
88 110 15
788 509 5
499 937 15
48 641 4
322 506 2
380 491 15
439 533 19
541 685 7
922 638 7
665 496 13
237 948 5
801 855 9
775 123 5
221 802 13
889 290 3
612 387 6
781 147 7
577 908 10
753 489 4
919 362 10
694 429 8
558 554 20
365 168 1
659 605 2
912 134 1
800 166 5
227 601 8
231 482 19
430 505 17
446 245 19
487 676 11
721 579 3
774 765 13
294 782 20
219 499 16
879 802 19
412 106 4
2 445 11
891 524 15
134 991 17
595 774 16
180 659 18
683 474 6
233 469 1
726 376 9
740 743 12
810 938 20
392 785 5
349 998 7
119 130 15
842 20 9
229 943 11
716 131 7
14 650 4
446 2 7
103 276 3
108 366 16
999 106 4
27 656 2
348 339 5
904 170 15
235 480 14
184 112 11
677 149 11
820 783 4
823 461 6
488 766 6
111 688 8
151 550 12
197 808 20
596 818 5
916 475 7
584 164 17
436 977 18
865 858 2
215 190 19
977 372 15
10 264 20
502 909 15
540 372 13
880 253 12
552 637 14
814 755 14
31 74 14
790 391 10
876 489 13
588 301 4
175 613 1
565 137 18
721 734 1
223 467 12
917 305 17
590 702 11
330 240 3
120 264 17
389 399 8
876 888 19
349 220 19
865 962 20
575 170 8
593 771 13
346 192 1
41 828 9
261 296 0
118 36 14
300 731 15
718 846 10
4 297 0
767 103 0
762 545 1
457 143 16
674 101 18
102 585 17
285 862 17
668 467 6
686 724 15
516 581 10
805 870 11
968 700 12
698 5 15
105 727 11
604 319 15
178 534 18
731 778 7
718 970 2
512 945 19
88 958 11
958 180 9
397 128 12
640 60 12
95 59 18
51 88 17
610 827 9
518 13 10
828 673 19
808 876 20
473 602 11
350 30 18
539 497 18
779 460 6
675 950 4
403 701 16
899 456 11
764 144 1
619 760 1
424 581 4
289 493 1
814 360 14
395 252 14
685 794 19
973 976 20
124 291 4
285 319 3
9 417 14
199 351 3
430 698 2
512 204 9
963 838 9
769 801 14
532 112 6
199 357 17
477 808 5
645 257 16
686 422 20
643 648 16
770 76 9
282 51 13
343 626 10
830 273 8
569 513 13
822 391 13
44 751 16
338 492 8
443 236 2
643 792 8
346 963 3
725 470 5
272 515 18
411 284 11
68 815 14
139 642 18
873 613 0
401 140 1
192 522 11
721 783 10
147 218 17
904 243 17
669 342 18
3 143 17
676 173 5
311 278 8
192 241 5
397 392 14
488 652 1
167 727 11
785 543 2
22 770 19
657 414 12
590 299 6
75 217 16
158 73 2
121 22 4
693 478 4
152 557 2
325 153 4
175 914 7
955 707 4
857 514 20
122 337 5
57 652 16
249 597 6
351 405 5
334 981 13
400 833 19
69 566 10
286 798 17
582 440 20
133 898 12
785 862 13
124 996 8
557 254 14
249 326 9
794 109 3
6 428 19
58 309 1
684 550 13
503 391 4
763 790 17
405 712 8
739 138 7
921 37 12
280 522 12
536 714 19
145 738 4
712 158 8
180 341 3
906 406 18
19 177 4
548 927 9
84 858 16
590 878 3
310 237 2
142 958 2
93 305 12
887 952 6
883 86 2
586 676 9
723 404 12
49 463 6
296 106 12
507 366 4
442 906 18
901 470 5
458 715 9
933 452 16
214 636 5
475 650 18
898 749 13
91 718 10
362 836 3
272 279 13
508 55 4
779 79 12
642 196 16
950 804 1
238 982 7
274 827 11
119 607 6
212 215 3
29 324 7
230 577 9
712 591 6
195 886 2
843 40 12
762 576 15
172 346 5
697 889 15
776 638 0
573 383 9
181 62 6
318 680 13
632 272 18
62 505 4
771 453 5
681 887 3
603 135 0
140 890 18
157 648 14
169 659 20
283 962 17
286 98 8
542 713 2
2 747 3
84 549 15
138 356 1
911 582 15
391 88 5
830 162 5
187 835 18
881 464 20
970 759 1
407 387 15
292 130 5
394 854 0
692 513 10
659 507 3
360 191 6
852 602 4
778 101 18
698 866 12
453 728 7
177 33 9
793 457 19
654 529 2
346 773 8
311 16 6
695 964 16
418 996 3
608 174 4
562 72 19
312 516 0
781 812 18
129 370 2
824 98 10
592 520 2
291 39 0
168 85 13
826 927 16
179 621 17
64 86 9
983 569 16
173 266 4
349 623 17
505 969 8
290 668 1
345 533 17
402 136 14
94 353 4
421 425 6
780 179 20
615 568 13
939 553 10
829 757 2
281 110 11
528 395 12
264 326 14
380 584 6
358 987 18
825 537 18
589 432 9
263 326 17
921 521 14
968 841 5
550 587 13
704 793 1
787 110 9
747 705 10
869 78 1
608 242 1
922 388 7
335 901 1
630 571 19
646 256 1
602 575 3
104 329 3
85 40 7
329 74 0
147 961 13
412 398 9
552 789 10
270 11 12
202 954 14
784 382 18
348 567 19
594 172 15
123 711 18
129 228 12
563 226 10
559 309 18
897 885 9
96 946 4
722 423 15
150 639 20
679 468 19
625 459 6
875 680 16
656 129 0
631 946 4
316 532 9
285 366 2
349 877 7
870 451 20
331 532 15
891 279 12
743 113 3
358 788 6
956 198 17
791 862 14
849 998 20
686 925 7
882 359 1
744 301 16
470 659 16
245 748 14
924 83 1
868 58 14
552 441 15
963 274 9
891 936 8
368 713 7
602 556 8
537 910 19
816 454 19
193 309 18
422 333 10
188 761 7
628 836 2
860 463 12
779 844 6
541 968 10
917 235 13
99 672 10
850 883 3
449 605 11
818 583 15
156 889 20
687 137 19
332 269 3
226 427 13
864 642 2
853 183 15
11 638 18
670 242 15
545 964 14
817 633 1
387 209 15
164 669 8
67 94 10
105 803 0
43 980 17
257 195 1
437 962 6
708 949 3
850 141 11
620 44 15
682 870 6
330 374 20
298 937 5
548 819 2
208 435 15
852 518 3
410 626 16
136 355 17
855 612 5
858 276 3
952 312 0
188 946 11
601 459 9
686 614 18
363 24 5
107 258 20
966 649 4
993 673 14
715 975 10
840 291 18
572 898 11
643 315 8
269 5 20
153 24 20
988 230 18
639 663 20
687 980 2
720 140 2
599 741 0
764 361 4
505 536 20
252 706 2
764 732 19
931 239 2
689 592 2
740 649 5
399 994 19
69 61 8
226 834 8
923 795 2
160 194 7
387 951 17
680 176 15
825 538 9
49 926 17
703 233 5
700 960 1
773 371 3
500 7 20
1000
104 970 104
122 986 122
127 573 127
355 384 355
898 597 898
907 224 907
961 222 961
1057 718 1057
1276 664 1276
1301 514 1301
1404 640 1404
1495 145 1495
1677 139 1677
2016 686 2016
2167 979 2167
2318 421 2318
2358 825 2358
2370 815 2370
2377 62 2377
2390 711 2390
2447 619 2447
2464 97 2464
2646 753 2646
2671 119 2671
2706 435 2706
2709 660 2709
2904 462 2904
3108 318 3108
3302 813 3302
3305 737 3305
3369 560 3369
3437 968 3437
3532 326 3532
3862 496 3862
4104 707 4104
4161 655 4161
4207 799 4207
4223 140 4223
4356 17 4356
4402 628 4402
4419 714 4419
4465 550 4465
4474 705 4474
4509 647 4509
4546 431 4546
4571 766 4571
4582 638 4582
4859 813 4859
4883 3 4883
4944 626 4944
5108 194 5108
5242 172 5242
5259 812 5259
5388 980 5388
5395 989 5395
5466 122 5466
5602 317 5602
5624 848 5624
5633 374 5633
5637 640 5637
5867 119 5867
5929 657 5929
5965 303 5965
6329 62 6329
6344 561 6344
6448 402 6448
6506 354 6506
6544 898 6544
6557 642 6605
6636 626 6657
6859 110 6859
6890 280 7052
6905 461 7305
6950 711 7392
6969 842 7678
7168 278 7736
7295 314 7742
7447 270 7762
7594 804 7954
7633 149 7973
7659 286 8244
7682 597 8307
7757 569 8401
8056 133 8477
8157 14 8513
8323 5 8571
8362 392 8747
8392 24 9227
8401 502 9327
8555 153 9494
8699 810 9530
8876 592 9598
9163 479 9679
9342 313 9702
9358 551 9927
9640 12 10019
9672 562 10085
10224 202 10224
10228 313 10228
10335 596 10335
10463 225 10463
10584 351 10584
10601 969 10601
10621 691 10621
10716 421 10716
10807 401 10807
10905 262 10905
11000 607 11000
11152 647 11152
11277 122 11277
11537 410 11537
11549 818 11549
12118 344 12118
12331 303 12331
12450 797 12450
12459 742 12459
12473 786 12473
12515 99 12515
12595 867 12595
12678 778 12678
13019 643 13019
13042 590 13042
13043 795 13043
13117 331 13117
13140 314 13140
13321 114 13321
13359 786 13359
13663 831 13663
13692 329 13692
13813 245 13813
13911 321 13911
13914 190 13914
13934 678 13934
13946 19 13946
14025 803 14025
14029 463 14029
14038 107 14038
14138 112 14138
14338 201 14338
14506 295 14506
14684 125 14684
14838 88 14838
15045 610 15045
15261 599 15261
15441 177 15441
15647 293 15647
15759 757 15759
15843 861 15843
15961 843 15961
15972 648 15972
16015 663 16015
16049 360 16049
16149 754 16149
16215 507 16215
16237 474 16237
16290 531 16290
16413 348 16413
16418 770 16418
16486 20 16486
16487 542 16487
16787 635 16787
16947 822 16947
17074 284 17074
17118 264 17118
17289 881 17289
17333 978 17333
17352 192 17352
17492 84 17492
17510 668 17510
17652 318 17652
17771 538 17771
17908 738 17908
17971 105 17971
17977 573 17977
18076 31 18076
18189 769 18189
18212 946 18212
18225 662 18225
18226 915 18226
18623 156 18623
18674 972 18674
18739 807 18739
18845 594 18845
18860 15 18860
18885 978 18885
18987 91 18987
19105 43 19105
19420 619 19420
19465 383 19465
19507 809 19507
19789 513 19789
19862 286 19862
19924 14 19924
19965 104 19965
19982 86 19982
20047 214 20113
20053 925 20362
20109 359 20696
20110 967 20759
20140 783 20847
20182 174 21093
20394 57 21224
20407 947 21432
20427 987 21456
20611 687 21620
20692 960 21734
20816 975 21818
20856 886 21917
20864 525 21920
20874 736 21967
20884 811 21979
20902 75 22068
21072 421 22225
21397 760 22438
21424 532 22544
21447 151 22582
21471 602 22914
21504 172 22942
21548 897 22960
21572 241 22962
21724 976 23007
21772 943 23253
21922 879 23266
22007 573 23305
22156 114 23359
22202 833 23420
22234 407 23472
22280 529 23542
22422 605 23552
22461 886 23616
22561 809 23755
22720 334 23802
22770 505 24230
23086 622 24231
23220 646 24324
23359 358 24436
23395 486 24567
23471 361 24669
23588 272 24875
23880 272 25545
23956 463 25563
24125 184 25704
24463 529 25819
24628 374 25862
24648 934 25940
24717 155 25965
24792 196 25983
24819 924 26302
25049 66 26384
25115 454 26453
25125 956 26495
25205 64 26504
25581 689 26733
25605 763 26753
25745 520 26930
26098 22 27029
26460 298 27121
26710 318 27337
26943 410 27340
27044 204 27370
27075 98 27379
27301 98 27583
27375 515 27626
27418 274 27722
27501 646 27894
27545 722 28067
27585 237 28161
27988 850 28236
28065 356 28256
28192 296 28351
28568 575 28568
28780 359 28780
28853 957 28853
28882 15 29024
28939 859 29035
29000 501 29038
29026 295 29074
29367 3 29367
29450 787 29450
29653 296 29653
29826 844 29826
29869 429 29869
30019 543 30019
30114 893 30448
30238 126 30460
30424 766 31172
30460 115 31320
30507 526 31393
30621 44 31556
30646 829 31584
30699 356 31600
30717 480 31692
30766 42 31718
30861 318 31719
30980 226 31732
31102 461 31813
31110 598 31908
31201 90 31992
31233 282 32015
31313 382 32031
31331 645 32038
31341 742 32121
31419 376 32124
31669 500 32126
31848 480 32139
31857 99 32403
31930 562 32468
32056 954 32493
32162 35 32614
32233 61 32646
32328 680 32673
32378 202 32725
32543 916 32925
32795 883 33107
32980 831 33509
33052 820 33592
33056 674 33598
33154 911 33650
33159 995 33676
33263 810 33924
33380 381 33994
33390 27 34109
33408 794 34153
33470 219 34156
33475 660 34180
33580 794 34217
33739 747 34296
33762 202 34443
33783 221 34494
33917 751 34588
33997 252 34748
34098 995 34897
34328 812 35015
34367 142 35106
34613 667 35220
34659 312 35379
34661 571 35522
34924 343 35677
35006 908 35792
35089 265 35891
35091 403 36002
35142 926 36336
35314 77 36566
35380 394 36676
35435 892 36752
35458 966 37079
35475 941 37146
35787 369 37189
35789 28 37334
35971 976 37434
36143 26 37511
36192 579 37626
36237 34 37670
36259 797 37692
36480 127 37701
36485 42 37707
36495 317 37876
36537 85 37933
36540 724 38076
36632 700 38122
36639 515 38159
36751 146 38292
36869 191 38332
36999 198 38451
37003 206 38605
37060 832 38621
37133 984 38694
37170 109 38782
37261 10 38844
37270 832 39204
37329 714 39274
37453 226 39655
37486 406 39703
37494 928 39716
37497 393 39946
37563 950 39960
37568 953 39973
37581 225 40194
37606 682 40294
37617 679 40315
37764 72 40328
37992 804 40400
37993 793 40479
38380 144 40508
38931 9 40540
39103 462 40647
39283 661 40670
40101 715 41208
40180 965 41438
40293 664 41684
40320 984 41766
40376 764 41945
40522 38 41948
40581 33 41975
40683 811 41985
40822 965 42156
40834 397 42185
40855 295 42277
40949 225 42310
41035 498 42333
41046 555 42555
41097 492 42559
41118 671 42711
41435 265 42758
41514 952 42847
41557 563 42917
41629 375 42956
41684 274 43024
41686 344 43079
41734 947 43126
41746 392 43151
41912 207 43318
41958 366 43332
41964 651 43381
42090 852 43398
42307 650 43600
42397 957 43644
42430 583 43841
42438 39 43861
42472 563 43921
42591 387 43993
42592 6 44249
42706 844 44363
42749 711 44462
42761 116 44531
42919 449 44534
42963 405 44553
43037 740 44714
43049 928 44784
43082 449 44944
43132 950 45014
43144 893 45060
43155 488 45061
43273 473 45074
43313 638 45079
43342 324 45089
43400 670 45101
43587 37 45150
43715 285 45723
44145 398 45773
44271 862 45792
44300 957 45806
44458 345 45998
44471 880 46104
44499 966 46156
44503 420 46272
44512 870 46578
44550 38 46648
44551 83 46652
44688 499 46683
44750 986 46982
44761 373 47091
44903 658 47096
45018 558 47176
45054 738 47223
45371 22 47272
45375 519 47284
45446 3 47392
45553 155 47394
45572 14 47436
45581 606 47784
45643 907 47823
45684 259 47871
45754 627 48001
45830 193 48061
45852 27 48186
46027 112 48202
46128 551 48209
46151 650 48250
46301 587 48281
46349 459 48363
46376 319 48532
46386 601 48537
46394 366 48879
46435 565 48951
46499 551 48993
46601 521 49012
46704 74 49074
46788 448 49201
46936 80 49202
47285 352 49229
47461 481 49244
47480 585 49256
47533 895 49303
47555 70 49323
47705 892 49353
47758 477 49484
47766 916 49558
47825 603 49580
47912 457 49607
47942 972 49705
47997 916 49865
48070 560 49964
48078 726 50037
48344 180 50343
48406 418 50558
48446 809 50599
48479 592 51047
48851 414 51119
48871 441 51155
48975 291 51194
48990 519 51206
49063 950 51340
49083 639 51344
49247 343 51353
49320 674 51434
49342 691 51454
49423 489 51482
49484 546 51485
49533 418 51558
49702 466 51576
49803 748 51619
49834 890 51766
49921 599 51905
49995 920 52082
50122 656 52224
50250 894 52255
50469 276 52367
50476 758 52482
50489 352 52488
50548 647 52521
50570 957 52610
50612 768 52611
50847 288 52620
50856 453 52687
51244 843 52811
51321 461 52829
51329 501 52850
51388 530 52862
51396 699 53160
51407 508 53286
51440 681 53452
51641 411 53502
51644 404 53507
51696 624 53626
51900 831 53645
51989 387 53672
52079 593 53695
52148 561 53792
52655 943 53800
52691 145 53920
52733 950 53977
52796 626 54020
52819 488 54228
52864 748 54256
52908 393 54292
53396 988 54419
53795 381 54480
54035 908 54575
54133 341 54577
54137 942 54686
54159 426 54831
54196 118 54845
54283 874 54883
54289 329 54993
54302 482 55064
54412 603 55180
54417 598 55213
54482 513 55232
54542 406 55366
54670 883 55432
54850 675 55441
54925 498 55471
55118 708 55704
55140 312 55709
55182 951 56192
55264 592 56202
55511 662 56229
55763 140 56442
55775 781 56545
55819 136 56624
55977 673 56833
56005 351 56876
56009 725 56985
56293 532 57173
56303 899 57213
56304 229 57258
56390 705 57294
56728 658 57346
57162 619 57372
57221 408 57502
57265 556 57532
57309 646 58047
57392 734 58080
57398 12 58171
57618 676 58326
57711 251 58445
57766 465 58814
57788 300 58902
57883 758 58970
57934 961 59263
58213 177 59395
58302 379 59522
58342 443 59561
58441 260 59589
58594 311 59648
58679 44 60251
58682 974 60459
58886 23 60598
59081 147 60605
59139 580 60762
59161 510 60973
59309 708 61022
59339 179 61027
59584 263 61161
59587 902 61326
59640 133 61420
59731 397 61421
59779 940 61422
60040 369 61629
60212 516 61656
60264 518 61717
60340 819 61905
60401 903 62054
60493 620 62120
60616 158 62185
60630 252 62262
60632 583 62450
60674 409 62489
60732 328 62681
60738 485 62787
60741 913 62867
60858 345 62923
60912 775 63066
60974 3 63188
61019 725 63243
61160 674 63316
61364 712 63332
61429 159 63406
61454 800 63809
61663 397 63852
61759 912 63997
61970 809 64203
62144 490 64251
62181 65 64403
62850 949 64573
62963 14 64588
62965 219 64606
63221 613 64776
63227 929 64781
63486 38 64830
63537 888 64952
63555 829 65015
63679 257 65045
63850 777 65050
64050 750 65167
64078 227 65342
64089 970 65550
64237 451 65769
64251 513 66129
64357 911 66229
64553 388 66297
64570 834 66385
64660 285 66407
64780 842 66410
64944 947 66459
64948 544 66540
64982 95 66614
65015 373 66627
65135 284 66717
65418 29 66750
65469 471 66771
65860 252 66794
65941 211 66838
65964 101 66928
66071 32 67014
66186 751 67297
66201 628 67445
66210 598 67458
66227 392 67620
66249 93 67657
66388 640 67890
66415 256 68000
66604 898 68159
66671 201 68309
66893 781 68387
66934 20 68426
67114 725 68890
67297 481 68892
67313 439 68939
67341 447 68973
67445 822 69178
67471 491 69308
67576 227 69440
67582 763 69670
67724 92 69677
67815 553 69725
67886 712 69764
67960 214 69822
68013 417 69855
68045 764 69871
68170 772 69916
68228 750 69960
68279 371 69968
68387 221 70008
68593 135 70090
68677 418 70382
68827 775 70526
68836 109 70561
68903 338 70608
68973 527 70609
69014 491 70808
69128 215 70822
69155 991 71131
69230 5 71146
69466 915 71375
69501 835 71446
69502 476 71499
69742 254 71554
69755 291 71642
69858 754 71799
69900 358 71820
69912 186 71848
70143 244 71856
70763 822 71881
70795 511 72138
70890 565 72363
71001 699 72538
71206 578 72631
71216 446 72682
71224 744 72709
71226 439 72805
71353 699 72823
71455 6 72915
71921 551 72962
72257 18 73031
72412 787 73113
72581 732 73149
72638 691 73336
72692 735 73547
72918 223 73561
72967 607 73642
73331 795 73911
73348 809 74037
73587 147 74088
73646 194 74124
73649 879 74353
73674 333 74466
73858 907 74560
73881 581 74606
74119 24 74745
74141 914 74896
74167 876 74897
74188 300 75036
74429 733 75245
74634 140 75275
74693 957 75318
74789 758 75403
74804 968 75439
74825 380 75540
75063 742 75599
75130 113 75694
75208 153 75828
75251 982 76010
75347 549 76021
75707 255 76080
75951 53 76276
76112 344 76281
76115 417 76324
76190 892 76372
76224 198 76412
76244 201 76441
76305 287 76811
76351 582 76936
76432 919 76939
76480 84 76957
76569 665 76990
76626 891 77033
76785 99 77047
76809 636 77102
77067 683 77112
77086 582 77239
77204 467 77541
77214 304 77562
77251 320 77801
77257 658 77838
77266 571 78085
77423 36 78125
77488 418 78126
77528 622 78279
77548 597 78297
77573 164 78372
78085 519 78518
78583 547 78666
78774 734 78842
78856 776 79009
78931 822 79016
78978 517 79103
79023 187 79180
79069 956 79380
79204 897 79409
79392 993 79490
79602 333 79638
79638 22 79639
79640 792 79819
79756 646 79865
79795 567 80101
79844 445 80131
80157 177 80168
80318 4 80318
80474 907 80474
80504 20 80504
80520 634 80536
80715 846 80715
80726 461 80745
80908 135 80908
80909 276 81006
80948 433 81033
80956 655 81078
81057 227 81384
81084 859 81394
81329 726 81439
81358 505 81457
81411 36 81465
81576 756 81581
81607 383 81607
81753 474 81753
81764 94 81769
81771 579 81778
81849 105 81849
81885 379 81885
81999 309 82075
82068 663 82237
82160 893 82240
82230 851 82276
82404 604 82484
82442 505 82512
82450 166 82539
82503 278 82806
82605 470 82877
82610 10 82892
82673 531 82970
82789 416 82979
82856 764 83599
82901 80 83609
83135 41 84119
83161 216 84127
83205 605 84152
83313 136 84405
83532 440 84455
83579 145 84481
83686 572 84543
83870 209 84589
83961 949 84624
84004 290 84710
84049 456 85126
84140 576 85161
84142 798 85218
84158 410 85280
84252 229 85415
84422 299 85542
84448 168 85948
84583 829 86119
84584 138 86182
84825 453 86194
84955 55 86245
84979 696 86377
85095 992 86389
85129 192 86539
85153 780 86639
85513 765 86670
85602 568 86691
85666 546 86700
85728 452 86741
85806 409 86765
85817 995 86860
85832 22 86867
85839 813 86946
86084 932 86980
86147 429 87155
86214 962 87244
86373 413 87285
86473 185 87593
86488 247 87614
86545 603 87698
86584 985 87747
86857 670 88203
87041 696 88271
87388 630 88314
87698 180 88560
87709 458 88867
87905 309 88992
88048 951 89018
88063 489 89071
88311 651 89097
88401 847 89136
88463 4 89211
88939 867 89277
89136 956 89513
89249 586 89637
89333 124 89718
89607 450 89741
89633 848 90045
89652 619 90140
89742 229 90512
89892 460 90521
89986 828 90707
90028 474 90753
90031 7 90887
90037 763 91182
90079 323 91201
90157 476 91290
90194 53 91314
90259 874 91380
90268 936 91454
90509 592 91473
90697 92 91621
90704 817 91654
90883 429 91675
90939 743 91726
90982 970 91727
91224 971 91786
91246 268 91861
91458 921 92385
91486 225 92450
91542 670 92508
91667 519 92595
91683 368 92645
91755 482 92852
91825 602 92872
91881 491 92886
92358 186 92944
92388 908 92980
92662 329 93087
92676 42 93157
92687 650 93392
92926 885 93453
92967 211 93516
92982 628 93658
93003 249 93659
93012 253 93689
93036 347 93768
93107 729 93835
93112 142 93850
93305 127 94063
93468 571 94067
93549 135 94087
93691 539 94193
93777 751 94219
93788 951 94234
93807 231 94239
93821 821 94936
93839 370 95047
93860 141 95054
93889 347 95177
94319 995 95278
94425 759 95832
94514 771 95848
94729 16 95861
94781 278 95902
94951 21 96012
95024 233 96111
95144 446 96182
95148 756 96622
95262 418 96665
95439 318 96688
95505 793 96760
95520 673 96814
95524 444 96913
95598 591 96915
95644 118 97166
95748 338 97498
95852 427 97646
95909 392 97655
95970 479 97800
96009 971 97830
96265 274 97974
96305 509 98041
96565 685 98144
96755 61 98188
96902 579 98229
97199 423 98278
97230 962 98366
97538 583 98619
97609 950 98689
97689 88 98749
97784 420 99032
97906 685 99155
98021 292 99202
98270 250 99267
98311 452 99308
98348 1000 99316
98378 543 99337
98415 809 99355
98647 277 99367
98710 529 99391
98789 423 99427
98817 316 99432
98880 768 99523
98925 185 99557
99008 517 99578
99224 850 99588
99262 163 99648
99445 799 99713
99481 439 99766
99491 736 99824
99500 63 99833
99688 276 99835
99844 873 99891
99970 856 99970
