1000 999
666 201 17
963 91 15
972 29 2
967 699 15
735 536 17
519 926 18
735 659 10
451 337 12
496 149 15
21 394 11
367 340 3
182 741 19
220 59 19
271 39 14
819 983 15
219 667 13
193 259 14
940 489 8
652 528 5
841 591 13
781 135 2
663 99 12
123 717 5
526 557 0
718 259 5
462 279 2
825 877 19
117 558 3
777 768 1
917 518 4
39 108 6
858 737 5
88 78 14
920 412 16
987 574 2
293 231 8
689 50 7
342 779 0
981 447 18
590 615 15
815 581 13
771 358 7
403 952 17
578 315 5
54 144 14
282 146 20
920 685 12
895 702 18
377 739 18
502 471 2
299 24 13
677 459 10
161 568 3
4 666 18
14 491 7
651 101 16
339 209 16
208 797 8
871 360 8
293 873 14
954 99 5
494 639 14
486 796 13
213 195 16
275 690 0
486 933 11
82 531 20
507 476 0
637 441 13
475 780 15
724 38 11
1000 204 15
969 765 9
836 940 0
311 36 19
93 604 6
565 551 2
359 212 12
608 493 2
463 242 4
444 378 1
180 503 19
912 945 0
363 962 17
956 283 18
77 495 10
318 375 5
112 395 17
401 461 20
90 144 16
138 929 19
939 307 19
674 383 12
140 183 5
624 129 5
399 358 4
93 490 17
353 840 15
817 452 11
111 953 16
817 330 18
432 893 14
193 643 6
577 303 11
48 618 10
627 845 11
657 637 12
372 716 17
523 873 17
977 416 6
997 101 19
775 67 16
874 329 9
650 13 3
994 601 1
113 916 20
442 587 3
656 501 5
790 904 20
987 446 19
882 742 17
55 396 6
349 27 18
453 61 2
194 118 1
427 806 5
215 67 8
454 652 4
567 642 20
948 457 8
355 426 3
361 677 9
798 651 14
499 931 1
922 927 10
328 986 8
444 127 19
343 330 13
845 49 7
242 23 5
628 66 7
424 254 3
517 431 7
996 195 2
210 693 7
906 658 19
309 177 7
296 963 12
126 823 11
401 900 15
734 143 10
91 99 4
960 813 12
642 71 4
389 388 5
153 374 19
734 277 14
236 777 15
723 356 4
570 293 17
119 810 7
623 86 11
58 826 6
873 352 18
372 890 1
467 623 0
481 812 2
437 504 16
460 981 17
537 407 11
98 483 12
410 6 18
889 137 12
111 446 1
54 867 9
153 810 15
260 853 1
42 879 17
103 851 3
92 959 16
157 330 2
19 930 12
678 362 9
474 907 8
372 332 3
889 28 12
508 212 12
488 629 18
958 363 11
433 399 4
589 655 19
76 376 15
188 228 1
668 308 12
722 973 6
64 562 14
982 937 11
978 241 10
283 823 2
38 21 17
132 832 11
314 301 9
235 12 15
209 266 18
237 328 12
84 408 4
166 344 9
421 59 8
223 369 1
22 551 6
135 802 4
579 267 9
487 338 5
95 290 16
402 328 17
710 207 5
83 968 2
302 747 9
455 139 15
968 579 2
416 370 18
306 494 7
77 167 8
722 373 2
971 407 13
438 570 11
17 512 20
801 928 17
856 729 13
323 420 19
511 797 0
205 791 1
415 934 20
441 820 3
559 544 4
762 687 4
180 744 3
1000 248 8
704 837 7
156 865 17
981 297 7
743 108 3
770 250 10
984 517 14
188 122 8
25 976 2
638 831 15
168 472 15
593 800 11
78 402 6
808 158 14
499 912 17
900 765 19
392 42 15
24 530 10
755 877 20
473 63 8
886 409 20
493 808 7
287 442 1
401 719 5
802 443 7
912 862 8
792 715 10
439 48 9
320 522 19
44 802 17
960 526 4
980 712 12
390 136 17
431 350 19
827 317 13
301 791 7
305 785 5
563 218 3
695 833 18
989 986 0
709 506 8
709 344 6
626 699 1
408 921 13
463 697 20
769 510 18
15 419 20
251 678 10
555 258 1
869 180 18
767 107 4
971 507 1
498 620 11
300 666 4
100 731 1
603 8 10
938 960 5
910 1 17
545 123 20
658 592 17
452 325 19
907 892 8
152 225 11
673 529 19
345 982 10
61 276 5
484 942 0
935 523 11
409 798 10
450 632 1
670 503 3
33 35 20
763 946 18
909 11 4
661 997 7
754 83 18
768 179 18
19 248 7
566 262 0
477 340 3
30 593 4
400 732 15
113 574 9
149 669 5
38 324 3
576 337 18
792 108 14
333 377 19
169 837 12
700 935 2
532 755 9
367 399 2
632 749 3
429 481 5
159 345 0
900 949 10
203 849 15
233 663 9
506 518 19
998 968 2
693 820 12
848 703 19
400 262 15
779 346 13
950 878 13
50 267 10
57 842 17
366 483 5
646 884 4
635 436 14
378 828 1
813 992 2
932 844 5
472 957 16
894 708 3
96 81 18
594 691 11
130 319 15
933 403 12
710 764 11
822 31 1
45 636 7
804 216 20
995 100 15
848 557 3
768 538 8
429 308 3
728 158 3
471 106 18
760 218 8
430 279 17
713 747 1
734 502 18
589 291 2
734 57 5
976 245 1
422 539 3
521 692 16
824 897 7
875 847 15
618 36 4
118 740 17
918 623 8
810 315 6
293 639 7
681 844 19
154 818 14
822 817 6
336 751 7
376 650 10
351 800 4
62 914 17
670 444 5
726 42 6
180 863 4
422 258 17
670 610 1
80 950 10
403 190 20
248 440 4
738 176 6
781 914 16
92 620 10
674 933 4
676 685 7
738 601 15
807 710 12
70 541 11
835 866 12
702 881 10
482 930 0
681 25 0
278 560 7
523 799 6
759 888 17
859 192 17
85 998 20
356 36 2
519 133 13
211 589 17
458 881 12
773 955 19
32 56 12
785 549 3
185 616 15
282 889 4
904 966 17
142 798 10
868 941 16
490 578 16
672 284 16
348 556 10
324 320 14
996 276 11
134 802 10
653 255 19
114 880 17
621 243 12
213 707 15
115 279 19
674 324 2
181 840 2
400 271 10
677 334 13
811 425 1
41 816 20
968 381 18
114 428 9
958 422 2
713 393 8
693 902 4
482 990 4
574 230 11
225 339 6
82 288 14
130 984 6
546 620 5
970 26 18
68 404 6
647 684 20
209 189 4
838 647 3
198 625 2
2 678 8
804 880 11
598 196 1
41 400 2
290 696 7
606 584 10
539 630 5
510 535 4
855 411 5
410 743 20
740 977 14
983 454 12
556 263 2
741 919 12
259 672 2
516 266 5
694 90 17
967 999 6
109 894 1
74 731 7
623 541 0
633 37 13
554 15 13
280 909 2
167 37 9
169 850 11
423 416 2
243 443 3
339 110 3
992 73 4
295 406 11
104 268 9
335 634 15
340 580 20
365 623 8
398 124 17
195 264 16
249 801 16
79 5 13
425 845 16
306 809 20
535 658 13
882 145 7
284 404 2
443 129 12
730 596 4
128 232 9
364 155 11
387 368 13
613 1000 16
30 330 17
821 848 14
573 287 16
171 141 3
239 337 8
768 468 17
241 830 19
852 932 2
597 256 1
626 599 1
349 849 15
375 987 7
516 390 8
685 288 17
160 97 11
405 629 17
329 154 19
723 87 19
857 481 3
731 925 16
203 312 1
748 894 18
205 910 20
904 298 16
123 3 10
531 889 1
476 140 0
757 188 1
846 569 8
109 335 11
958 485 5
540 91 13
670 419 9
811 171 12
670 980 18
843 988 13
515 173 15
814 344 2
303 160 9
722 406 13
766 484 19
547 877 14
789 719 19
901 563 20
974 391 16
144 898 16
75 957 0
665 152 15
294 677 8
345 131 17
323 350 0
685 761 4
667 326 0
43 71 12
623 384 1
316 241 1
323 669 18
888 185 8
382 17 10
71 548 0
338 244 5
378 229 1
409 334 14
724 609 20
112 852 6
444 543 0
364 360 6
370 96 18
161 181 10
206 723 15
558 220 15
600 487 1
40 723 6
511 728 9
660 802 9
793 850 4
973 750 0
792 982 3
695 332 2
508 434 20
184 200 1
344 406 20
289 414 3
549 193 9
380 393 20
102 477 16
653 309 5
745 57 11
690 159 9
163 71 10
726 562 15
969 2 19
798 371 9
303 42 7
864 157 17
850 794 5
525 447 13
964 375 16
556 151 12
407 909 14
775 916 16
896 125 18
184 509 5
479 327 8
836 744 11
309 509 20
474 662 13
726 304 15
767 303 8
120 635 16
571 95 3
203 783 2
722 721 12
418 836 15
525 795 3
34 222 9
193 720 14
633 879 19
879 269 3
197 255 5
853 913 12
999 238 5
523 479 17
417 749 6
140 232 11
900 957 3
52 864 7
671 359 7
519 319 5
377 550 3
762 851 0
484 686 12
109 525 9
355 27 15
756 704 2
737 53 7
653 80 11
151 991 20
110 148 19
199 734 0
240 543 18
870 780 13
948 699 15
452 948 2
303 514 6
523 413 6
881 10 10
66 292 9
776 292 4
744 774 5
343 923 7
857 565 8
733 517 16
612 954 13
68 265 4
261 176 2
441 487 19
611 436 2
585 895 1
867 201 3
317 310 6
897 582 13
346 279 14
586 766 13
231 927 1
303 69 18
884 369 2
58 182 5
887 573 12
322 88 5
596 144 15
860 898 17
747 784 7
469 945 11
270 346 16
726 617 0
921 449 1
179 272 13
513 547 3
606 278 16
86 597 12
525 379 4
160 622 20
832 497 13
831 609 15
41 649 15
397 204 15
145 254 20
200 367 1
307 428 13
305 239 13
587 182 3
381 569 18
2 524 15
786 181 9
301 478 9
366 178 18
571 350 17
213 932 14
740 682 12
61 66 5
808 631 1
89 491 10
634 644 20
509 564 17
109 998 15
542 236 0
924 832 3
610 150 13
464 365 6
382 935 9
575 122 13
832 224 18
885 933 5
629 408 2
190 727 10
437 737 11
244 3 20
606 931 8
760 406 14
156 18 6
792 186 1
839 370 11
200 488 7
116 714 10
583 520 15
792 680 5
916 257 17
615 543 3
701 781 1
639 246 20
217 652 0
925 513 17
179 390 9
330 991 2
683 833 16
110 645 13
688 647 3
691 936 10
630 559 3
804 625 18
4 445 10
648 531 11
14 869 2
915 28 6
426 692 7
676 431 15
165 301 15
119 227 15
880 141 16
728 63 18
200 876 14
946 165 15
581 619 19
391 347 3
511 866 17
385 320 14
674 968 17
858 614 16
188 234 2
535 856 5
641 684 12
755 725 14
414 237 7
875 233 8
219 862 4
785 711 15
604 464 20
372 217 18
394 782 5
51 56 19
768 465 2
675 666 20
630 973 12
855 91 2
796 427 13
944 40 20
125 115 10
314 435 1
60 139 16
217 29 6
586 273 17
113 121 2
673 358 13
156 884 12
978 632 2
648 47 20
805 364 5
780 249 3
522 766 8
214 322 8
987 967 2
50 736 10
753 173 12
286 211 5
548 921 5
367 734 16
886 588 4
714 913 0
745 698 13
387 847 15
291 221 8
41 7 18
769 869 12
655 480 14
805 746 0
132 778 8
436 538 14
764 843 11
295 659 6
892 945 20
595 188 3
46 328 10
100 627 9
235 375 5
333 881 5
336 650 8
813 55 8
483 448 0
53 591 3
4 213 13
48 310 14
985 528 19
137 939 2
853 830 12
723 965 14
501 290 9
787 525 4
949 555 2
279 714 8
212 173 1
808 870 2
77 603 17
566 530 14
794 313 10
76 247 1
770 872 6
926 118 18
862 803 2
119 888 20
605 246 11
703 252 11
394 175 15
601 9 5
161 226 20
893 170 17
232 905 19
698 890 7
62 783 0
623 504 1
746 357 1
470 538 14
165 998 11
79 781 2
780 138 8
232 505 10
253 583 3
492 838 3
247 960 10
679 252 7
934 208 17
136 389 10
160 436 5
874 425 0
677 125 5
245 704 5
770 523 1
664 339 8
59 350 8
758 552 14
195 829 17
254 591 7
849 191 14
124 387 7
331 721 18
371 773 9
561 160 3
327 32 10
684 444 13
321 961 10
654 134 6
582 912 20
520 432 11
807 891 20
287 207 2
202 729 15
377 286 17
561 448 10
274 2 9
772 746 3
112 361 1
331 192 14
86 807 6
129 855 18
667 736 6
974 623 6
32 33 2
417 861 6
135 972 20
34 773 19
603 943 2
862 151 11
414 847 1
963 4 13
873 223 20
752 432 20
505 901 16
172 416 7
386 788 9
596 834 12
281 190 14
942 65 8
670 384 0
32 692 7
40 484 13
760 104 3
466 59 14
915 951 19
814 854 8
379 975 2
815 257 0
160 23 19
898 162 12
842 903 10
705 226 3
883 957 7
939 959 9
953 572 14
993 304 6
111 173 15
812 947 0
805 551 13
832 800 4
750 533 20
238 899 19
706 895 1
341 183 3
911 460 17
216 672 4
62 970 13
607 426 14
727 962 17
640 614 17
961 533 2
984 432 8
36 453 1
795 187 16
455 935 9
287 354 17
845 126 6
585 427 7
19 527 12
534 645 13
866 28 17
330 45 17
786 482 9
832 1000 3
132 936 17
487 583 5
916 456 19
595 369 3
598 503 8
94 71 10
918 982 14
309 429 9
391 422 2
304 298 4
157 147 18
16 529 0
571 144 9
94 55 0
645 687 8
664 418 14
105 77 20
602 560 7
222 758 13
20 598 3
624 164 9
908 228 11
994 259 15
603 979 0
500 613 15
790 393 3
386 960 13
338 72 7
309 285 18
868 181 17
672 553 15
189 174 2
1000
114039 329 114039
166208 659 166208
201987 184 201987
206411 588 224298
274646 80 274646
543905 705 543905
547142 258 547142
586643 378 586643
606754 402 606754
634724 285 634724
653388 980 653388
762165 624 762165
763196 190 763196
846676 367 846676
975540 711 975540
1078242 352 1078242
1107784 822 1107784
1113291 368 1113291
1268594 325 1268594
1329327 605 1329327
1334191 627 1334191
1381709 867 1381709
1390721 96 1390721
1406288 569 1406288
1414247 364 1414247
1442491 532 1442491
1752150 892 1752150
1949113 862 1949113
1953296 16 1953296
1961250 431 1961250
2020007 487 2020007
2088423 176 2088423
2093875 820 2093875
2119538 124 2119538
2196739 530 2196739
2244392 29 2244392
2252914 378 2252914
2258129 181 2258129
2280544 435 2280544
2470675 890 2470675
2481025 126 2481025
2521833 598 2521833
2581475 442 2581475
2596999 181 2596999
2759192 186 2759192
2787975 924 2787975
2790260 586 2790260
2810724 909 2810724
2815519 447 2815519
2924762 567 2924762
3082657 809 3082657
3173419 163 3173419
3185419 65 3185419
3196780 51 3196780
3231244 363 3231244
3244070 929 3244070
3251803 975 3251803
3275941 708 3275941
3355630 33 3355630
3397760 634 3397760
3402822 362 3402822
3417581 617 3417581
3459540 700 3459540
3518787 638 3518787
3596311 850 3596311
3643246 884 3643246
3800987 516 3800987
3882211 827 3882211
3896593 39 3896593
3910626 208 3910626
3959669 645 3959669
3982717 455 3982717
4010155 124 4010155
4028844 323 4028844
4033096 355 4033096
4164120 413 4164120
4243464 855 4243464
4377324 828 4377324
4430396 128 4430396
4554442 346 4554442
4554916 486 4554916
4579359 713 4579359
4584218 878 4584218
4623853 887 4623853
4730947 533 4730947
4731943 739 4731943
4828266 828 4828266
4838327 141 4838327
4899075 295 4899075
4914823 487 4914823
4963955 826 4963955
4993926 527 4993926
5014152 398 5014152
5024831 519 5024831
5039522 295 5039522
5053751 557 5053751
5126399 890 5126399
5227665 268 5227665
5232979 365 5232979
5236426 524 5236426
5351016 913 5351016
5361945 24 5361945
5388262 91 5388262
5395303 295 5395303
5416162 825 5416162
5450583 611 5450583
5455084 489 5455084
5516900 16 5516900
5539541 649 5539541
5549365 202 5549365
5569742 609 5569742
5662895 61 5662895
5666064 255 5666064
5711093 887 5711093
5757097 735 5757097
5778500 985 5778500
5855025 880 5855025
5979790 174 5979790
5980771 9 5980771
6022998 932 6022998
6132292 71 6132292
6180354 211 6180354
6192056 956 6192056
6267987 798 6267987
6275153 967 6275153
6433196 632 6433196
6436044 894 6436044
6510835 449 6510835
6557575 373 6557575
6621463 406 6621463
6635419 311 6635419
6687103 303 6687103
6743633 307 6743633
6884990 368 6884990
6887953 179 6887953
6893724 609 6893724
7019181 684 7019181
7023156 99 7023156
7041632 351 7041632
7165685 468 7165685
7246924 873 7246924
7291690 423 7291690
7337937 623 7337937
7394420 280 7394420
7436902 377 7436902
7497594 581 7497594
7501748 617 7501748
7609291 807 7609291
7629242 147 7629242
7724245 684 7724245
7787587 182 7787587
7908605 481 7908605
7928161 226 7928161
7928261 199 7928261
7953693 948 7953693
7978457 183 7978457
7996026 226 7996026
8078833 678 8078833
8126026 114 8126026
8160293 19 8160293
8166700 154 8166700
8548280 65 8548280
8553724 581 8553724
8616646 638 8616646
8678624 421 8678624
8693355 176 8693355
8705664 662 8705664
8724977 38 8724977
8742521 579 8742521
8755705 58 8755705
8777933 805 8777933
8885791 114 8885791
8969288 216 8969288
9012693 499 9012693
9014531 762 9014531
9218546 39 9218546
9221096 385 9221096
9253793 968 9253793
9258369 918 9258369
9287724 370 9287724
9332817 675 9332817
9421425 954 9421425
9510526 790 9510526
9639550 336 9639550
9648265 548 9648265
9659060 58 9659060
9734655 79 9734655
9738981 251 9738981
9743203 609 9743203
9750780 937 9750780
9841247 21 9841247
9870502 428 9870502
9963167 757 9963167
9986035 513 9986035
10018843 438 10018843
10098845 360 10098845
10100266 628 10100266
10107727 605 10107727
10125579 61 10125579
10126267 507 10126267
10189289 254 10189289
10214495 29 10214495
10244754 530 10244754
10262620 746 10262620
10270112 692 10270112
10280692 581 10280692
10291006 454 10291006
10298801 507 10298801
10351068 541 10351068
10355419 121 10355419
10381723 488 10381723
10549920 161 10549920
10575454 207 10575454
10676230 342 10676230
10717981 949 10717981
10839252 347 10839252
10865409 244 10865409
10991390 950 10991390
11081446 277 11081446
11151461 803 11151461
11191370 403 11191370
11240027 510 11240027
11249476 742 11249476
11316417 784 11316417
11372696 567 11372696
11451608 99 11451608
11461072 485 11461072
11487672 678 11487672
11508378 960 11508378
11515379 49 11515379
11557126 983 11557126
11583903 70 11583903
11618264 813 11618264
11624040 840 11624040
11671105 145 11671105
11680156 491 11680156
11687642 196 11687642
11714514 573 11714514
11715730 584 11785385
11795274 204 11850516
11865350 985 11884244
11926969 903 11926969
11985842 531 11985842
12002062 460 12147128
12012379 518 12230746
12068959 136 12240049
12132147 746 12301096
12224696 639 12338476
12239468 502 12346964
12333421 708 12359566
12334222 282 12363753
12379283 797 12397401
12384705 574 12568305
12403727 615 12618500
12413831 295 12719751
12511655 51 12760854
12561924 114 12893398
12563645 718 12899164
12587071 444 12975245
12610169 776 12987572
12618577 249 13119587
12626210 105 13139314
12707041 850 13203639
12816295 317 13220934
12849947 346 13280660
12899271 123 13293429
12916372 724 13328045
12963145 765 13374634
13036762 437 13517476
13105227 19 13569987
13139640 295 13587149
13250134 320 13589499
13290975 95 13642992
13319236 139 13661406
13363113 768 13698537
13427593 79 13806702
13495243 249 13882343
13501807 721 13898472
13595759 807 13922218
13679990 782 13956960
13788826 607 13998279
13803655 449 14057126
13893191 995 14099389
13994995 459 14116147
14077813 891 14121030
14106223 295 14126071
14108599 103 14146496
14174285 549 14187249
14186933 559 14206217
14198403 783 14219459
14260033 776 14260282
14300411 601 14300411
14406237 393 14406237
14409496 686 14409496
14477384 952 14477384
14520456 285 14520456
14538162 465 14538162
14584989 976 14584989
14672133 554 14672133
14741034 831 14741034
14794415 690 14794415
14877990 956 14877990
14894859 499 14894859
14923742 664 14923742
14943093 983 14943093
14945825 397 14945825
14971681 272 14971681
15012520 614 15012520
15085838 374 15085838
15121672 487 15121672
15211094 343 15211094
15271618 605 15271618
15375579 994 15375579
15465528 393 15465528
15474404 631 15474404
15551317 373 15551317
15615891 425 15615891
15676149 164 15676149
15693719 998 15693719
15708354 714 15708354
15881237 819 15881237
15946294 296 15946294
16077670 666 16077670
16114404 685 16114404
16136523 96 16136523
16212312 386 16212312
16229657 215 16229657
16243384 416 16243384
16315144 786 16315144
16365846 751 16365846
16392857 838 16392857
16400723 500 16400723
16493796 461 16493796
16516353 833 16516353
16551085 733 16551085
16569220 764 16569220
16598038 831 16598038
16622328 23 16653219
16650418 228 16806633
16801054 600 16936835
16916500 910 16954647
16941388 686 16956844
16975097 322 16975097
16975936 684 17008858
17012180 766 17040322
17039918 568 17052653
17058666 744 17122571
17155319 177 17166424
17166198 605 17209339
17240016 884 17252766
17248797 51 17296722
17371131 36 17399330
17433682 138 17433682
17460439 176 17559618
17485749 110 17630669
17492202 684 17635568
17581247 814 17670893
17611481 957 17686016
17769325 679 17769325
17793989 671 17793989
18043449 349 18043449
18065859 471 18065859
18104462 69 18104462
18160567 300 18160567
18231902 608 18231902
18242627 308 18242627
18254009 697 18254009
18359306 470 18359306
18371736 842 18371736
18410203 473 18410203
18449988 370 18449988
18515981 312 18515981
18517906 527 18517906
18527340 152 18607511
18681206 69 18681206
18717159 875 18717159
18725132 847 18725132
18742925 851 18746624
18799157 984 18799157
18804997 268 18804997
18809649 719 18887404
18810306 816 18923114
18822032 310 18984565
18870615 45 19034324
18940952 999 19039754
19026695 370 19052214
19028811 504 19074117
19052198 800 19106582
19162969 693 19162969
19172532 626 19172532
19178152 319 19199401
19235357 109 19300247
19242288 151 19316110
19310650 818 19360914
19337879 502 19364635
19474307 758 19474307
19501172 713 19501172
19515496 16 19515496
19525401 257 19538387
19642548 880 19642548
19654814 582 19654814
19661320 961 19661320
19677092 939 19677092
19678767 367 19719108
19743940 842 19806493
19763427 232 19946576
19769509 732 19963009
19774320 53 20025513
19833463 39 20027253
19849215 962 20048979
19976411 671 20138572
20023576 784 20159642
20024312 299 20219353
20134120 140 20230985
20171761 655 20235210
20312804 139 20312804
20320021 576 20320021
20340008 766 20340008
20493750 552 20493750
20522377 964 20522377
20537638 213 20537638
20874583 805 20874583
20886422 148 20886422
20912717 30 20912717
20917307 825 20917307
20948108 594 20948108
20995933 388 20995933
21003589 62 21003589
21021556 360 21056844
21056919 917 21064542
21204155 280 21204155
21215708 796 21215708
21224684 209 21224684
21243475 84 21243475
21294562 155 21294562
21294827 759 21294827
21303193 591 21303535
21318416 353 21428072
21321382 785 21518634
21328786 810 21620759
21405371 812 21694218
21527729 903 21738025
21531625 917 21764026
21600299 803 21872894
21627354 29 21917459
21705804 198 21943113
21777128 307 22084750
21796427 803 22114730
21818157 769 22154130
21855512 186 22303084
21911639 367 22317743
21925603 664 22379741
21973877 223 22437740
22012763 822 22471488
22054912 986 22509762
22070081 807 22549883
22116606 860 22551555
22345068 923 22584679
22361990 910 22693015
22395767 355 22765723
22402397 576 22802420
22403754 568 22805917
22425376 59 22878032
22519315 558 22945566
22527788 47 22954088
22535081 991 22962847
22735096 832 22969393
22740336 106 23030998
22746133 766 23036655
22792524 728 23042744
22823878 125 23110500
22845928 110 23122697
22850066 376 23217063
22942607 606 23260212
23059043 968 23314959
23137433 468 23327132
23231853 608 23349360
23353735 388 23389190
23625333 530 23625333
23690980 720 23690980
23719089 89 23719089
23797392 269 23797392
23865168 146 23865168
23884477 536 23884477
23884481 10 23884481
24027948 543 24027948
24084750 983 24084750
24161760 999 24161760
24166528 688 24166528
24192843 128 24192843
24250530 500 24250530
24300268 317 24300268
24352759 211 24352759
24388886 201 24388886
24411740 918 24411740
24433240 606 24433240
24507962 267 24507962
24676785 232 24676785
24724197 210 24724197
24745422 40 24745422
24795065 931 24795065
24852196 369 24852196
24865111 169 24865111
24975293 192 24975293
24996354 685 24996354
25002325 451 25002325
25126966 161 25126966
25242200 692 25242200
25372737 370 25372737
25491367 487 25491367
25567309 171 25567309
25676785 471 25676785
25782230 165 25782230
25816420 248 25816420
25845960 191 25845960
26001562 908 26001562
26066113 630 26066113
26179802 455 26179802
26247578 355 26247578
26273698 47 26273698
26297667 433 26297667
26326210 270 26326210
26346361 224 26346361
26378631 426 26378631
26424753 556 26424753
26483944 809 26483944
26532755 765 26532755
26596389 95 26596389
26667273 803 26667273
26692282 492 26692282
26845849 766 26845849
26872446 467 26872446
26900256 631 26900256
26926537 481 26926537
26977479 343 26977479
27010571 154 27010571
27077102 586 27077102
27138166 659 27138166
27152547 215 27152547
27203928 834 27203928
27274680 219 27274680
27306034 605 27306034
27315719 985 27315719
27344983 88 27344983
27378081 639 27378081
27391423 645 27391423
27399604 918 27399604
27455382 694 27455382
27527302 501 27527302
27648868 78 27648868
27762439 95 27762439
27833630 830 27833630
27835252 357 27835252
27870504 779 27870504
27872083 46 27872083
27950086 783 27950086
27958604 116 27958604
28177123 823 28177123
28194604 165 28194604
28197248 505 28197248
28283704 763 28283704
28293689 371 28293689
28394111 730 28394111
28420949 232 28420949
28542934 99 28542934
28594260 416 28594260
28684788 207 28684788
28732876 83 28732876
28763607 22 28763607
28771329 679 28771329
28877049 223 28877049
28963827 883 28963827
28990316 814 28990316
29016848 64 29016848
29056105 933 29056105
29077153 622 29077153
29144263 263 29144263
29191599 686 29191599
29234630 668 29234630
29249749 773 29249749
29271758 509 29271758
29349110 68 29349110
29360055 175 29360055
29443106 796 29443106
29522490 620 29522490
29554169 701 29554169
29676517 650 29676517
29696890 638 29696890
29739362 138 29739362
29763033 820 29763033
29798881 420 29798881
29817589 812 29817589
29854786 959 29854786
29872043 599 29872043
29951278 998 29951278
30067928 474 30067928
30090173 777 30090173
30097431 453 30097431
30102104 419 30102104
30176633 917 30176633
30196187 423 30196187
30212476 128 30212476
30223013 417 30223013
30277639 90 30277639
30286977 94 30286977
30310258 652 30310258
30403342 425 30403342
30410285 450 30410285
30417662 738 30417662
30436993 497 30436993
30474782 170 30474782
30525264 681 30525264
30678615 713 30678615
30759930 257 30759930
30822662 636 30822662
30825825 403 30825825
30909828 733 30909828
30926968 951 30926968
30983328 103 30983328
31019641 405 31019641
31022187 247 31022187
31107304 493 31107304
31330357 710 31330357
31343364 345 31343364
31373489 413 31373489
31377603 354 31377603
31464669 891 31464669
31491513 459 31491513
31511375 411 31511375
31567606 1000 31567606
31575353 807 31575353
31606649 769 31606649
31685012 756 31685012
31712572 527 31712572
31744189 405 31744189
31809016 43 31809016
31907200 676 31907200
31958288 599 31958288
31989704 221 31989704
32133603 272 32133603
32248999 621 32248999
32282945 451 32282945
32327574 786 32327574
32347484 766 32347484
32452928 187 32452928
32457316 621 32457316
32506774 46 32506774
32531522 518 32531522
32551961 379 32551961
32594305 89 32594305
32604010 558 32604010
32655535 35 32655535
32700312 75 32700312
32766186 966 32766186
32847212 253 32847212
32867598 916 32867598
32966715 582 32966715
33010553 831 33010553
33048139 138 33048139
33101908 34 33101908
33206154 987 33206154
33242574 717 33242574
33276755 719 33276755
33373259 657 33373259
33567157 613 33567157
33588053 509 33588053
33592356 207 33592356
33595120 906 33595120
33667543 788 33667543
33726124 530 33726124
33863107 896 33863107
33868311 169 33868311
33887489 662 33887489
33932778 870 33932778
33950943 639 33950943
34073851 936 34073851
34153134 33 34153134
34161737 39 34161737
34289392 864 34289392
34299021 578 34299021
34393163 661 34393163
34471257 993 34471257
34550034 645 34550034
34627223 192 34627223
34680258 9 34680258
34831243 464 34831243
34833457 294 34833457
34884165 763 34884165
35001489 12 35001489
35086335 129 35086335
35089582 286 35089582
35252225 832 35252225
35297183 33 35297183
35306096 894 35306096
35351777 831 35351777
35385835 17 35385835
35390239 321 35390239
35497969 169 35497969
35547068 756 35547068
35553950 924 35553950
35566721 884 35566721
35566841 121 35566841
35645327 673 35645327
35651135 978 35651135
35694385 904 35694385
35790630 813 35790630
35882250 458 35882250
35891712 190 35891712
35925672 550 35925672
35927837 889 35927837
35963436 327 35963436
35971185 909 35971185
35980918 483 35980918
35981189 826 35981189
36039906 490 36039906
36091661 859 36091661
36099035 487 36099035
36154006 890 36154006
36162532 914 36162532
36227624 672 36227624
36233673 225 36233673
36348266 377 36348266
36357536 704 36357536
36386813 769 36386813
36403915 959 36403915
36513843 795 36513843
36578423 295 36578423
36637591 177 36637591
36641198 83 36641198
36832489 780 36832489
36871428 424 36871428
37036007 794 37036007
37039824 104 37039824
37053736 294 37053736
37106391 682 37106391
37126003 440 37126003
37160908 307 37160908
37287870 110 37287870
37293421 139 37293421
37307490 501 37307490
37378387 936 37378387
37485935 76 37485935
37515552 495 37515552
37544042 748 37544042
37546939 143 37546939
37548160 16 37548160
37555976 17 37555976
37628932 42 37628932
37745421 255 37745421
37836210 282 37836210
37837029 613 37837029
37902205 202 37902205
38054197 400 38054197
38055921 701 38055921
38061020 299 38061020
38158195 533 38158195
38252296 261 38252296
38286993 49 38286993
38308784 738 38308784
38340635 530 38340635
38369692 668 38369692
38410753 59 38410753
38417182 62 38417182
38458469 23 38458469
38507660 659 38507660
38530204 676 38530204
38554058 671 38554058
38574062 754 38574062
38661640 34 38661640
38691602 320 38691602
38776679 346 38776679
38810848 96 38810848
38854565 190 38854565
38933345 279 38933345
38973927 680 38973927
38974468 563 38974468
38975091 273 38975091
38978269 174 38978269
39101860 125 39101860
39119352 948 39119352
39185449 420 39185449
39235400 80 39235400
39307985 423 39307985
39320996 741 39320996
39352016 485 39352016
39446067 467 39446067
39598607 741 39598607
39625061 617 39625061
39757282 859 39757282
39815663 659 39815663
39842958 221 39842958
39855579 180 39855579
39890130 88 39890130
39899946 437 39899946
39936285 53 39936285
39965874 22 39965874
39986842 970 39986842
39992443 339 39992443
39994381 107 39994381
40002065 564 40002065
40090395 267 40090395
40091351 638 40091351
40165007 71 40165007
40246751 853 40246751
40249278 428 40249278
40338473 637 40338473
40372616 197 40372616
40419242 695 40419242
40517196 827 40517196
40593590 855 40593590
40628032 543 40628032
40684168 135 40684168
40733828 258 40733828
40794189 42 40794189
40830179 291 40830179
40857091 84 40857091
40892442 700 40892442
40963815 974 40963815
40973357 13 40973357
40995803 337 40995803
40998537 272 40998537
41103096 171 41103096
41182814 272 41182814
41185502 334 41185502
41293732 178 41293732
41301377 656 41301377
41313795 462 41313795
41442285 182 41442285
41476805 364 41476805
41513429 735 41513429
41582491 430 41582491
41588926 592 41588926
41601936 225 41601936
41609414 640 41609414
41646314 76 41646314
41807615 703 41807615
41890831 854 41890831
41919073 386 41919073
42007223 985 42007223
42026404 990 42026404
42048096 54 42048096
42141825 155 42141825
42189324 97 42189324
42204101 579 42204101
42224267 884 42224267
42253506 438 42253506
42277793 1000 42277793
42285643 406 42285643
42304084 252 42304084
42420970 615 42420970
42436391 443 42436391
42459341 320 42459341
42550866 622 42550866
42599312 915 42599312
42600972 569 42600972
42672415 632 42672415
42681793 503 42681793
42730537 386 42730537
42779236 541 42779236
42831011 707 42831011
42876875 746 42876875
42978808 791 42978808
43057568 589 43057568
43122771 891 43122771
43157670 513 43157670
43175039 722 43175039
43208031 793 43208031
43214274 759 43214274
43215034 266 43215034
43262803 65 43262803
43274380 931 43325931
43298302 180 43503697
43346831 261 43563194
43403144 65 43592865
43426275 945 43623990
43451322 173 43773439
43465922 336 43804178
43472006 134 43846887
43647122 285 43928359
43715762 753 43985805
43796480 8 44005332
43822751 426 44024248
43939713 649 44217364
43970542 28 44274628
43995330 378 44305984
44213801 871 44354595
44221084 388 44410463
44378606 322 44508858
44529316 274 44617191
44585482 906 44654625
44637013 200 44707935
44743436 233 44796062
44770563 240 44812291
44778461 555 44831113
44793914 528 44859819
44855084 367 44861508
44910685 860 44910685
44945559 11 44945559
44986033 134 44986033
45065450 54 45065450
45070801 668 45070801
45121829 334 45121829
45130770 297 45180814
45164236 399 45197145
45182634 466 45212801
45228548 859 45228548
45473334 88 45473334
45621764 827 45621764
45646579 256 45646579
45708615 214 45708615
45750928 453 45750928
45836589 358 45836589
45883682 550 45883682
45949988 597 45949988
46016309 812 46016309
46074661 146 46074661
46086258 500 46086258
46101894 610 46101894
46144340 478 46144340
46433518 629 46433518
46439186 583 46439186
46448592 116 46448592
46570712 910 46570712
46653609 413 46653609
46727681 365 46727681
46790053 48 46790053
46873044 269 46873044
46899936 627 46899936
46912680 497 46912680
46922774 347 46922774
46969495 395 46969495
46969922 765 46969922
46995869 680 46995869
47039951 971 47039951
47069926 217 47069926
47167172 13 47167172
47194711 523 47194711
47201403 541 47201403
47219426 316 47219426
47232100 649 47232100
47237029 892 47237029
47279267 827 47279267
47302847 164 47302847
47314264 429 47314264
47352267 318 47352267
47363751 76 47363751
47406077 615 47406077
47433853 277 47472505
47541720 173 47541720
47554793 213 47574368
47566708 244 47636311
47761970 608 47761970
47767166 295 47767166
47771563 345 47771563
47775364 43 47775364
47780094 455 47780094
47785754 384 47793646
47812117 648 47837020
47850795 257 47850795
47982125 29 47982125
48009369 829 48009369
48130536 710 48130536
48131856 801 48131856
48167221 18 48167221
48257039 774 48257039
48365706 653 48365706
48381021 103 48381021
48432202 98 48432202
48458471 661 48458471
48472868 548 48472868
48563876 169 48563876
48643234 237 48643234
48672093 627 48672093
48783759 873 48783759
48787156 461 48787156
48829031 36 48844590
48887127 819 48887127
48919970 302 48919970
48925209 172 48925209
48952568 540 48952568
48963960 799 48963960
48988350 3 49096482
49008946 460 49099940
49043275 874 49236994
49106123 859 49245400
49155677 736 49307465
49159290 450 49311348
49194565 388 49351634
49200017 137 49384127
49354572 607 49454177
49406406 434 49493503
49462681 666 49532509
49479436 845 49641022
49525371 406 49669564
49574049 782 49719941
49648571 590 49767514
49667478 807 49817211
49759170 135 49894975
49860625 986 49944334
49949550 889 49953946
