1000 999
552 704 1
714 791 0
662 601 0
370 52 7
756 881 16
434 593 9
788 905 18
93 737 8
196 130 3
261 216 0
6 441 6
534 817 16
737 173 14
344 34 20
416 60 7
639 186 7
835 797 12
446 19 13
583 806 20
143 814 11
534 672 11
262 496 16
75 49 8
799 531 14
795 743 8
46 658 9
628 875 8
858 765 18
698 962 5
988 92 20
356 904 9
284 635 7
130 575 17
113 792 18
129 604 16
602 749 1
432 307 8
8 89 4
506 334 17
700 684 16
886 627 10
380 137 1
101 400 14
11 712 2
785 428 0
546 219 18
31 856 2
126 531 9
829 912 7
90 836 6
288 213 7
700 106 3
511 682 2
8 434 10
37 105 5
41 77 16
812 79 16
794 940 8
483 382 5
666 852 8
863 660 13
343 867 2
245 246 12
196 403 13
464 465 9
628 800 3
923 104 2
118 424 0
621 117 6
263 970 17
495 556 19
594 68 5
752 131 16
179 342 15
365 484 11
803 186 17
639 707 11
763 226 10
427 438 13
368 726 0
168 793 8
705 857 1
727 297 10
579 972 19
894 60 1
442 22 1
401 140 3
951 168 13
943 950 9
433 484 15
34 623 13
692 146 12
673 727 12
546 255 8
751 29 17
566 865 9
562 311 19
321 270 4
31 303 9
715 96 7
318 833 7
660 216 12
128 99 11
357 523 14
678 729 14
267 968 14
687 918 14
624 352 10
498 810 18
933 615 6
308 780 10
512 760 0
838 682 10
273 317 1
961 615 16
320 265 8
796 632 2
497 421 3
307 686 18
36 4 12
260 290 17
991 67 15
981 987 15
847 77 16
808 613 17
160 57 8
63 388 12
23 377 14
540 594 11
675 45 17
798 44 17
482 944 2
963 816 20
813 484 11
229 89 12
920 688 8
449 629 3
106 525 17
437 718 17
998 68 19
517 316 14
745 326 4
52 359 18
1 492 15
966 686 4
585 544 20
150 953 17
692 964 11
716 876 1
196 994 9
182 500 15
369 872 15
94 916 5
603 568 18
62 230 4
239 894 15
593 371 1
508 23 7
738 341 17
131 398 12
202 846 19
730 995 9
805 473 8
513 621 1
584 409 14
32 589 1
582 102 8
750 694 3
105 823 17
137 208 5
298 153 19
620 117 17
459 962 0
731 879 10
884 384 14
637 558 14
307 736 6
55 981 14
75 297 1
501 613 13
631 27 13
577 83 0
934 40 8
419 481 7
971 914 10
628 522 10
873 385 5
154 572 19
204 643 15
1000 918 16
185 372 13
712 642 18
109 890 9
833 195 10
903 68 19
476 196 11
591 693 16
503 975 18
468 581 1
107 564 15
782 915 15
921 440 9
577 995 2
101 183 20
271 43 14
948 293 5
207 37 6
659 696 8
763 105 1
10 88 16
845 656 16
880 410 11
44 186 11
865 537 9
864 967 5
271 72 3
760 481 6
467 818 10
787 936 4
776 526 18
121 869 12
151 351 5
482 395 12
84 861 13
942 685 17
397 204 15
8 917 7
155 564 9
987 651 3
126 820 5
25 894 10
25 172 3
597 128 14
136 972 8
786 992 4
597 359 8
958 456 8
362 148 19
475 417 3
638 717 13
13 258 10
123 529 5
896 528 2
87 560 7
606 502 4
789 697 5
763 676 7
595 875 1
836 633 16
392 189 0
521 120 10
877 415 18
609 790 1
25 647 4
388 127 2
842 538 8
245 163 0
534 532 20
241 641 1
816 612 11
167 66 0
123 955 18
277 267 8
38 429 9
500 628 0
551 489 5
275 261 14
619 292 6
815 574 7
221 379 10
393 190 12
593 187 9
379 69 3
664 270 3
739 792 2
561 429 14
1000 908 0
809 827 5
686 956 9
740 579 5
541 463 2
542 280 18
438 103 17
505 730 10
643 979 2
371 679 15
297 793 14
269 656 7
748 279 15
422 828 8
752 530 17
285 117 18
156 918 10
418 111 9
108 259 1
560 328 0
811 50 12
521 191 10
10 940 6
381 249 18
241 499 5
136 848 5
528 173 18
907 657 3
537 886 13
5 640 15
518 336 5
862 230 3
39 908 2
47 742 3
598 809 17
269 472 18
914 874 20
452 348 14
614 489 11
941 807 0
437 979 16
139 573 8
194 655 18
515 117 17
860 640 16
648 94 17
644 706 5
524 411 15
646 941 0
774 607 14
956 127 2
881 241 20
488 329 7
433 952 8
678 841 3
425 435 11
579 256 10
170 80 9
217 355 20
444 271 14
582 669 16
510 345 3
452 744 15
670 112 7
366 994 1
445 186 0
351 504 19
815 33 15
901 56 13
779 624 2
834 965 0
447 926 5
327 854 13
361 817 17
233 952 9
953 237 1
264 17 8
652 990 8
929 472 1
211 950 8
337 941 3
513 314 3
877 389 16
805 669 20
918 527 8
393 51 14
287 862 5
900 302 17
983 411 5
95 80 5
733 680 14
404 604 2
192 936 16
968 300 1
990 592 16
406 804 11
536 119 12
58 948 1
323 375 3
788 327 17
953 806 12
693 447 9
840 96 18
975 374 15
399 1 10
665 100 20
473 581 2
909 405 8
570 501 11
841 843 5
197 925 19
547 219 2
301 643 10
210 167 8
105 322 5
737 341 18
988 208 14
387 719 0
929 998 13
831 824 12
878 604 13
465 585 15
940 696 17
272 921 13
548 536 15
874 633 6
3 65 16
898 125 13
657 845 1
266 577 20
272 349 13
474 171 20
809 431 6
268 253 0
353 412 12
43 144 14
984 641 9
758 739 8
977 550 11
849 730 5
713 248 20
245 109 2
993 783 9
58 722 3
313 415 9
25 53 13
959 353 20
843 224 1
568 882 15
188 82 3
968 954 16
892 25 13
622 101 1
112 22 0
799 131 5
480 155 6
66 346 3
209 233 5
319 22 17
932 364 12
376 533 3
94 854 10
450 654 0
1 423 7
315 85 6
259 198 15
616 84 5
999 954 15
788 733 5
981 134 8
850 323 1
309 834 1
47 263 5
968 919 17
651 347 5
625 939 5
866 783 16
650 827 6
258 547 5
830 244 16
987 500 15
334 425 4
589 157 13
429 864 6
289 498 17
757 451 7
808 164 17
753 887 4
51 603 16
295 599 7
937 949 8
632 572 4
810 998 4
741 456 6
631 36 16
997 158 11
961 383 14
691 57 20
602 132 1
483 939 3
781 159 10
181 473 9
177 37 1
312 67 2
605 248 14
236 278 11
524 454 6
424 928 14
472 634 17
519 560 6
775 356 6
469 754 19
204 235 19
274 66 16
810 677 5
387 726 16
372 654 8
170 897 16
656 563 18
750 492 3
947 487 19
892 595 10
931 24 6
804 497 9
630 471 9
595 160 19
706 973 2
495 393 0
611 849 10
112 709 12
232 620 0
133 453 4
996 913 13
695 648 5
144 571 2
236 115 14
609 604 11
778 567 3
621 227 16
91 23 19
358 530 19
982 386 8
782 535 7
826 89 11
343 218 0
738 747 19
825 613 5
342 61 10
356 969 16
36 893 16
893 568 13
665 666 18
281 532 5
213 389 0
553 28 6
319 54 1
303 181 15
175 16 4
35 138 15
294 737 20
502 515 20
76 478 2
212 716 19
7 304 0
40 690 18
765 49 19
434 174 1
649 742 3
699 719 14
419 685 9
48 494 3
643 348 13
934 411 16
691 362 18
705 147 7
893 201 1
408 812 13
235 945 3
405 859 13
244 116 4
296 572 17
526 270 20
21 396 11
331 822 14
586 19 5
623 688 14
803 295 13
554 118 19
869 237 6
432 114 5
886 326 12
899 48 16
851 342 6
887 452 13
638 325 20
587 560 13
216 520 7
567 9 12
935 439 19
431 383 4
613 555 20
420 455 1
205 903 14
31 32 6
387 181 9
551 353 16
274 485 8
944 937 4
483 223 12
161 605 2
182 872 8
789 683 3
402 26 7
725 427 18
156 121 9
930 73 19
405 96 11
354 740 6
422 320 10
801 825 7
469 533 6
578 466 1
236 503 16
856 479 6
172 801 18
552 385 4
870 936 8
97 921 9
197 569 7
402 723 0
908 832 18
108 665 10
761 302 15
667 556 8
166 747 0
507 462 11
829 247 15
42 257 17
324 202 20
721 886 17
578 565 7
986 4 8
347 491 3
869 407 18
999 342 15
593 844 16
625 54 19
450 488 5
361 922 3
413 541 14
78 989 1
789 771 6
792 450 18
697 923 16
992 200 10
42 663 16
203 813 1
925 120 10
760 873 12
283 227 15
85 77 2
978 889 13
911 573 8
992 387 18
952 802 2
553 506 10
939 453 5
986 291 20
546 382 13
551 824 3
829 525 18
836 711 16
465 12 20
234 362 20
140 748 2
428 376 14
477 872 4
662 690 12
762 143 20
799 268 18
436 532 17
605 674 11
580 521 20
361 2 13
233 210 0
689 210 15
230 529 13
538 518 5
887 857 6
871 576 13
313 701 11
50 624 7
966 74 1
734 838 17
830 564 1
339 912 2
199 100 13
771 587 18
224 222 6
879 894 8
596 801 12
519 440 11
407 324 10
821 384 8
510 987 8
792 243 17
351 570 8
153 455 12
220 982 3
252 361 15
14 585 6
422 964 14
92 990 8
669 426 7
189 181 11
278 416 14
575 229 6
957 7 1
822 524 12
345 769 2
384 142 15
86 742 12
940 61 6
977 785 19
447 332 1
299 16 19
731 264 9
126 430 3
75 762 7
875 627 0
475 453 13
20 525 6
726 101 7
7 117 6
865 841 16
360 967 17
578 588 6
766 311 2
310 509 2
439 923 6
976 403 2
5 408 2
350 660 11
141 126 9
333 375 9
703 341 14
927 858 17
507 63 5
600 722 17
476 782 12
24 200 14
399 574 11
443 767 14
188 895 0
242 901 11
574 653 8
15 352 17
144 66 15
639 80 2
593 555 10
821 807 15
41 605 8
980 485 20
346 110 19
529 710 8
13 835 15
221 569 16
378 591 13
245 865 18
467 645 9
833 749 18
428 557 1
691 748 14
240 294 11
251 945 12
692 238 20
280 634 18
146 943 0
314 868 13
899 425 19
494 81 18
888 493 15
902 618 2
355 442 9
746 424 10
835 578 16
135 248 5
955 306 6
18 930 9
552 657 12
174 768 3
192 773 3
91 354 4
980 735 11
987 764 10
260 93 10
724 275 5
449 755 6
305 824 19
563 302 0
76 180 1
548 504 3
802 330 19
618 584 3
831 207 14
714 610 18
42 791 0
402 650 2
425 601 1
693 993 2
959 339 14
215 477 6
668 71 6
39 357 8
561 764 7
286 643 14
774 516 8
924 379 6
616 312 6
977 702 16
512 394 20
254 366 7
112 984 12
131 627 6
626 486 19
732 319 3
64 294 8
59 105 13
784 389 12
316 245 5
274 111 6
520 264 4
557 490 17
225 901 14
150 742 3
145 734 8
971 431 19
833 936 15
448 343 16
335 51 1
175 561 3
962 680 16
749 819 3
340 171 7
837 180 17
616 149 12
832 461 18
83 545 19
681 320 17
934 706 1
554 193 5
24 474 9
276 405 18
861 165 1
713 876 19
178 129 17
590 535 10
294 661 12
778 941 5
917 353 5
527 122 11
71 740 2
844 649 9
113 228 15
340 617 18
770 437 0
690 780 3
888 390 20
206 458 16
895 781 12
139 987 1
260 874 7
70 903 19
906 93 18
927 620 13
956 712 6
73 132 8
937 367 13
888 161 14
158 792 2
887 891 1
433 29 19
446 830 20
465 844 8
203 304 13
637 496 0
795 473 10
334 831 4
708 369 20
410 624 6
309 618 2
206 802 9
394 1 19
70 857 12
311 127 14
457 503 13
42 30 10
152 657 7
948 945 15
429 902 9
114 433 7
953 692 2
417 747 11
65 1 8
909 652 0
169 937 16
368 124 9
949 28 12
56 310 16
95 853 20
608 252 11
152 77 5
558 703 3
889 640 19
391 709 14
996 752 16
486 8 14
263 958 17
498 259 8
363 559 11
901 671 9
999 589 20
441 69 18
184 572 18
725 434 7
636 654 16
833 248 9
539 155 7
264 759 12
141 18 10
543 879 13
24 777 12
732 616 18
844 194 7
541 781 6
640 908 1
746 503 6
631 459 8
958 176 9
778 338 7
867 99 4
533 91 11
584 300 9
883 404 17
960 925 17
710 487 11
936 767 15
357 883 5
792 460 2
284 989 1
321 569 9
438 995 16
832 591 9
619 602 18
638 762 3
180 926 16
450 104 7
62 421 8
241 772 3
620 578 19
146 82 2
511 488 9
549 54 15
645 383 12
760 974 6
696 225 4
626 415 6
939 920 4
201 162 3
405 523 0
835 629 7
64 576 18
946 531 19
110 885 10
562 514 7
610 707 4
773 807 11
728 215 3
524 273 4
985 811 18
575 35 13
932 335 10
516 584 8
324 98 16
249 217 15
929 363 14
964 284 19
366 855 13
985 125 14
757 934 14
866 214 16
816 760 8
675 614 18
129 95 5
184 699 7
220 341 4
992 740 20
224 624 12
46 306 19
775 510 16
873 107 4
944 396 4
427 231 18
924 380 9
414 402 2
856 455 19
757 448 5
758 974 3
11 470 17
322 910 2
250 569 1
915 393 15
336 443 14
597 938 10
654 436 12
963 471 4
611 839 14
101 961 0
818 373 15
500 850 11
819 282 12
370 720 16
658 633 19
1000
27639 887 27639
30242 453 30242
46121 304 46121
48669 710 48669
50996 522 50996
51266 994 51266
76460 207 76460
82634 977 82634
83318 687 83318
88986 921 88986
89638 311 89638
130075 243 130075
150677 778 150677
152570 706 152570
158254 12 158254
185356 182 185356
207003 876 207003
220120 545 220120
223293 316 223293
241697 927 241697
249795 654 249795
261309 709 261309
278949 876 278949
295916 51 295916
299874 937 299874
300659 309 300659
300971 372 300971
320047 722 320047
328016 635 328016
339166 182 339166
340640 236 340640
342523 379 342523
346620 342 346620
350198 385 350198
370890 867 370890
378198 704 378198
399159 472 399159
399223 765 399223
414333 95 414333
423483 686 423483
425602 196 425602
430920 581 430920
436441 526 436441
446427 991 446427
480173 769 480173
487164 293 487164
489937 962 489937
491703 752 491703
508817 843 508817
513819 441 513819
539891 843 539891
540067 54 540067
553822 96 553822
609862 856 609862
612511 889 612511
619882 316 619882
622910 680 622910
624439 960 624439
631012 979 631012
634888 694 634888
634901 942 634901
635063 114 635063
648631 61 648631
650213 866 650213
657850 514 657850
664336 979 664336
665186 227 665186
675623 782 675623
707669 678 707669
723180 802 723180
724604 276 724604
730819 950 730819
734144 160 734144
737789 829 737789
750973 479 750973
753414 308 753414
759781 447 759781
773077 64 773077
775412 496 775412
798084 8 798084
798133 484 798133
812029 530 812029
835436 746 835436
847776 21 847776
850891 839 850891
858309 33 858309
863875 742 863875
870502 842 870502
876013 658 876013
891142 101 891142
903908 620 903908
972890 126 972890
975124 400 975124
997252 923 997252
998450 128 998450
1004347 833 1004347
1012634 161 1012634
1019982 330 1019982
1033781 737 1033781
1041877 653 1041877
1056044 189 1056044
1061798 526 1061798
1083852 809 1083852
1088358 858 1088358
1108577 323 1108577
1113522 90 1113522
1122952 365 1122952
1135707 19 1135707
1144724 358 1144724
1151928 619 1151928
1155082 971 1155082
1160741 158 1160741
1161671 684 1161671
1164305 895 1164305
1168391 143 1168391
1177255 988 1177255
1181469 419 1181469
1187335 313 1187335
1208125 554 1208125
1242390 186 1242390
1246546 229 1246546
1259177 245 1259177
1260874 925 1260874
1263649 79 1263649
1278058 559 1278058
1289932 853 1289932
1310030 834 1310030
1318240 589 1318240
1348934 478 1348934
1349755 297 1349755
1357023 222 1357023
1365743 157 1365743
1368066 847 1368066
1392792 454 1392792
1405532 743 1405532
1416684 932 1416684
1463189 682 1463189
1482428 511 1482428
1488863 289 1488863
1495342 106 1495342
1520170 167 1520170
1544741 715 1544741
1552389 404 1552389
1556982 562 1556982
1562675 610 1562675
1562696 691 1562696
1562815 695 1562815
1578262 808 1578262
1609768 302 1609768
1616965 198 1616965
1623453 781 1623453
1641390 629 1641390
1641975 84 1641975
1665124 64 1665124
1667737 613 1667737
1683601 677 1683601
1690316 721 1690316
1743492 473 1743492
1745416 702 1745416
1759343 579 1759343
1790573 664 1790573
1801562 999 1801562
1827087 369 1827087
1843323 332 1843323
1844688 510 1844688
1845120 312 1845120
1855697 3 1855697
1912274 904 1912274
1915791 733 1915791
1917234 355 1917234
1923342 777 1923342
1924369 310 1924369
1935657 883 1935657
1965577 211 1965577
1976823 657 1976823
1979377 144 1979377
1981431 295 1981431
2005414 100 2005414
2007804 786 2007804
2033859 265 2033859
2044102 532 2044102
2048853 965 2048853
2049128 655 2049128
2056132 919 2056132
2059489 97 2059489
2067470 807 2067470
2070757 294 2070757
2108876 888 2108876
2116434 167 2116434
2120176 215 2120176
2128007 237 2128007
2139950 861 2139950
2144113 219 2144113
2148691 4 2148691
2150413 609 2150413
2167322 477 2167322
2170550 633 2170550
2174183 405 2174183
2182481 628 2182481
2195567 199 2195567
2216399 527 2216399
2230254 113 2230254
2246598 716 2246598
2263755 627 2263755
2264381 391 2264381
2268991 641 2268991
2269265 593 2269265
2281727 309 2281727
2285208 263 2285208
2285327 378 2285327
2285747 858 2285747
2326658 62 2326658
2328255 82 2328255
2334760 638 2334760
2345157 709 2345157
2378610 403 2378610
2387108 235 2387108
2392238 112 2392238
2402934 886 2402934
2408707 334 2408707
2413602 232 2413602
2414357 466 2414357
2435557 318 2435557
2452070 512 2452070
2474858 683 2474858
2483947 908 2483947
2488439 572 2488439
2504890 314 2504890
2508678 395 2508678
2520011 133 2520011
2520052 152 2520052
2526941 591 2526941
2535685 776 2535685
2547733 707 2547733
2559696 896 2559696
2560794 882 2560794
2570385 827 2570385
2576047 389 2576047
2591204 580 2591204
2593267 391 2593267
2594273 775 2594273
2603034 528 2603034
2638388 681 2638388
2652156 419 2652156
2655920 63 2655920
2673981 56 2673981
2676865 222 2676865
2679150 628 2679150
2700733 126 2700733
2705855 677 2705855
2719493 332 2719493
2723298 371 2723298
2729584 707 2729584
2732344 884 2732344
2736243 873 2736243
2746864 563 2746864
2776510 278 2776510
2777237 651 2777237
2784247 979 2784247
2800826 414 2800826
2806303 239 2806303
2811283 562 2811283
2830196 726 2830196
2834996 557 2834996
2872264 30 2872264
2873348 732 2873348
2874249 61 2874249
2887494 211 2887494
2903285 585 2903285
2907055 96 2907055
2907844 320 2907844
2930739 656 2930739
2934090 939 2934090
2939621 529 2939621
2977028 985 2977028
2984273 79 2984273
2984454 441 2984454
2987711 229 2987711
2992409 235 2992409
3002971 963 3002971
3015693 219 3015693
3024237 133 3024237
3038391 567 3038391
3041126 904 3041126
3042053 410 3042053
3049346 64 3049346
3067305 353 3067305
3067754 348 3067754
3076391 647 3076391
3103847 35 3103847
3117569 471 3117569
3119857 671 3119857
3125137 404 3125137
3132432 879 3132432
3153917 243 3153917
3176488 337 3176488
3176751 779 3176751
3189734 121 3189734
3195260 178 3195260
3196115 441 3196115
3197876 314 3197876
3198151 338 3198151
3226001 176 3226001
3226186 945 3226186
3236621 712 3236621
3246018 746 3246018
3297788 764 3297788
3298668 514 3298668
3307589 121 3307589
3321101 793 3321101
3326168 465 3326168
3330481 635 3330481
3336967 870 3336967
3353609 858 3353609
3355276 587 3355276
3367507 868 3367507
3373946 897 3373946
3376769 420 3376769
3380292 354 3380292
3391741 436 3391741
3401409 571 3401409
3405320 284 3405320
3412197 536 3412197
3417183 305 3417183
3425473 137 3425473
3452146 228 3452146
3454036 471 3454036
3458559 417 3458559
3474520 555 3474520
3475827 163 3475827
3476210 561 3476210
3482549 242 3482549
3485443 840 3485443
3496982 714 3496982
3497260 344 3497260
3509882 874 3509882
3539573 871 3539573
3545132 562 3545132
3550104 644 3550104
3558981 587 3558981
3595996 158 3595996
3597318 329 3597318
3608505 80 3608505
3609780 743 3609780
3617598 577 3617598
3626999 29 3626999
3629247 235 3629247
3640951 702 3640951
3664584 360 3664584
3670594 179 3670594
3673784 828 3673784
3685889 695 3685889
3688072 362 3688072
3706743 724 3706743
3712550 708 3712550
3729471 446 3729471
3755137 614 3755137
3756127 3 3756127
3756998 313 3756998
3758550 731 3758550
3762606 752 3762606
3765570 514 3765570
3781666 537 3781666
3786582 613 3786582
3796918 195 3796918
3803978 916 3803978
3806034 399 3806034
3812814 816 3812814
3818694 243 3818694
3830720 397 3830720
3835689 158 3835689
3864450 40 3864450
3865885 971 3865885
3886286 1000 3886286
3893302 563 3893302
3896751 748 3896751
3909916 995 3909916
3925914 543 3925914
3930799 650 3930799
3935918 290 3935918
3939123 523 3939123
3944006 849 3944006
3945738 123 3945738
3966929 541 3966929
3970084 68 3970084
4007121 985 4007121
4015708 907 4015708
4019282 989 4019282
4035605 574 4035605
4037053 262 4037053
4043557 242 4043557
4044335 898 4044335
4053444 383 4053444
4062177 861 4062177
4063406 516 4063406
4065206 912 4065206
4066402 82 4066402
4069013 864 4069013
4091220 350 4091220
4111231 286 4111231
4116596 34 4116596
4128650 260 4128650
4129629 312 4129629
4133216 603 4133216
4140508 286 4140508
4142322 511 4142322
4145685 413 4145685
4152544 918 4152544
4160609 525 4160609
4169365 16 4169365
4204854 475 4204854
4205756 923 4205756
4226158 138 4226158
4226176 498 4226176
4233370 691 4233370
4261677 19 4261677
4263271 257 4263271
4277911 219 4277911
4285444 489 4285444
4288974 623 4288974
4294671 375 4294671
4297217 343 4297217
4323265 358 4323265
4333941 647 4333941
4337708 84 4337708
4347271 240 4347271
4353957 967 4353957
4358600 757 4358600
4358777 896 4358777
4362469 702 4362469
4364502 923 4364502
4366305 67 4366305
4367782 98 4367782
4380624 856 4380624
4432895 618 4432895
4450459 150 4450459
4461846 233 4461846
4477442 593 4477442
4489360 755 4489360
4499923 108 4499923
4506650 771 4506650
4518034 869 4518034
4519985 488 4519985
4549844 765 4549844
4550753 249 4550753
4563593 716 4563593
4571625 495 4571625
4583644 3 4583644
4585238 723 4585238
4602142 812 4602142
4612377 230 4612377
4630924 279 4630924
4634617 783 4634617
4640965 14 4640965
4646180 420 4646180
4648739 596 4648739
4652196 426 4652196
4654479 970 4654479
4671782 871 4671782
4678508 387 4678508
4712819 617 4712819
4736356 836 4736356
4750499 961 4750499
4757555 395 4757555
4763331 930 4763331
4806344 368 4806344
4815190 64 4815190
4827292 151 4827292
4844176 499 4844176
4864895 568 4864895
4868264 9 4868264
4870053 703 4870053
4875018 788 4875018
4882889 944 4882889
4883205 117 4883205
4884111 4 4884111
4893109 399 4893109
4899657 745 4899657
4902846 131 4902846
4912884 184 4912884
4917467 491 4917467
4927461 304 4927461
4931600 636 4931600
4943845 269 4943845
4943908 504 4943908
5018326 63 5018326
5029454 117 5029454
5042039 896 5042039
5046366 128 5046366
5075848 842 5075848
5082832 720 5082832
5082901 535 5082901
5083277 684 5083277
5088477 241 5088477
5089116 266 5089116
5090893 556 5090893
5098954 538 5098954
5100072 176 5100072
5115114 902 5115114
5115774 20 5115774
5124629 338 5124629
5126844 518 5126844
5159113 803 5159113
5167402 937 5167402
5168979 294 5168979
5181220 752 5181220
5183734 454 5183734
5193605 957 5193605
5214215 765 5214215
5214784 359 5214784
5216236 371 5216236
5221236 21 5221236
5222532 329 5222532
5223711 402 5223711
5239566 160 5239566
5270282 190 5270282
5284471 457 5284471
5296313 526 5296313
5297116 329 5297116
5313583 118 5313583
5328629 48 5328629
5328671 737 5328671
5336429 891 5336429
5336509 529 5336509
5363323 354 5363323
5367311 982 5367311
5369984 42 5369984
5394513 109 5394513
5399746 72 5399746
5430282 477 5430282
5437175 476 5437175
5439207 532 5439207
5442841 569 5442841
5442952 633 5442952
5449025 170 5449025
5450449 922 5450449
5452139 166 5452139
5462370 971 5463344
5463558 258 5467518
5473375 627 5487594
5480701 557 5516444
5488810 693 5535639
5499131 570 5535648
5509369 540 5542354
5515464 746 5542876
5530165 437 5554212
5533828 843 5574481
5543364 818 5593060
5550253 786 5594321
5556417 710 5622536
5570677 241 5630468
5571787 704 5630546
5575496 130 5660767
5593490 502 5663300
5593971 553 5663335
5599788 370 5668065
5610704 350 5678895
5617130 983 5687502
5632623 62 5689773
5641504 382 5699919
5642885 495 5715182
5649826 380 5723137
5661102 357 5725977
5680978 908 5730479
5684254 374 5733718
5685627 981 5743038
5685670 168 5748997
5688363 815 5751467
5705605 693 5761820
5714286 848 5767685
5726186 460 5768909
5746503 463 5770424
5754125 73 5789006
5772249 617 5790724
5779909 56 5808510
5800252 526 5813921
5807097 632 5850255
5811803 154 5857414
5825652 763 5869367
5841135 190 5882827
5842051 474 5901329
5851993 831 5913700
5859158 255 5921998
5865814 578 5948006
5868221 169 5959098
5893233 338 5962465
5910564 814 5966046
5912088 194 5975199
5912898 897 6002697
5959647 700 6020729
5975077 387 6036744
6001272 410 6049330
6005294 705 6057905
6023955 172 6120447
6024677 683 6128018
6035033 83 6130601
6066843 474 6146072
6076341 795 6173343
6081473 641 6176943
6081809 104 6177506
6100881 550 6194136
6106352 629 6194529
6128019 532 6204460
6128951 171 6208411
6132850 582 6212252
6134754 114 6233601
6136405 670 6244120
6142585 574 6244830
6147860 555 6250872
6167740 226 6263022
6193305 369 6265376
6199423 176 6278577
6218656 544 6285326
6222639 493 6286569
6233157 432 6287925
6256672 647 6302121
6261086 140 6317768
6298088 183 6325227
6305249 901 6336447
6311560 918 6337733
6327834 746 6364798
6335279 556 6381843
6369913 745 6382111
6371274 797 6404246
6376721 199 6404405
6397326 772 6414006
6411330 556 6414281
6412895 22 6418241
6423275 388 6423275
6449294 424 6449294
6453949 600 6453949
6464871 681 6464871
6475201 202 6475201
6481522 591 6481522
6482330 404 6482330
6487881 852 6487881
6497499 37 6497499
6499374 90 6499374
6509405 925 6509405
6516965 215 6516965
6517829 223 6517829
6517946 463 6517946
6520218 597 6520218
6522392 721 6522392
6531429 341 6531429
6534455 996 6534455
6537474 602 6537474
6587463 666 6587463
6624684 651 6624684
6626751 366 6626751
6628307 130 6628307
6657816 629 6657816
6662379 731 6662379
6672672 707 6672672
6675580 414 6675580
6681507 880 6681507
6683075 708 6683075
6685637 707 6685637
6691317 852 6691317
6694229 864 6694229
6709080 606 6709080
6711343 358 6711343
6711368 407 6711368
6718234 177 6718234
6728077 463 6728077
6728834 269 6728834
6742372 342 6742372
6752420 116 6752420
6770879 619 6770879
6777591 522 6777591
6779360 382 6779360
6779531 327 6779531
6782900 287 6782900
6785331 643 6785331
6786367 377 6792261
6796152 510 6799679
6805554 346 6805554
6810421 269 6816586
6811914 508 6817005
6812007 755 6826311
6836481 47 6836481
6855717 306 6855717
6861308 685 6861308
6864852 885 6864852
6868201 259 6868201
6870543 804 6870543
6871332 357 6871332
6876951 314 6896822
6878328 676 6897560
6883666 171 6909040
6886164 511 6923101
6894417 351 6962945
6917023 99 7003458
6927059 592 7007931
6929645 131 7013415
6943475 683 7015875
6948623 569 7021096
6950856 46 7022682
6959510 60 7024053
6963962 193 7033367
6964951 231 7038792
6997943 817 7039054
7013065 672 7062196
7017178 941 7064234
7038182 656 7073529
7046436 624 7075470
7060837 265 7077827
7079244 544 7080807
7079810 614 7102745
7094238 625 7132328
7094531 987 7147488
7102024 962 7149584
7117923 175 7164376
7119562 606 7171567
7120481 734 7176078
7130215 202 7185705
7145572 626 7189241
7162680 975 7191166
7183170 518 7205793
7194433 272 7206143
7198448 144 7208849
7262303 832 7262303
7262542 414 7262542
7272133 826 7272133
7275524 889 7275524
7278944 765 7278944
7281620 165 7281620
7292311 325 7292311
7295542 538 7300009
7298343 128 7300377
7304724 666 7310775
7334015 428 7334015
7356214 799 7356214
7361499 999 7361499
7370211 68 7370211
7374125 432 7374125
7377951 819 7378060
7397538 878 7397538
7409149 370 7409149
7416779 43 7416779
7417039 797 7419045
7418197 182 7425225
7430816 163 7438436
7447108 2 7451900
7474294 687 7474294
7476219 16 7476219
7478741 212 7478741
7507123 168 7507123
7512621 555 7512621
7519426 31 7519426
7527892 210 7530576
7548541 511 7548541
7557162 145 7559358
7595493 367 7595493
7600392 449 7600392
7613034 392 7613034
7613159 509 7613159
7613712 80 7613712
7639100 169 7639100
7674319 307 7674319
7687522 463 7687522
7694606 527 7694606
7707376 610 7707376
7708653 882 7708653
7720207 770 7720207
7749972 339 7749972
7752117 433 7752117
7764121 228 7764121
7771761 606 7771761
7772010 810 7772010
7806503 622 7806503
7809121 280 7809121
7815805 745 7815805
7819853 736 7819853
7824979 343 7824979
7838042 963 7838042
7846100 592 7846100
7853644 2 7853644
7855533 66 7855533
7866812 828 7866812
7873691 144 7873691
7875328 871 7875328
7878300 278 7878300
7890110 63 7890110
7895665 971 7895665
7897744 578 7897744
7911943 997 7911943
7920002 914 7920002
7922347 526 7922347
7940301 453 7940301
7951325 553 7951325
7955346 116 7955346
8013751 982 8013751
8020763 455 8020763
8026562 94 8026562
8035562 52 8035562
8039063 740 8039063
8044757 691 8044757
8056603 708 8056603
8108098 831 8108098
8116840 574 8116840
8120171 72 8120171
8120384 829 8120384
8124852 934 8124852
8128121 798 8128121
8159637 648 8159637
8162381 417 8162381
8174381 840 8174381
8176794 602 8176794
8189250 872 8189250
8205575 625 8205575
8228498 806 8228498
8235200 82 8235200
8252035 724 8252035
8259996 319 8259996
8276657 463 8276657
8299779 10 8299779
8335083 998 8335083
8351183 236 8351183
8353204 89 8353204
8356455 634 8356455
8367754 368 8367754
8388256 423 8388256
8390840 40 8390840
8398451 306 8398451
8398530 98 8398530
8399574 123 8399574
8418931 153 8418931
8425540 880 8425540
8434572 166 8434572
8454626 903 8454626
8465193 476 8465193
8477965 930 8477965
8477996 679 8477996
8494126 928 8494126
8498248 963 8498248
8505071 42 8505071
8527890 9 8527890
8539395 698 8539395
8545345 477 8545345
8574053 610 8574053
8585674 287 8585674
8589097 510 8589097
8601131 699 8601131
8613447 752 8613447
8627884 369 8627884
8629105 555 8629105
8642967 471 8642967
8647080 924 8647080
8648228 644 8648228
8663597 680 8663597
8682837 52 8682837
8691811 182 8691811
8701119 59 8701119
8711088 997 8711088
8729242 526 8729242
8732557 261 8732557
8742085 78 8742085
8751419 629 8751419
8753042 3 8753042
8761029 526 8761029
8762184 983 8762184
8763740 532 8763740
8770558 853 8770558
8774795 911 8774795
8777758 450 8777758
8780039 700 8780039
8805326 974 8805326
8812647 86 8812647
8817030 619 8817030
8829596 403 8829596
8833536 705 8833536
8834285 245 8834285
8837630 948 8837630
8844835 149 8844835
8845227 335 8845227
8846082 763 8848289
8856985 183 8858620
8879010 323 8879010
8882722 133 8884187
8883082 392 8891155
8890319 594 8893901
8898247 542 8909788
8898682 285 8920578
8912562 413 8925965
8915470 832 8929161
8919142 23 8931611
8925055 117 8946883
8926720 836 8959101
8944324 647 8962295
8958054 49 8964920
8976316 857 8998151
9007035 273 9007035
9014398 573 9014398
9045962 789 9045962
9061058 716 9061058
9061359 621 9061359
9064723 849 9064723
9074293 33 9074293
9105922 787 9105922
9126679 368 9126679
9132193 407 9132193
9138507 233 9138507
9163471 917 9163471
9163813 918 9163813
9170964 919 9170964
9178800 993 9178800
9183401 734 9183401
9185313 951 9185313
9191196 547 9191196
9196186 699 9196186
9198716 719 9198716
9204499 306 9204499
9209591 816 9209591
9214101 784 9214101
9222744 962 9222744
9224888 36 9224888
9231990 606 9231990
9236181 626 9236181
9237063 97 9237063
9251264 553 9251264
9281949 679 9281949
9289806 341 9289806
9290011 387 9290011
9297294 955 9297294
9306364 915 9306364
9320445 890 9320445
9323368 772 9323368
9326659 194 9326659
9343434 350 9343434
9361764 963 9361764
9405375 519 9405375
9411224 587 9411224
9436909 650 9436909
9446083 496 9446083
9447042 344 9447042
9448104 668 9448104
9448581 611 9448581
9455946 606 9455946
9469998 78 9469998
9473578 692 9473578
9480705 202 9480705
9496773 893 9496773
9499549 419 9499549
9506904 332 9506904
9517794 86 9517794
9532480 721 9532480
9544584 562 9544584
9555109 191 9555109
9558263 837 9558263
9563736 664 9563736
9586358 977 9586358
9586647 306 9586647
9590068 730 9590068
9595798 382 9595798
9596747 534 9596747
9618238 385 9618238
9620530 293 9620530
9621389 400 9621389
9633548 518 9633548
9642340 826 9642340
9647606 832 9647606
9651204 674 9651204
9655359 566 9655359
9658050 552 9658050
9670860 617 9670860
9675617 542 9675617
9691798 428 9691798
9693061 636 9693061
9694405 151 9694405
9710975 389 9710975
9720814 106 9720814
9722764 887 9722764
9727949 218 9727949
9745628 604 9745628
9768393 142 9768393
9770692 657 9770692
9789078 474 9789078
9793288 38 9793288
9794552 6 9794552
9801800 988 9801800
9807833 785 9808146
9812047 561 9818745
9824233 829 9824233
9827185 823 9836859
9838420 382 9838420
9866860 375 9866860
9866971 901 9866971
9870102 674 9870102
9906046 509 9906046
9917887 891 9917887
9918599 807 9918599
9920682 670 9920682
9931947 98 9931947
9944395 421 9944395
9948087 412 9958194
9962993 677 9963397
9963951 987 9975036
9975407 299 9983315
9991788 579 9991788
