1000 999
798 120 15
737 362 20
552 452 2
563 890 17
587 71 12
883 971 11
14 571 15
931 854 3
595 334 8
495 423 15
615 18 2
524 660 16
856 651 19
306 846 13
110 655 16
327 163 0
732 671 18
997 958 20
43 301 16
856 986 6
335 831 16
68 226 20
648 818 6
601 836 9
263 470 19
511 614 0
428 746 13
264 575 1
289 961 0
447 47 1
299 949 2
799 245 10
158 578 4
561 479 6
848 276 20
383 980 7
99 550 7
37 729 15
683 414 14
704 168 4
585 413 10
158 633 2
704 818 3
659 376 13
945 338 10
363 13 14
121 640 19
891 949 16
511 107 0
955 965 10
159 265 8
4 926 4
685 911 8
809 612 16
433 466 13
366 818 17
42 777 1
13 926 8
244 139 13
685 294 16
669 333 12
315 804 9
405 103 5
578 298 14
35 812 9
831 165 13
214 520 13
513 499 18
680 238 10
469 425 19
677 409 16
578 525 2
219 26 0
698 213 7
729 758 18
695 854 20
184 774 15
61 788 2
490 438 10
543 903 3
998 338 17
132 959 12
80 570 16
716 138 15
262 430 7
400 857 5
140 732 18
740 979 9
766 422 0
419 728 17
482 787 8
288 70 9
969 939 6
628 55 11
811 488 7
866 985 10
486 519 14
53 407 7
729 753 1
834 832 11
536 244 20
566 310 13
833 445 18
290 531 20
433 719 7
822 10 3
372 760 2
81 906 0
135 515 9
595 252 0
717 921 8
792 551 16
222 164 2
204 584 12
460 768 17
234 437 5
588 557 20
213 883 11
671 395 12
419 747 7
886 718 20
571 357 20
271 922 3
114 456 0
407 50 18
510 467 8
707 616 15
621 721 10
174 290 10
24 813 8
424 5 14
242 731 10
184 642 13
513 88 7
779 560 7
484 869 9
367 543 9
438 652 4
179 448 1
181 775 10
23 50 10
718 668 3
286 620 20
914 211 17
925 441 12
591 938 13
166 903 20
634 149 10
607 863 0
148 124 20
692 722 4
930 529 7
959 975 4
86 230 0
878 626 1
458 983 4
249 248 13
904 820 12
605 351 4
598 507 4
2 562 7
230 53 3
553 686 8
318 124 19
167 117 20
492 300 7
726 79 14
672 699 5
355 381 13
428 547 13
853 511 11
586 344 17
727 437 4
219 229 9
752 952 18
270 330 0
543 556 0
342 796 16
39 415 13
312 951 1
446 500 9
223 118 16
307 519 5
228 484 7
141 446 20
585 320 7
141 1000 1
606 944 2
867 920 17
704 787 15
592 854 11
823 739 7
910 891 2
923 290 5
765 755 4
264 182 10
171 921 1
751 336 20
865 588 11
592 762 2
935 755 6
771 879 17
526 163 7
847 332 6
918 83 17
64 467 20
408 660 20
916 674 15
430 261 3
627 108 1
921 937 11
943 763 1
485 583 12
894 902 16
656 664 17
844 963 9
645 736 12
654 516 9
526 498 7
136 9 6
301 369 12
851 660 7
909 252 4
738 536 15
199 840 5
604 826 10
269 1 20
647 175 11
274 701 4
950 544 0
290 746 14
483 764 7
936 273 4
778 868 11
916 834 14
563 351 9
37 244 7
151 338 14
120 220 5
779 538 19
974 119 9
86 380 13
601 688 9
444 33 7
306 32 4
643 459 11
397 639 2
951 216 2
100 549 9
447 406 10
354 732 8
909 678 11
239 837 3
950 360 3
23 289 13
41 96 12
303 425 8
324 6 19
289 379 7
293 966 1
712 687 19
105 66 12
307 864 15
854 157 3
652 43 5
911 594 17
90 479 3
74 427 9
162 294 5
808 352 8
997 462 4
299 129 8
602 873 10
155 904 15
977 715 19
402 938 16
829 736 18
365 466 4
248 205 12
841 29 12
509 270 5
638 942 9
629 21 4
841 795 18
949 589 11
745 416 20
700 529 3
354 694 20
393 421 11
836 436 4
548 231 0
569 988 2
215 918 9
613 245 16
977 685 19
402 348 4
527 605 8
934 450 4
707 825 0
998 787 11
15 959 19
964 212 6
309 955 5
861 676 4
776 808 9
177 895 13
539 953 10
293 642 2
801 243 0
717 767 13
405 448 20
314 92 4
135 579 9
803 931 14
169 631 9
163 577 0
912 742 19
322 924 2
681 493 17
524 78 16
1000 381 12
827 387 6
835 380 2
169 323 11
330 199 1
539 810 20
317 687 15
553 165 16
724 916 0
998 133 12
598 169 15
121 573 1
673 75 1
587 688 3
993 983 17
844 688 2
674 968 17
999 177 5
613 311 18
768 103 0
234 994 10
108 148 18
152 272 16
124 829 10
480 800 14
109 508 7
862 145 19
850 425 11
361 885 17
364 916 12
95 76 1
996 416 19
559 338 17
59 674 12
965 889 12
852 826 3
189 235 19
803 158 9
930 783 10
103 778 5
912 735 12
29 93 14
197 495 4
709 940 13
279 630 19
436 453 19
536 328 16
888 816 5
191 868 1
96 839 10
554 226 11
300 567 17
257 731 17
704 424 1
887 582 16
948 746 14
409 565 9
688 670 19
457 205 1
972 397 2
505 812 6
61 67 13
89 399 13
297 478 20
400 956 20
902 246 12
126 545 14
389 552 5
467 790 4
880 108 13
328 104 9
284 195 12
158 685 14
699 809 17
512 625 9
5 136 11
314 777 14
346 143 3
350 440 14
574 693 14
70 35 20
787 25 8
991 517 2
92 75 6
928 167 12
671 646 16
941 370 5
155 180 9
986 140 3
89 420 13
919 51 14
212 271 13
951 879 15
472 89 20
985 256 12
353 786 1
144 98 9
514 467 15
111 865 4
797 886 11
721 569 19
329 103 6
504 590 8
568 194 14
590 498 15
310 810 1
73 785 12
7 451 13
975 827 4
815 671 13
894 197 19
536 871 1
60 111 17
75 46 14
118 990 18
773 697 16
490 734 11
374 699 5
644 510 16
574 127 3
159 52 18
891 30 19
170 585 11
741 263 7
112 640 7
960 241 17
324 229 20
541 632 1
756 64 12
562 826 10
207 930 12
331 284 16
733 302 6
29 28 17
198 296 2
104 979 8
817 328 12
316 649 15
729 17 17
786 806 20
283 408 13
436 723 20
560 659 13
227 430 17
468 337 19
99 779 0
595 12 15
936 823 16
54 990 14
471 622 19
450 49 13
73 744 20
652 725 1
173 181 4
433 518 10
34 198 0
730 805 6
995 75 11
820 978 19
20 770 17
304 127 3
317 692 9
496 960 16
366 344 6
906 877 14
872 604 2
275 655 6
884 701 13
977 237 4
469 576 20
281 751 9
577 510 10
188 879 6
878 74 10
656 946 0
818 896 2
327 240 12
433 750 18
697 646 19
801 241 0
966 215 10
221 33 18
207 113 18
940 347 7
459 917 12
521 796 6
502 862 13
147 279 14
348 134 9
62 505 20
636 699 4
797 222 9
419 909 0
94 385 6
456 20 8
321 807 20
352 556 1
11 255 8
752 480 4
131 194 2
668 128 16
816 32 13
136 247 2
959 537 17
908 266 16
898 399 13
12 534 12
787 981 20
16 360 17
809 500 19
280 281 6
915 381 17
8 885 7
693 637 14
580 595 12
232 224 20
980 888 17
610 570 13
128 489 3
1 820 17
991 401 14
765 964 8
763 124 18
268 606 2
22 310 3
342 425 8
132 122 16
163 51 7
232 966 14
541 345 4
781 397 7
814 554 10
94 907 9
321 976 12
359 421 15
200 28 16
321 802 5
168 799 19
90 381 18
984 687 10
246 979 2
503 236 9
72 447 14
914 247 9
460 394 20
682 425 7
620 995 16
793 254 19
659 340 9
974 817 16
368 548 17
12 929 15
938 667 0
711 615 17
838 408 19
161 441 20
899 211 6
589 573 8
631 597 5
733 909 6
63 665 6
683 465 6
382 939 5
118 653 0
65 188 3
813 44 5
146 245 10
208 587 7
439 726 16
396 523 13
287 265 4
875 900 11
354 669 17
728 876 5
308 849 20
613 44 6
410 99 6
479 337 19
861 173 11
478 959 12
389 551 19
885 326 9
71 976 6
299 209 1
696 888 15
871 714 19
158 522 14
793 283 14
133 905 0
969 743 7
893 618 5
337 680 13
65 245 19
843 457 17
882 849 15
952 992 20
79 661 17
233 306 2
649 172 6
76 434 12
3 373 2
494 72 19
4 941 14
471 870 20
577 257 12
470 83 14
325 267 4
626 476 2
583 746 9
280 901 18
622 467 3
781 45 17
725 112 19
538 150 17
484 87 9
397 578 0
476 987 2
130 846 8
727 554 3
505 520 1
514 555 2
58 715 2
558 694 11
524 317 17
432 221 9
28 97 13
957 702 19
114 251 13
593 415 3
422 182 0
176 142 12
224 69 0
378 295 11
994 955 3
899 789 18
229 847 15
312 658 18
734 358 14
664 386 3
669 178 4
57 895 15
216 506 9
672 356 17
621 375 1
384 377 18
71 920 13
690 449 20
187 815 1
205 937 4
794 630 13
3 106 0
317 821 19
665 563 18
256 819 17
258 377 7
190 835 5
843 800 8
326 481 20
959 284 6
473 710 13
818 42 17
282 439 18
872 81 17
192 802 14
109 139 14
874 203 10
748 114 17
370 393 12
253 402 3
487 159 5
940 984 9
84 521 16
675 589 18
478 41 6
599 497 16
619 49 17
198 570 0
398 885 11
471 259 19
136 819 19
210 604 19
623 149 5
352 824 2
546 94 7
951 319 7
186 412 10
237 474 19
855 30 8
970 596 14
703 631 14
126 130 18
61 962 0
902 780 2
772 916 3
560 791 17
989 842 20
701 198 9
634 900 4
390 757 10
947 793 20
21 67 19
816 571 17
393 504 13
597 272 13
381 841 9
83 892 12
710 767 19
705 499 8
382 832 6
279 38 3
193 623 6
136 66 13
236 624 11
954 281 12
160 15 15
616 965 18
56 827 10
312 402 9
689 115 1
379 458 8
226 153 7
912 906 0
671 662 1
986 485 20
908 451 8
720 913 12
123 58 7
754 449 2
459 700 3
684 556 10
756 647 2
549 864 0
411 950 14
11 801 19
497 907 15
218 714 15
935 417 20
462 412 15
36 189 13
702 716 10
180 713 12
750 355 13
775 564 11
180 183 1
770 313 7
42 101 8
10 480 6
440 203 11
403 861 15
196 668 2
487 882 19
802 706 9
288 484 17
25 113 20
818 88 13
268 821 18
654 775 7
21 455 18
770 688 7
900 102 12
488 72 6
760 737 5
674 42 9
927 124 2
392 290 2
378 344 13
468 761 14
614 758 20
463 188 19
816 599 20
608 137 19
227 666 11
450 564 0
135 501 5
919 377 12
923 759 17
642 226 19
136 840 12
982 86 18
754 784 1
50 167 5
504 874 19
170 48 17
995 492 17
743 106 16
486 531 20
732 40 17
523 46 19
305 229 19
3 792 3
491 50 4
180 898 14
16 547 17
285 645 10
562 622 1
947 967 12
749 311 6
315 303 7
434 608 8
329 934 11
329 769 5
362 826 1
820 845 15
371 97 5
304 313 1
29 607 6
418 599 11
632 291 2
391 616 10
763 94 13
860 184 5
618 764 15
172 920 9
798 522 4
71 245 18
861 390 20
260 433 5
708 232 6
261 900 0
100 202 14
794 359 2
407 493 18
747 432 1
562 125 3
648 137 2
341 446 13
150 609 10
746 98 2
204 36 18
16 131 20
634 26 4
548 741 9
960 922 5
786 169 11
989 309 20
156 851 14
859 943 18
435 619 18
624 111 8
755 991 17
375 654 0
91 223 14
635 153 19
781 77 7
549 997 4
754 535 15
970 761 1
114 8 0
810 406 20
362 443 4
858 835 16
572 674 7
425 71 11
340 744 9
659 961 0
392 848 0
748 689 0
226 579 17
794 681 2
399 233 2
27 961 15
784 762 8
603 684 4
291 719 6
954 985 17
482 278 15
450 404 4
712 936 15
206 296 19
395 447 15
349 591 15
151 225 18
361 142 12
454 38 0
441 250 16
388 881 9
657 259 1
962 213 16
161 879 18
98 820 1
18 987 16
851 157 6
690 650 7
857 357 15
248 633 18
829 582 7
110 691 16
664 154 9
664 637 11
518 31 18
841 532 15
670 636 7
102 121 2
89 530 0
182 276 3
159 85 6
159 706 9
790 615 2
569 100 4
359 189 0
581 318 1
542 156 1
638 725 20
881 763 3
493 884 7
82 871 14
805 162 0
677 575 16
583 343 12
933 226 20
528 961 18
434 932 7
426 164 0
540 285 7
563 346 2
445 841 3
753 650 7
185 205 3
910 253 10
407 464 16
520 533 18
314 503 9
638 913 19
924 744 19
98 413 20
789 727 16
239 909 7
442 249 7
79 248 7
663 783 14
463 856 3
196 996 13
509 217 12
908 429 16
383 512 20
948 611 6
416 962 14
221 600 17
461 322 11
691 344 1
553 64 13
828 896 9
314 401 12
201 376 5
962 475 18
862 405 19
159 325 8
101 641 7
19 548 1
33 496 17
712 339 19
55 232 8
990 116 10
973 235 1
416 277 0
897 249 16
244 116 16
292 785 2
895 354 4
702 235 14
477 476 1
242 679 15
180 786 4
562 503 12
414 608 10
657 890 13
90 483 8
860 996 9
364 556 19
768 873 13
956 537 20
606 424 6
214 944 12
698 431 3
39 368 18
867 782 10
632 830 3
7 26 0
617 42 18
1000
383 762 383
1804 620 1804
6606 801 6606
6771 255 6771
7470 595 7470
10280 276 10280
10296 140 10386
10736 810 10818
11989 927 13793
14249 930 14877
15785 113 16716
16522 623 17071
20952 302 20952
22430 537 22430
23289 581 23289
23565 574 23565
25177 456 25177
25724 571 25724
27668 280 27668
28543 317 28543
34123 495 34123
34382 390 34382
34599 807 34599
34777 196 34777
35121 3 35121
35288 265 35288
36636 210 36636
37751 213 37751
40991 388 40991
42974 420 42974
43392 97 43392
43431 956 43431
43685 911 43685
44814 189 44814
46834 566 46834
49663 525 49663
51087 690 51087
54233 943 54233
55694 914 55694
56912 850 56912
58074 493 58074
58080 883 58080
59304 196 59304
60192 104 60192
61349 5 61349
61474 532 61474
63319 150 63319
63684 836 63684
63705 669 63705
64791 733 64791
66510 169 66510
67290 944 67290
69529 42 69529
69590 804 69590
70796 906 70796
72441 820 72441
72861 873 72861
73007 660 73007
74270 433 74270
74594 375 74594
74896 510 74896
75937 809 75937
76689 744 76689
79579 958 79579
80567 201 80567
83517 193 83517
84799 363 84799
85255 969 85255
85512 625 85512
86915 120 86915
87011 790 87984
87703 713 88298
87922 509 88706
89042 499 90681
89629 673 91068
89828 300 91365
91131 865 91919
91303 810 92119
93323 443 93323
93579 582 93579
93869 690 93869
94531 791 95658
97089 687 97089
97751 745 98146
98644 85 98644
100021 984 100021
100032 574 100032
103883 608 103883
104901 557 104901
105758 857 105758
107147 183 107147
107629 64 107629
108225 412 108225
109714 250 109714
109737 332 109737
110152 745 110152
114835 373 114835
114912 502 114912
115369 703 115369
115510 719 115510
116286 802 116286
116965 811 116965
117874 551 117874
118053 273 118053
118739 87 118739
119383 56 119383
120644 461 120644
122892 287 122892
124165 987 124165
125004 44 125004
126017 212 126017
128562 806 128562
128569 438 128569
130344 564 130344
132580 439 132580
133627 927 133627
134166 290 134166
134424 816 134424
134857 825 134857
135642 709 135642
137098 117 137098
138043 939 138043
138357 304 138357
139172 280 139172
139430 750 139430
139829 244 139829
140853 53 140853
141161 536 141534
141609 378 143525
142128 121 146640
143575 382 147633
143716 204 148233
144067 149 148611
144381 644 149022
144422 396 149993
144931 773 150358
144977 87 150821
145849 530 151846
146091 116 152528
146251 232 153342
146268 965 153787
146418 35 154045
146472 486 155320
147597 410 155996
148709 40 157506
150519 908 159458
151153 592 160182
151319 256 161561
151552 847 161621
151612 832 162012
152202 827 162756
152414 715 163190
153207 475 163607
154191 430 164625
155299 659 165620
155735 30 165681
155747 435 166299
156996 31 166551
157045 455 167444
158921 448 168521
160058 809 168644
160328 349 168898
162463 360 168929
163344 423 169041
165284 516 170648
166537 213 171144
167068 875 172333
167671 825 173674
168273 534 174608
169081 707 174933
169515 191 175327
170429 947 176925
170649 344 178687
172176 549 179041
172497 412 179237
174226 252 180746
174350 842 181984
174878 249 183794
176189 445 184860
176926 712 188071
177581 964 190719
178617 666 192411
180237 562 193068
180364 585 193358
182645 840 194251
182889 500 194335
184772 74 198456
186333 25 198967
187032 232 199732
188524 419 200400
189550 925 202760
189587 298 202858
189805 528 203086
190339 158 204202
192340 88 205165
192981 413 207612
194496 592 207703
195337 178 208061
196226 211 208531
197874 107 209412
198075 111 209642
199103 875 210175
199364 415 210824
199720 421 211741
200150 553 212979
201121 810 213045
201421 48 213266
202968 929 214526
203472 779 215285
204771 606 215547
205036 208 216291
208180 922 216990
209299 716 217452
209678 804 217466
210078 902 217881
210183 793 218096
211440 384 218865
211970 48 218934
212495 729 219052
212556 186 219569
213949 596 222176
214840 709 223707
217051 720 223722
217752 168 223928
218889 894 224850
223414 191 226461
225720 618 228153
225773 340 230060
226286 16 230364
227249 407 230435
228078 995 230785
232035 315 232035
232330 149 232330
232932 263 232932
234212 173 235841
234839 383 239867
235100 736 240545
235441 786 241041
236391 225 241379
236675 498 242491
238274 617 242837
239438 960 243447
241426 749 243493
241623 685 246379
241729 614 248347
242137 600 248485
242300 442 249104
244455 960 249569
247470 96 250141
247493 677 253569
248279 170 254753
249093 837 255550
249649 412 257316
250763 111 258383
251182 539 258535
252028 925 259526
252309 792 260390
254825 952 260758
255473 319 266460
256577 813 267900
256675 2 268589
257046 882 269036
257078 976 269840
258175 77 270820
258625 566 272362
258714 816 272595
259799 147 272614
260453 323 274117
262224 74 274122
264407 180 275264
267195 423 275487
269851 728 277581
270178 144 278097
270414 625 278194
270772 333 278497
271351 293 281392
271478 778 282813
271598 448 283013
272349 307 283066
272539 715 283732
272600 841 285001
273589 786 285631
274640 910 286355
274998 794 287248
277137 953 287861
278407 318 289692
278779 216 290125
279095 917 292317
279645 752 292971
281464 775 294612
283850 360 295408
285809 783 295633
286423 271 296162
286979 293 296687
291002 822 297183
293198 313 297913
293394 541 298763
295197 10 300349
295519 471 300506
297130 613 301061
299848 927 306020
300702 703 306025
300870 273 306978
302726 709 307723
304290 784 307792
304343 514 308246
305537 987 308677
306160 683 308719
306310 78 309294
308858 93 310745
309300 962 312246
309595 429 313515
310341 386 313877
314654 2 315507
314937 30 316568
315956 290 317768
316171 229 318659
317936 711 318814
318032 825 319376
318942 597 319429
319121 612 319860
322422 486 322422
322974 875 323385
324561 70 324883
326503 181 326503
327133 772 328155
329181 860 329181
329454 616 330082
329765 380 331200
329897 886 331234
330090 652 332118
332594 560 335695
334340 64 336370
336391 19 336963
336677 277 336983
337933 432 338448
338086 288 338701
338387 378 339756
339861 610 342241
340911 579 343916
342115 280 345354
343950 483 347638
343967 688 348410
344614 230 348596
346122 708 354332
349544 535 357013
350455 95 357326
350633 539 360457
350765 872 360535
352104 602 361247
352835 995 361825
353070 564 364072
353113 226 365705
353404 286 366077
354543 209 366354
356467 478 367051
357142 806 368732
360125 632 370859
360401 775 371500
360430 77 371938
360795 431 373018
361290 504 373773
362570 713 374132
364785 170 374419
365336 589 375181
366416 883 375215
367782 550 375638
369821 875 375875
369842 454 376227
369879 185 380492
372229 406 380958
373473 21 381060
374476 501 381893
375589 954 382553
375896 907 383010
377361 180 386163
378889 358 386779
379691 651 387908
380523 963 388134
380729 695 389273
380803 427 389972
381209 797 390053
381859 634 390429
381990 995 390901
382537 531 392458
382665 867 392866
383018 183 393305
383149 837 393479
385424 273 394215
387141 951 394264
387467 859 395004
388230 393 395133
388262 985 395758
388520 305 402653
388566 330 403351
389129 705 404241
394020 16 405419
395214 640 405513
395952 60 405594
396288 289 410309
397354 592 410510
398443 263 410690
398690 137 410955
399983 317 411182
400483 242 411284
400600 959 413772
401141 326 419448
401513 720 420179
401768 478 421843
401856 810 422390
402598 301 422999
403889 248 423623
404009 467 424626
404775 48 427040
407538 241 427324
407674 167 427907
408386 794 429046
408598 81 429405
408791 297 430161
409642 130 430731
410104 127 431304
410192 461 431390
410233 139 432659
410622 361 432893
410649 637 432938
413861 22 432973
414843 604 433667
414916 403 434685
414998 861 435849
416697 133 438450
416981 56 439668
417202 536 440394
418607 624 441176
419125 960 441746
419435 792 441856
422500 697 444076
422949 734 444296
423956 753 447430
423998 621 447780
425489 361 449766
425532 724 450721
426345 68 451290
427915 274 451991
427974 813 452452
428090 270 452945
428420 387 454179
428860 474 455223
429687 949 456345
430698 768 457496
431460 208 458006
432273 158 458445
433098 880 459408
433565 505 459920
437272 486 462026
437349 665 462973
437499 558 463192
441535 611 464982
442571 756 465370
443191 745 466065
444368 6 466161
444735 952 468898
445391 361 469757
445539 960 471146
445633 873 471161
446192 923 477745
449281 520 477822
449331 562 479110
449621 275 479407
450906 704 480031
451310 479 480598
452705 277 482868
452800 182 482959
454976 386 483180
456240 18 483982
458588 730 484302
459152 8 484517
461645 401 485128
466706 32 487570
466862 57 488370
467028 753 491815
467290 601 492116
468567 367 493439
471052 256 495244
471653 263 497917
474490 175 497933
475605 780 498099
478164 945 499317
478305 29 499896
478420 255 500261
478600 881 501808
479255 77 502202
479399 39 503030
480333 267 504716
481869 336 507600
482026 984 508126
482377 849 508247
482637 541 509507
485705 383 511248
486746 64 511483
488453 871 512218
489023 563 513186
489622 324 513236
497052 451 514400
497650 601 514953
498111 643 520626
499134 39 521551
499606 389 521606
504465 269 521807
505478 885 523907
507269 451 524120
508071 390 525606
508572 549 526619
509705 958 527494
510223 880 527724
510389 368 528050
510956 553 529020
511655 445 529564
512654 758 529741
512826 169 531191
514439 88 531350
516625 147 532723
517600 283 532827
518707 741 533540
519999 477 533963
521252 372 534111
521575 942 536485
521706 375 537129
524260 968 539731
524555 513 540813
524558 85 541074
526246 41 541516
526494 475 541947
527745 481 542914
527958 50 543036
528292 559 543198
529428 427 543779
530237 286 547264
530631 701 547293
531171 752 548546
534483 362 548849
534979 894 548855
536088 950 548985
536966 564 551854
537493 435 552893
539105 365 554865
539339 966 554939
541896 847 555016
544618 219 556431
544982 212 556720
546265 548 556948
546351 715 557358
550086 394 561055
550386 661 561430
551156 733 561442
552110 198 561538
552551 151 562341
553610 788 563059
553798 861 563238
553971 187 567185
555936 662 568028
556297 127 568525
558577 114 569067
558861 552 572127
560720 163 573506
562870 658 573582
563603 536 573659
565775 536 574217
565979 933 575644
566198 569 576038
567073 469 576296
567129 183 576585
570206 172 577126
570299 758 577188
570441 570 579000
570596 806 580815
571047 980 581115
572699 514 581483
573486 196 581660
573831 469 582119
573926 753 582511
574933 587 582906
575018 743 583179
575038 197 585079
575069 347 586163
577503 534 588897
578334 184 590204
578817 552 590254
582903 176 590397
584701 135 590837
585011 682 593288
590311 994 593355
593058 482 594950
593083 720 595483
594041 635 595589
594327 467 597417
594648 467 598085
595653 122 600934
597906 746 602495
598122 646 603582
598409 333 604786
598627 589 608149
598910 887 609360
600628 170 609904
602304 537 609987
602909 311 612314
603185 811 612833
604107 158 613514
606496 36 614412
608785 250 614608
612789 992 615379
616622 415 617568
618356 261 618356
618614 128 618614
618738 530 620137
619168 640 621076
621540 304 621540
622851 883 622851
623308 348 623308
626099 984 626099
626386 124 626386
626454 251 626454
627058 939 627058
627160 142 627160
627295 985 627295
627332 445 628451
628478 662 629064
628620 534 629729
631255 971 631255
631389 649 631389
632849 737 632849
633144 790 633144
633900 578 633900
634793 648 634793
635049 416 635049
636730 739 636730
636884 614 636884
636902 247 636902
636990 663 636990
637037 267 637037
637160 960 637160
637874 677 638113
639620 761 639620
639778 912 640477
640328 740 640871
640597 941 641534
642604 475 642604
642984 8 642984
644628 127 644628
648501 628 648501
649283 593 649283
649497 845 649497
649963 616 649963
650081 156 650081
650639 747 650639
651681 932 651681
651869 101 655746
652486 377 657956
654678 312 658017
655383 247 658169
657434 421 658461
658196 396 658626
659276 248 659276
660323 983 660323
661337 953 661337
662259 667 662259
664540 503 664540
665341 80 665341
666243 809 666243
666467 43 666467
666989 158 668723
667526 814 669353
667853 717 671376
668592 858 671697
669250 540 671732
670138 96 671743
670188 748 673003
672002 120 675230
673624 311 676964
674173 107 677709
674966 214 680926
675472 730 687187
676594 201 687275
677657 554 688568
678341 967 689327
678535 26 689729
681322 723 693485
682664 8 696531
684627 273 697295
686325 802 698273
686860 331 699499
687140 865 699990
687285 701 700830
688231 551 700973
688570 275 703192
689357 530 705173
690615 485 705983
691045 253 708077
691224 554 709445
692266 673 709997
692447 944 710225
693219 193 710768
696492 66 711664
696594 915 711815
703819 347 712153
704470 521 712479
705731 504 712791
706048 909 712898
706061 820 713895
706624 303 714478
709930 653 714841
710677 874 714867
712120 884 717668
712235 792 717730
714303 907 718751
715175 3 719729
715182 114 723204
717212 392 725055
717647 407 726415
718444 301 726855
719580 200 728482
721730 953 731807
721945 714 732065
723188 17 732264
723686 903 733273
725263 170 734841
726073 890 735435
728306 507 737298
728977 817 738400
729064 732 738563
730526 801 742490
730829 696 743033
731027 226 743097
731189 830 746482
732278 149 747258
733355 414 749577
735110 135 749794
737585 843 750445
738111 565 750687
742036 779 752038
742250 473 754247
743835 355 754833
744508 995 754867
744626 707 754938
744929 797 757881
746158 516 758746
746613 320 759332
746887 805 759688
747005 476 760184
747426 200 760669
752437 945 763348
755480 285 764125
757688 81 765136
760893 247 765596
764659 20 765919
764927 839 766066
767119 501 767119
767651 202 767768
767865 453 770505
768325 940 771029
769082 549 773503
771217 718 775072
771895 394 775287
771922 486 775690
772723 311 776282
772851 751 776499
773822 320 779125
775254 377 779396
775499 656 780543
776158 830 781003
776836 927 781391
777748 689 783459
778371 572 785140
778417 522 786124
779971 548 788659
780387 896 788925
781696 424 790752
782129 290 790793
784058 528 791697
784146 298 791970
786875 502 792119
787336 516 792303
788207 697 792487
788209 953 792568
788279 457 793036
788934 381 793810
789144 820 794352
790066 673 794500
790213 146 794529
791297 828 795988
792579 559 802550
792751 639 802958
793299 171 803022
795126 421 803267
795205 577 805866
795391 121 806113
797135 243 806196
797468 865 808166
798419 205 808219
799311 506 809465
799399 640 809715
799534 752 811689
800571 455 812676
800625 255 813603
800656 53 815114
800817 216 816199
800966 376 816778
802182 519 817914
803061 118 823509
804101 219 823832
804854 922 823899
806933 465 825832
808527 450 825983
809311 662 826024
809759 834 826219
810370 322 827676
810486 283 828004
813010 988 830127
815814 945 830904
816245 179 831021
816369 58 834684
817640 119 835580
818552 617 837439
818648 121 840000
820020 269 843053
820099 814 843156
821345 20 843198
822340 552 843940
825883 486 844194
827071 91 844268
827126 808 844470
831621 886 844889
831986 358 845104
832714 155 845475
833062 272 845614
834357 60 845815
835013 266 846070
836677 121 846320
838028 431 846610
838208 860 846664
838440 374 847067
838457 712 847801
838771 577 847834
838968 894 849583
841680 708 851206
842384 250 851327
845286 168 851555
849082 200 852871
849712 512 853135
849808 285 856032
850994 734 856272
852137 483 856402
853560 436 856741
854638 113 857522
854875 777 857803
855743 888 858070
858349 670 859219
860088 976 860088
860091 765 860433
860498 404 862609
860634 317 862932
862409 222 862943
862867 366 864311
865389 783 865389
867133 627 867133
868612 275 868612
869893 577 869893
870209 8 870209
871356 651 871356
871369 287 871473
872110 50 872110
872433 944 872433
872899 644 873832
872956 411 874470
873550 465 875244
873957 163 875503
878614 483 878614
881136 461 881136
881833 343 881833
883594 946 883594
883949 614 883949
885482 168 885482
886886 29 886886
886965 758 886965
888588 955 888588
889586 558 889586
890244 355 890244
892353 439 892353
892493 487 892493
893013 150 893013
893552 434 893552
894041 761 894041
894764 450 894764
894772 8 894772
896899 767 896899
897454 801 897454
898624 465 898624
898687 430 898687
899312 589 899312
900456 476 900456
901164 737 901164
901378 949 901378
902707 884 902707
902967 229 902967
903648 892 903648
903750 840 903750
909536 286 909536
911632 630 911632
912273 586 912273
912622 252 912622
914348 137 914348
915417 637 915417
917153 405 917153
917157 909 917157
919063 74 919063
919510 501 919510
919617 815 919617
920141 977 920141
922929 346 922929
924086 26 924086
925176 75 925176
928184 319 928184
928935 247 928935
929298 994 929298
930495 674 930495
932339 484 932339
933208 806 933208
933613 134 933613
934110 57 934110
934264 38 934264
936015 599 936015
936366 223 936366
941429 900 941429
941603 800 941603
942751 498 942751
944040 553 944040
944656 916 944656
944746 447 944746
945253 430 945253
945377 677 945377
946936 395 946936
947571 860 947571
949393 825 949393
949618 596 949618
949642 710 949642
950977 452 950977
952159 257 952159
953238 412 953238
954281 737 954281
957110 352 957110
957545 723 957545
958795 835 958795
961931 748 961931
962972 493 962972
963927 572 963927
965300 842 965300
966090 688 966090
966217 531 966217
966648 84 966648
967529 134 967529
968029 89 968029
969747 61 969747
971149 624 971149
972374 294 972374
972962 835 972962
972963 484 972963
974017 879 974017
974451 100 974451
974894 857 974894
975693 222 975799
975845 41 976253
976233 635 976517
977690 14 977690
981409 904 981409
981497 154 981591
981582 654 985709
982250 692 985734
982321 44 986185
982322 73 987270
983257 455 987942
984088 841 988323
984265 632 988383
984447 32 988883
985245 52 989513
985715 804 990346
985835 50 990803
987556 851 991033
989844 993 991194
990600 476 991471
991086 595 991766
993922 486 993922
994558 903 994558
994767 720 994767
995050 603 995050
995072 658 995072
997197 672 997197
997735 1000 997735
998022 535 998022
998322 685 998322
998403 146 998403
999317 119 999824
