1000 999
23 944 6
710 55 19
334 663 15
283 40 17
954 931 19
796 135 19
91 228 7
454 757 0
535 854 16
816 631 3
475 941 20
629 601 4
35 642 18
450 583 14
277 176 10
952 415 8
849 243 14
142 305 18
117 630 10
542 49 0
386 433 4
847 690 9
862 477 4
891 94 10
877 470 4
774 149 0
880 867 3
87 230 17
933 241 10
997 453 7
45 413 12
735 283 13
574 495 1
206 593 11
698 525 10
35 911 10
988 38 19
597 82 7
50 753 18
536 649 7
199 539 13
568 950 10
752 44 0
809 403 17
427 875 7
923 492 11
80 500 10
780 937 16
240 848 19
823 286 16
515 225 2
706 730 0
925 478 3
123 54 4
878 628 19
328 144 3
556 48 1
546 995 20
670 576 12
510 666 10
357 183 7
617 633 5
42 719 18
285 959 1
737 804 3
215 728 0
734 931 8
69 1 7
72 293 13
165 726 18
354 10 17
432 677 18
218 872 11
443 352 1
769 122 0
233 444 16
689 683 18
386 912 13
514 12 14
157 528 2
720 192 12
297 765 0
388 998 12
302 855 10
614 966 20
213 68 15
1000 158 6
831 415 15
269 860 1
552 220 20
816 218 1
648 572 4
841 680 11
701 656 3
738 278 16
723 800 1
171 537 7
476 100 2
390 84 10
177 539 6
713 163 15
9 483 5
891 205 8
292 815 0
368 723 16
85 282 11
514 703 11
422 929 19
889 624 5
367 105 4
857 553 12
511 488 15
609 938 19
499 371 2
614 961 16
485 46 3
215 225 5
190 144 8
723 407 0
512 120 13
346 645 8
109 883 10
235 278 19
424 3 17
23 107 3
479 322 12
297 75 20
851 985 9
661 87 8
679 541 14
70 676 6
360 534 1
342 863 15
990 200 4
786 103 12
633 235 14
170 496 1
918 67 1
14 591 9
942 946 20
735 696 19
761 879 2
759 205 6
223 915 15
552 473 2
396 725 18
382 949 19
83 824 9
204 707 19
848 136 8
127 716 20
568 26 18
635 539 6
238 336 14
378 454 15
665 705 4
342 327 9
122 362 7
135 281 11
744 88 6
586 302 11
627 435 12
84 841 6
607 784 8
690 67 20
612 712 16
546 560 3
553 618 10
406 740 15
307 417 1
92 791 19
768 15 11
364 106 11
343 993 7
636 118 20
407 768 7
246 664 15
963 981 15
309 461 6
14 310 14
380 259 8
725 340 11
965 239 13
673 574 3
636 300 19
254 712 13
764 397 10
907 508 17
500 976 13
213 71 18
27 446 1
93 404 9
938 686 16
811 472 15
339 10 17
327 159 3
249 175 9
361 818 17
718 866 0
183 962 9
801 936 10
541 381 20
48 615 8
506 380 8
720 252 9
832 580 18
13 771 10
961 167 0
745 777 7
690 400 19
267 336 2
779 6 19
100 37 5
817 770 16
217 742 11
408 959 14
183 207 13
279 437 17
888 225 6
300 328 5
198 274 7
460 741 20
246 341 15
199 51 11
640 92 4
417 387 6
440 990 20
356 549 8
110 672 18
803 840 6
5 976 3
922 733 3
990 299 0
711 990 4
876 313 3
582 340 17
782 194 9
732 45 15
747 98 5
984 556 6
842 858 9
300 903 3
863 74 8
341 384 12
968 578 3
538 225 15
509 926 7
489 60 15
401 999 8
878 50 2
735 899 8
70 121 0
750 935 11
255 467 13
205 571 14
249 417 0
486 330 16
68 408 1
60 794 16
188 807 9
448 178 13
45 741 11
607 490 6
615 128 16
173 262 6
908 33 10
237 875 18
312 626 14
527 613 4
886 720 18
477 172 20
437 340 15
261 875 18
630 712 4
294 790 9
935 214 16
829 761 10
189 122 13
503 706 0
468 532 7
681 880 0
695 804 16
448 260 8
489 428 13
251 821 3
91 38 11
412 467 16
257 60 5
376 179 11
31 452 1
63 877 15
372 872 16
363 902 20
618 69 3
409 113 20
481 531 2
776 441 0
185 699 9
868 997 16
902 956 3
103 823 3
714 392 15
680 472 9
531 292 16
146 68 9
726 916 10
212 137 14
727 621 18
30 46 13
546 698 3
245 311 7
746 626 18
869 945 0
448 321 14
938 213 11
410 79 0
361 375 6
685 355 6
366 634 13
451 296 19
886 711 18
813 767 14
836 679 8
715 808 7
379 270 8
90 346 13
418 580 8
191 717 17
783 1000 2
759 862 11
560 56 14
220 838 15
294 864 20
558 773 14
779 898 6
251 663 9
51 25 12
111 543 5
234 974 3
74 909 1
961 842 3
636 733 7
595 127 18
504 837 5
181 627 20
155 546 20
908 989 10
365 943 6
619 332 0
166 986 14
287 494 13
207 493 5
894 294 10
517 877 13
963 984 0
554 151 15
881 884 16
219 904 8
203 667 17
38 953 2
233 579 20
93 324 7
476 506 1
111 450 9
846 463 11
293 31 16
744 613 19
533 229 6
601 695 17
693 398 9
463 177 18
290 231 13
747 484 18
409 657 12
32 673 17
887 464 0
619 976 16
992 465 13
153 12 5
127 559 16
129 73 11
366 874 3
961 375 4
332 11 14
992 484 11
347 348 11
320 668 5
119 557 18
930 984 18
915 52 14
182 502 5
901 444 5
456 675 0
165 277 7
880 171 12
643 135 13
450 513 8
983 295 18
560 48 9
913 766 15
306 754 2
784 454 7
875 827 20
691 910 20
795 219 18
341 325 2
873 566 14
625 241 16
521 367 17
423 399 16
568 162 16
710 187 12
461 612 20
150 262 11
709 940 0
131 932 10
561 337 2
197 276 12
929 767 12
34 798 7
452 722 10
649 129 15
61 637 7
136 870 9
620 428 2
52 149 12
549 850 4
227 948 4
47 53 11
652 413 6
196 284 18
275 108 4
733 600 10
933 631 17
956 291 18
420 941 4
632 717 14
185 772 17
309 985 1
318 222 17
366 548 19
303 106 17
28 436 7
808 451 19
454 582 15
748 172 16
315 465 4
500 164 12
985 115 18
384 253 1
159 41 3
374 120 11
429 586 0
611 348 8
701 817 16
353 2 20
865 222 5
421 681 15
657 905 19
900 637 20
521 199 19
33 676 1
343 272 2
104 791 14
487 76 19
77 588 6
523 573 16
920 94 5
597 174 11
386 101 16
498 32 13
562 22 17
209 23 16
258 323 9
833 15 13
457 603 10
651 203 10
780 482 5
449 147 0
411 268 3
780 198 12
636 964 15
599 845 7
10 220 14
745 606 9
877 812 16
501 753 19
224 856 19
521 782 5
95 99 12
709 441 18
958 972 10
561 421 17
690 329 18
107 301 2
462 331 14
126 785 6
999 290 16
350 578 1
582 5 17
34 497 10
156 816 18
350 298 20
265 507 13
466 665 6
83 291 6
442 264 0
536 112 11
370 629 4
819 185 3
381 196 3
604 338 0
530 109 17
262 28 20
762 572 14
424 502 20
321 871 17
391 263 3
623 646 13
585 928 1
875 549 1
305 280 18
614 749 16
188 506 12
627 50 3
1000 71 17
695 644 16
723 574 0
529 505 20
693 787 5
864 271 9
689 310 20
965 446 6
578 309 3
602 774 11
139 161 7
842 17 18
544 947 15
791 49 14
126 416 1
993 806 2
603 281 1
409 759 0
320 545 6
934 596 14
928 858 7
430 255 15
754 39 2
848 671 16
154 656 20
130 558 19
403 46 2
32 81 13
184 58 19
796 802 19
320 987 6
205 221 6
659 226 14
753 839 3
982 882 7
96 547 20
820 258 19
575 285 4
133 431 15
684 868 3
927 26 1
978 865 17
670 415 18
112 691 6
16 737 9
705 125 2
813 610 10
580 447 8
880 417 4
653 740 4
99 71 4
907 910 19
89 142 16
540 469 8
568 19 8
748 82 9
215 302 20
710 748 7
641 451 14
760 484 17
640 344 11
845 578 2
22 896 1
51 572 13
335 950 5
286 861 17
523 705 1
985 369 18
584 657 17
734 658 10
358 381 15
936 932 0
234 338 14
223 312 13
471 522 7
409 671 10
555 597 17
4 956 10
238 371 19
992 996 19
417 250 19
439 389 5
136 264 16
773 225 3
966 242 12
941 201 14
890 73 13
65 226 12
272 236 1
692 87 20
381 78 16
699 276 6
535 792 3
480 244 4
438 114 20
812 387 1
233 793 3
154 445 8
669 569 8
766 12 19
899 847 16
610 186 8
496 18 8
17 815 8
718 578 10
960 983 9
510 479 13
434 973 12
31 518 8
244 147 4
293 850 13
830 612 0
420 976 10
419 475 0
646 873 6
563 92 3
529 960 0
66 392 13
534 179 17
219 272 17
211 776 8
647 445 7
966 674 0
951 786 17
576 755 4
426 311 4
597 532 9
565 185 18
276 258 1
797 702 18
311 145 15
166 84 9
190 348 8
828 21 16
906 346 8
829 511 1
697 29 17
566 946 15
937 459 18
577 284 14
414 681 18
756 506 18
351 722 15
467 685 8
394 231 4
629 132 2
439 42 12
653 405 4
763 928 0
683 26 19
690 351 18
60 779 7
62 121 13
758 107 7
206 849 13
7 730 14
789 958 10
654 509 4
674 499 2
265 568 16
493 26 12
102 335 11
903 519 1
579 991 3
179 828 5
425 939 18
491 266 2
360 695 16
955 947 13
612 383 16
576 399 9
442 211 19
426 652 11
535 786 15
497 731 19
7 384 5
998 269 9
323 924 6
286 799 16
816 677 16
918 751 18
235 212 9
608 377 1
822 236 10
369 395 7
854 972 12
17 139 20
819 641 18
134 637 8
826 709 17
837 219 0
485 647 5
265 320 6
692 626 4
884 975 10
588 741 6
942 393 2
337 321 5
980 783 19
270 776 13
385 607 9
193 512 9
967 464 9
622 790 0
318 218 10
526 983 0
705 404 13
721 925 12
322 368 4
289 268 5
517 57 18
844 708 15
282 638 19
434 97 12
524 20 12
564 940 0
141 789 19
814 536 6
10 196 17
919 259 3
428 160 4
779 234 17
843 385 14
984 180 16
878 934 7
345 250 8
939 100 10
733 304 9
982 371 13
707 946 1
658 430 17
663 598 17
235 595 2
924 163 12
755 955 10
389 195 11
727 190 10
724 662 11
618 162 2
802 107 1
120 37 6
440 520 3
719 177 0
229 780 4
58 569 0
439 119 12
143 932 12
337 750 1
913 64 18
650 892 0
524 490 2
562 208 19
66 678 6
895 331 16
991 917 8
667 316 3
268 157 16
969 116 4
124 423 2
729 951 12
684 386 7
590 437 11
482 858 7
471 186 5
596 142 13
680 724 14
114 811 13
971 984 6
158 689 6
506 308 8
654 527 0
840 317 8
318 959 17
845 93 4
977 595 14
468 314 19
852 793 12
365 156 13
902 724 11
24 550 4
665 348 14
445 715 17
91 567 6
876 277 17
317 785 11
775 967 11
148 577 12
202 796 7
547 873 13
859 32 15
8 114 14
48 651 20
655 106 9
782 366 8
373 742 7
75 367 16
883 951 6
91 138 15
415 305 20
248 55 13
385 339 6
168 228 1
497 184 11
624 356 10
425 920 16
849 225 15
66 522 5
607 684 11
764 687 5
574 950 18
787 341 1
225 59 13
455 434 11
169 335 7
589 895 0
990 913 19
970 275 16
96 954 15
306 721 8
317 189 12
262 524 17
678 54 19
702 744 15
356 306 10
530 402 6
224 240 10
923 549 13
145 869 11
382 488 11
531 535 11
232 35 16
175 920 14
961 106 16
834 525 7
893 690 11
553 805 1
985 191 13
153 216 13
642 697 8
961 135 14
76 273 4
85 999 5
199 743 4
616 99 0
9 232 11
745 24 3
481 810 11
550 34 12
74 333 13
778 172 14
915 170 4
326 973 2
630 562 15
611 152 7
129 594 11
6 967 19
948 629 4
139 694 10
128 45 0
704 290 4
979 129 6
319 134 15
1000 238 14
48 554 18
605 120 10
203 561 10
666 140 0
420 90 8
555 921 12
251 558 7
359 369 5
784 926 15
344 275 13
353 893 17
910 849 2
415 765 20
49 767 5
570 520 13
315 582 19
890 590 6
309 405 15
543 160 10
16 835 16
771 61 7
99 65 12
207 884 4
442 901 20
660 482 15
870 853 11
832 266 12
581 481 19
540 620 17
912 885 17
806 736 13
650 228 10
837 244 11
388 742 2
516 869 7
466 43 16
831 494 9
766 371 19
362 710 16
709 790 3
829 225 5
397 425 3
423 813 5
449 325 19
932 392 3
457 973 16
607 825 16
217 224 19
380 726 2
501 708 17
352 615 5
378 900 20
154 893 14
497 93 19
630 739 16
688 764 19
646 47 5
592 677 6
444 914 11
228 699 18
768 555 0
741 424 12
561 462 18
134 942 0
80 330 7
234 580 14
487 462 4
411 176 10
530 817 17
680 256 8
18 752 3
392 478 9
458 966 16
932 394 10
587 321 6
788 87 3
149 114 20
212 689 7
700 792 3
456 90 16
319 865 19
828 341 6
672 300 2
991 608 1
621 837 0
247 65 7
86 255 15
288 163 14
133 758 8
999 489 6
748 474 13
71 788 16
35 112 13
74 781 2
565 665 11
542 957 13
62 967 8
849 27 1
349 538 8
263 798 13
450 327 17
723 994 9
777 36 14
726 682 5
639 797 13
210 556 15
753 295 13
825 897 3
410 138 15
551 949 17
969 138 10
1000
141 641 141
320 923 442
400 526 501
523 4 532
554 843 560
569 943 581
776 845 1029
795 734 1117
881 186 1240
979 944 1483
983 280 1493
1061 330 1508
1069 382 1766
1152 974 1774
1306 307 1930
1346 182 2167
1455 188 2189
1480 994 2384
1742 6 2440
1792 185 2914
1864 698 3049
2259 114 3157
2262 762 3160
2367 808 3168
2440 28 3303
2639 7 3362
2953 39 3473
2961 115 3578
3069 24 3688
3105 441 3724
3157 14 3922
3173 668 4008
3299 607 4245
3415 219 4306
3448 453 4384
3454 280 4486
3495 466 4492
3649 292 4639
3752 468 4708
3888 133 4730
3904 271 4942
4161 409 5090
4272 42 5145
4351 340 5208
4432 467 5430
4434 127 5522
4535 224 5543
4668 160 5570
4672 618 5693
4754 839 5696
4782 492 5727
4928 995 5737
5055 198 5747
5095 956 5754
5179 949 5874
5245 354 5918
5314 109 5926
5479 722 6018
5614 929 6081
5693 408 6256
5807 273 6357
5987 720 6453
6141 920 6590
6196 720 6810
6363 168 6818
6475 28 6840
6601 531 6867
6606 454 6890
6673 361 6924
6722 493 7011
6754 756 7018
6836 91 7029
6887 952 7282
6992 49 7406
7194 130 7669
7243 857 7670
7418 432 7797
7462 243 7820
7638 859 8008
7977 32 8120
8043 289 8240
8066 808 8267
8166 726 8424
8264 598 8505
8511 133 8610
8531 856 8703
8544 819 8761
8795 964 8795
8824 424 9090
8860 287 9203
8952 455 9264
9074 724 9328
9157 224 9438
9240 127 9587
9277 117 9602
9282 806 9616
9306 502 9623
9344 84 9628
9421 769 9753
9426 14 9754
9428 617 9774
9547 813 9921
9635 931 9979
9640 926 10012
9809 527 10155
9915 15 10159
10411 347 10411
10492 314 10492
10517 188 10517
10638 436 10638
10752 397 10752
10998 909 10998
11178 621 11178
11548 940 11548
11706 509 11706
11713 228 11713
11725 788 11725
11774 668 11774
11826 560 11826
11904 171 11904
11962 139 11962
12038 241 12077
12219 894 12219
12312 848 12312
12553 520 12553
12847 695 12847
12982 649 12982
13093 488 13093
13133 881 13133
13152 908 13152
13539 240 13539
13570 515 13570
13628 846 13628
13833 231 13833
13858 128 13858
14038 531 14038
14173 381 14173
14461 250 14461
14606 174 14606
14771 413 14771
15026 170 15026
15372 913 15372
15552 480 15552
15574 382 15574
15895 923 15895
15919 900 15919
16126 363 16126
16136 68 16136
16341 927 16341
16509 832 16509
16550 514 16550
16621 584 16621
16695 898 16695
16887 214 16887
16979 629 16979
16980 555 16980
16989 120 16989
17059 853 17059
17066 565 17066
17099 83 17099
17149 413 17149
17172 206 17172
17298 411 17298
17315 202 17315
17369 794 17369
17468 199 17468
17534 761 17534
17610 131 17610
17881 555 17881
17892 789 17892
17919 801 17919
18168 671 18168
18174 436 18174
18180 762 18180
18277 665 18277
18327 414 18327
18354 714 18354
18374 482 18374
18388 225 18388
18437 590 18437
18485 721 18485
18493 676 18493
18918 282 18918
18979 549 18979
19026 908 19026
19077 115 19077
19092 263 19092
19098 978 19098
19174 252 19174
19236 593 19236
19362 603 19362
19546 40 19546
19566 316 19566
19572 933 19572
19872 262 19872
19875 258 19875
20040 160 20040
20201 293 20201
20210 371 20210
20282 886 20282
20453 76 20453
20516 915 20516
20519 651 20519
20840 506 20840
21258 75 21258
21265 540 21265
21385 506 21385
21450 679 21450
21489 418 21489
21617 769 21617
21745 528 21745
21812 113 21812
21828 454 21828
21841 521 21841
22065 307 22065
22120 997 22120
22306 785 22306
22423 965 22423
22451 624 22451
22471 597 22471
22643 39 22643
22681 629 22681
22682 50 22682
22842 861 22842
23182 763 23182
23255 782 23255
23274 614 23274
23291 576 23291
23326 159 23326
23474 596 23474
23585 555 23585
23949 841 23949
23988 188 23988
24025 86 24025
24078 296 24078
24218 54 24218
24300 263 24300
24301 454 24301
24318 804 24318
24507 732 24507
24538 242 24538
24568 746 24568
24754 365 24754
24832 485 24832
24970 595 24970
25032 497 25032
25409 506 25409
25530 991 25530
25680 973 25680
25775 698 25775
25827 560 25827
25847 308 25847
26072 407 26072
26281 422 26281
26413 78 26413
26422 841 26422
26461 330 26461
27153 109 27153
27588 131 27588
27679 92 27679
27740 339 27740
27809 9 27809
27880 144 27880
28028 756 28028
28192 11 28192
28241 432 28241
28422 271 28422
28462 289 28462
28490 319 28490
28492 853 28492
28493 603 28493
28675 92 28675
28678 591 28678
28694 665 28694
28731 277 28731
28739 409 28739
28805 403 28805
28848 289 28848
28947 742 28947
29141 140 29141
29510 218 29510
29577 895 29577
29587 875 29587
29614 760 29614
29714 392 29714
29809 623 29809
29811 593 29811
29963 796 29963
30001 556 30001
30018 371 30018
30157 308 30157
30228 24 30228
30277 844 30277
30339 677 30339
30646 675 30646
30739 589 30739
30769 860 30769
30860 225 30860
30879 818 30879
30994 250 30994
31170 666 31170
31235 457 31235
31446 651 31446
31586 155 31586
31676 790 31676
31777 799 31777
31834 484 31834
31860 74 31860
31893 636 31893
31985 940 31985
32103 389 32103
32233 401 32233
32451 448 32451
32462 198 32462
32528 414 32528
32554 838 32554
32784 130 32784
32812 43 32812
32948 732 32948
32994 893 32994
33058 533 33058
33072 869 33072
33153 486 33153
33166 5 33166
33532 177 33532
33641 269 33641
33753 617 33753
33778 985 33778
33795 15 33795
33841 752 33841
33908 882 33908
34175 699 34175
34363 2 34363
34374 295 34374
34455 292 34455
34514 196 34514
34570 696 34570
34843 730 34843
35034 701 35034
35280 462 35280
35307 736 35307
35388 776 35388
35487 2 35487
35628 551 35628
35684 115 35684
35775 122 35775
35860 889 35860
35893 15 35893
35960 568 35960
36201 435 36201
36300 940 36300
36357 372 36357
36423 837 36423
36466 455 36466
36561 449 36561
36747 655 36747
36907 698 36907
37071 210 37071
37113 318 37113
37199 722 37199
37292 89 37292
37314 913 37314
37453 624 37453
37547 11 37547
37651 635 37651
37668 441 37668
37669 29 37669
37797 706 37797
37804 207 37804
37901 544 37901
38232 169 38232
38331 707 38331
38401 160 38401
38422 394 38422
38532 545 38532
38551 835 38551
38655 600 38655
38710 695 38710
38740 786 38740
38923 870 38923
39078 472 39078
39233 477 39233
39294 338 39294
39388 934 39388
39544 296 39544
39748 588 39748
39799 116 39799
39933 256 39933
39934 75 39934
39974 155 39974
40114 267 40114
40117 879 40117
40147 371 40147
40255 441 40255
40266 647 40266
40339 977 40339
40375 632 40375
40421 810 40421
40441 111 40441
40531 789 40531
40611 18 40611
40618 4 40618
40751 269 40751
40783 438 40783
40857 84 40857
40895 227 40895
40923 157 40923
40987 428 40987
41032 865 41032
41049 598 41049
41237 768 41237
41436 29 41436
41476 876 41476
41667 965 41667
41817 492 41817
41905 983 41905
41961 823 41961
42068 948 42068
42254 586 42254
42422 525 42422
42460 785 42460
42495 840 42495
42681 15 42681
42722 415 42722
42892 435 42892
42962 327 42962
43159 775 43159
43210 219 43210
43385 839 43385
43403 180 43403
43446 98 43446
43612 93 43612
43616 489 43616
43620 413 43620
43723 874 43723
43815 988 43815
43867 408 43867
43990 463 43990
44184 355 44184
44223 797 44223
44327 659 44327
44572 556 44572
44680 351 44680
44698 980 44698
44736 973 44736
44794 953 44794
44881 635 44881
45013 620 45013
45205 577 45205
45424 509 45424
45521 504 45521
45650 660 45650
45709 388 45709
45736 983 45736
45809 638 45809
45921 585 45921
46050 678 46050
46151 999 46151
46200 606 46200
46269 174 46269
46298 169 46298
46581 295 46581
46844 194 46844
46880 391 46880
46930 453 46930
47044 405 47044
47118 873 47118
47167 18 47167
47275 677 47275
47459 558 47459
47609 850 47609
47669 833 47669
47746 944 47746
48000 604 48000
48130 153 48130
48617 965 48617
48724 464 48724
48830 698 48830
48885 333 48885
48926 1000 48926
49063 106 49063
49111 367 49111
49128 540 49128
49157 85 49157
49173 963 49173
49290 626 49290
49325 229 49325
49333 842 49333
49383 644 49383
49440 590 49440
49497 715 49497
49974 900 49974
50022 725 50022
50311 537 50311
50345 937 50345
50691 320 50691
50810 706 50810
50861 426 50861
50915 415 50915
50986 173 50986
51019 440 51019
51048 811 51048
51222 641 51222
51445 561 51445
51548 296 51548
51653 716 51653
52165 340 52165
52276 910 52276
52325 885 52325
52378 27 52378
52420 309 52420
52436 861 52436
52513 875 52513
52539 320 52539
52588 568 52588
52606 40 52606
52880 689 52880
52902 908 52902
52909 914 52909
52924 782 52924
52956 682 53035
53028 302 53167
53218 970 53420
53293 973 53447
53324 168 53604
53377 506 53623
53446 477 53668
53561 447 53669
53720 881 53878
53866 374 53961
53964 102 54019
53981 460 54073
53998 366 54448
54068 420 54486
54085 601 54560
54379 100 54761
54609 963 54784
54699 418 55135
54783 612 55282
54806 622 55377
54950 277 55414
54997 849 55468
55076 251 55546
55305 907 55760
55369 312 55881
55487 805 56195
55535 255 56224
55614 760 56382
55661 450 56465
55676 57 56809
55679 74 56847
55758 566 56930
55923 463 56944
55993 592 56975
56126 507 56987
56278 96 57003
56415 783 57027
56452 380 57031
56664 450 57045
56696 649 57108
56806 472 57229
56890 536 57431
56958 335 57436
57038 691 57667
57078 784 57737
57144 605 57747
57215 468 57845
57466 312 58116
57569 349 58178
57757 579 58261
57799 300 58336
58328 759 58427
58633 523 58633
58643 197 58643
58674 403 58674
58676 714 58676
58725 866 58725
58823 460 58823
58865 995 58865
58884 829 58884
58922 658 58922
58987 899 58994
59062 251 59175
59141 955 59204
59239 328 59353
59333 541 59621
59359 192 59732
59384 632 59781
59392 237 59805
59448 383 60152
59501 781 60195
59511 247 60256
59866 473 60373
60073 312 60375
60078 156 60424
60079 652 60485
60467 867 60600
60592 237 60782
60699 645 60828
60826 799 60837
60865 831 60865
60901 279 60901
60975 178 60975
61329 681 61329
61340 882 61340
61398 872 61398
61468 641 61468
61498 905 61498
61505 709 61505
61613 276 61613
61655 792 61655
61685 663 61685
61703 233 61780
61873 988 61873
61900 518 61900
61962 771 61962
61974 463 61974
61996 54 61996
62009 114 62055
62285 732 62285
62310 342 62310
62378 765 62432
62475 654 62619
62672 490 63092
62748 976 63178
62887 51 63278
63031 19 63308
63076 801 63543
63437 678 63547
63535 233 63590
63619 658 63817
63763 721 63980
63885 140 64039
63906 6 64302
63953 49 64317
64357 13 64430
64364 36 64488
64512 204 64517
64561 956 64561
64698 87 64698
65085 771 65085
65139 262 65139
65448 874 65448
65462 273 65462
65492 352 65492
65838 15 65838
65889 936 65889
66054 580 66054
66090 671 66090
66177 834 66177
66295 718 66295
66348 27 66348
66374 437 66374
66375 429 66375
66379 498 66379
66409 791 66409
66420 761 66420
66535 273 66535
66872 339 66872
67000 802 67000
67146 465 67146
67153 789 67153
67185 324 67185
67345 610 67345
67349 698 67349
67534 142 67534
67764 745 67764
67776 243 67776
67835 704 67881
68153 897 68153
68300 582 68300
68324 389 68324
68508 754 68508
68699 400 68699
68778 684 68778
68854 972 68854
68914 881 68914
69102 924 69102
69111 25 69111
69113 839 69113
69137 149 69137
69149 706 69149
69154 936 69154
69300 184 69300
69537 421 69537
69605 445 69605
69644 436 69644
69667 349 69667
69904 986 69904
69926 766 69926
70098 703 70098
70099 328 70099
70100 143 70100
70111 188 70111
70231 212 70231
70239 209 70239
70317 978 70317
70320 518 70320
70397 887 70397
70562 143 70562
70641 309 70641
70720 566 70720
70800 317 70800
70802 934 70802
70877 512 70877
70914 658 70914
70946 683 70946
70959 564 70959
70973 16 70973
71008 604 71008
71014 248 71014
71205 420 71205
71510 190 71510
71566 979 71566
71648 786 71648
71764 800 71764
72228 122 72228
72268 350 72268
72278 454 72278
72300 108 72300
72345 87 72345
72431 20 72431
72627 303 72627
72700 608 72700
72724 991 72724
72769 486 72769
72995 23 72995
73257 767 73257
73323 845 73323
73460 479 73460
73482 827 73482
73489 314 73489
73582 558 73582
73618 162 73618
73637 654 73637
73780 163 73780
73845 602 73845
73856 580 73856
74086 476 74086
74147 443 74147
74290 916 74290
74434 865 74434
74816 559 74816
74887 368 74887
74977 108 74977
75157 660 75157
75197 703 75197
75260 804 75260
75292 358 75292
75505 540 75505
75681 453 75681
75685 338 75685
75740 556 75740
75746 35 75746
75860 823 75860
75991 74 75991
76194 784 76194
76449 958 76449
76696 321 76696
76769 192 76769
76818 598 76818
76918 536 76918
77068 737 77068
77155 506 77155
77348 772 77348
77662 236 77662
77733 642 77733
77759 49 77759
77800 366 77800
77813 483 77813
77987 427 77987
78026 802 78026
78164 342 78164
78223 938 78223
78264 154 78264
78322 91 78322
78573 740 78573
78594 736 78594
78679 509 78679
78826 455 78826
78848 130 78848
79035 275 79035
79092 63 79092
79134 151 79134
79315 16 79315
79538 237 79538
79570 294 79570
79651 84 79651
79754 125 79754
79764 287 79764
79770 310 79770
79815 716 79815
79852 985 79852
79873 912 79873
79948 666 79948
80326 456 80326
80466 906 80466
80472 460 80472
80485 109 80485
80569 187 80569
80702 123 80702
80823 242 80823
80978 164 80978
81255 225 81255
81327 931 81327
81375 733 81375
81503 552 81503
81549 956 81549
81608 232 81608
81652 416 81652
81662 199 81662
81724 422 81724
81780 517 81780
81798 894 81798
81857 920 81857
81889 629 81889
81922 40 81922
82077 224 82077
82108 875 82108
82460 169 82460
82605 994 82605
82648 261 82648
82701 696 82701
82707 615 82707
82810 684 82810
82835 425 82835
82901 484 82901
83080 805 83080
83164 281 83164
83223 218 83223
83259 78 83259
83431 46 83431
83593 83 83593
83662 616 83662
83845 672 83845
83913 181 83913
84374 338 84374
84660 101 84660
84709 333 84709
84808 262 84808
84814 300 84814
84886 375 84886
84912 602 84912
85005 36 85005
85227 526 85227
85282 273 85282
85294 780 85294
85400 302 85400
85837 509 85837
86044 720 86044
86143 816 86143
86336 59 86336
86347 339 86347
86354 601 86354
86640 104 86640
86645 432 86645
86760 79 86760
86778 369 86778
86810 781 86810
86839 910 86839
86888 11 86888
86952 871 86952
87048 17 87048
87301 939 87301
87534 837 87534
87541 950 87541
87600 239 87600
87742 579 87742
87754 374 87754
87947 134 87947
88009 41 88009
88170 863 88170
88283 16 88283
88415 481 88415
88515 778 88515
88541 387 88541
88698 701 88698
88710 213 88710
88717 829 88717
88735 239 88735
88745 956 88745
88755 76 88755
89033 792 89033
89067 370 89067
89229 588 89229
89264 926 89264
89313 629 89313
89367 371 89367
89558 471 89558
89604 82 89604
89887 598 89887
90083 742 90083
90092 477 90092
90099 696 90099
90319 300 90319
90524 931 90524
90728 946 90728
90746 177 90746
90777 739 90777
90795 43 90795
90883 806 90883
90960 520 90960
91005 804 91005
91192 191 91192
91226 382 91226
91252 84 91252
91385 722 91385
91502 836 91502
91507 133 91507
91583 832 91583
91671 298 91671
91757 154 91757
91805 584 91805
91816 435 91816
91871 945 91871
92153 728 92153
92225 862 92225
92242 706 92242
92438 951 92438
92454 603 92454
92575 272 92575
92605 603 92605
92756 770 92756
92810 543 92810
93337 446 93337
93513 598 93513
93796 488 93796
93871 761 93871
93973 494 93973
94066 157 94066
94128 526 94128
94161 18 94161
94176 880 94176
94216 618 94216
94244 302 94244
94248 438 94248
94447 41 94447
94448 240 94448
94454 367 94454
94486 655 94486
94591 365 94591
94717 335 94717
94752 89 94752
94787 737 94787
94861 361 94861
94884 242 94884
94973 444 94973
95019 225 95019
95123 76 95123
95257 351 95257
95493 159 95493
95506 454 95506
95658 591 95658
95661 226 95661
95670 721 95670
95679 42 95679
95715 309 95715
95772 161 95772
96033 415 96033
96799 675 96799
96893 167 96893
96912 414 96912
96951 270 96951
96956 3 96956
96983 498 96983
97083 585 97083
97145 559 97145
97257 105 97257
97276 489 97276
97404 441 97404
97701 688 97701
97782 833 97782
97835 873 97835
97846 687 97846
97958 10 97958
98085 251 98085
98151 854 98151
98198 753 98198
98269 555 98269
98334 675 98334
98349 477 98349
98357 853 98357
98365 767 98365
98370 517 98370
98491 565 98491
98516 109 98516
98626 982 98626
98788 280 98788
98815 169 98992
98973 528 99112
99212 660 99505
99246 574 99537
99267 834 99540
99520 703 99677
99564 851 99737
99625 883 99781
99745 526 99834
99754 635 99979
99785 490 99986
99896 980 99999
