1000 999
835 220 18
360 918 972
683 633 729
335 875 266
585 231 575
136 52 997
712 124 697
964 146 469
847 232 642
566 380 558
236 899 530
681 249 472
458 578 322
894 18 10
137 236 30
600 66 589
841 366 463
656 222 804
854 650 129
123 708 136
512 578 896
420 847 856
354 319 577
807 124 201
507 314 206
83 440 243
219 530 746
365 372 221
443 414 291
941 267 696
3 788 402
892 257 685
315 209 871
650 480 377
340 671 112
176 196 254
564 627 149
952 639 53
186 525 365
484 362 666
917 806 630
907 108 985
384 339 965
2 750 738
710 543 643
130 827 723
912 198 928
985 849 148
636 470 29
196 698 455
299 230 805
690 369 621
658 813 104
845 594 167
719 880 296
287 533 321
289 596 535
297 828 900
411 751 559
767 675 203
849 283 580
389 517 496
833 908 892
481 172 556
71 996 414
987 794 21
795 100 532
434 604 962
157 471 206
184 350 679
88 552 865
559 521 441
640 195 401
710 171 877
543 223 175
430 830 302
41 230 103
856 765 116
957 479 314
325 38 351
507 238 565
9 588 675
715 498 468
923 852 928
167 509 744
158 206 222
152 530 243
217 176 944
811 717 658
727 641 97
960 621 996
277 131 587
832 168 852
25 695 978
789 588 593
660 31 602
145 566 107
582 598 221
667 839 909
429 701 539
644 480 290
706 887 464
25 256 698
569 230 967
558 735 887
841 713 353
61 60 517
75 194 932
302 267 484
373 125 208
383 523 362
441 418 359
650 188 535
665 721 353
729 943 723
801 513 859
592 980 351
722 125 131
439 910 682
451 124 218
442 756 613
308 240 858
698 939 342
990 212 525
87 444 309
837 954 536
379 254 282
837 782 283
838 230 474
373 8 322
507 24 970
637 512 117
206 121 798
559 542 365
731 561 318
979 395 620
774 727 186
943 834 349
181 602 358
492 745 111
945 29 365
982 446 956
997 119 804
858 270 605
130 514 439
877 4 228
576 584 144
289 84 249
235 670 175
493 539 294
141 235 614
141 607 525
994 22 891
164 309 128
135 233 621
995 63 976
529 235 100
750 39 613
214 509 301
875 743 626
594 882 332
65 101 782
984 1000 964
312 351 389
157 541 864
437 666 892
763 73 378
636 455 158
292 484 925
28 463 26
184 989 545
345 326 25
66 878 144
895 954 349
157 54 150
862 359 28
434 321 132
216 146 743
710 111 369
755 319 849
823 935 152
844 760 572
974 525 416
166 278 241
515 117 454
920 677 844
170 928 505
403 105 612
904 727 221
438 215 433
817 993 417
234 498 404
682 905 631
238 990 846
173 843 932
120 813 951
435 898 377
491 344 388
55 453 415
570 228 788
681 160 175
291 748 111
128 322 895
557 817 705
787 362 765
893 291 21
783 466 429
460 604 887
664 150 888
197 802 690
572 675 836
343 114 604
576 592 37
157 540 467
845 113 925
127 659 493
691 251 16
774 800 940
516 992 634
168 952 760
272 602 970
462 534 590
873 842 300
580 306 110
200 1000 483
88 27 59
415 121 600
398 680 619
903 777 935
376 74 576
759 486 622
510 701 305
629 202 726
394 753 834
402 587 597
180 277 974
848 627 73
751 372 316
883 159 879
202 428 720
19 485 90
630 237 406
546 673 330
708 867 684
765 994 859
640 416 407
802 731 185
36 256 761
520 774 528
358 853 886
868 32 164
541 387 577
64 592 961
685 577 90
455 332 385
271 568 318
451 668 543
24 384 731
342 33 256
529 239 227
103 599 549
746 375 274
505 296 583
365 40 981
586 190 626
197 631 458
257 49 870
809 351 672
315 143 158
791 167 414
691 352 571
161 933 557
982 961 500
398 737 707
441 133 213
427 627 995
156 85 645
520 726 537
752 25 633
822 1000 903
358 632 370
57 666 371
59 633 159
508 417 466
87 686 260
118 713 694
136 164 572
663 230 490
344 771 211
413 661 563
602 961 889
273 5 738
991 590 372
737 479 121
960 461 589
524 574 658
288 850 830
852 729 1
820 578 447
141 311 372
716 752 372
305 954 349
555 602 562
393 655 533
913 422 702
308 642 754
91 424 113
614 121 16
718 6 399
553 503 233
575 597 191
635 505 388
37 552 887
816 878 461
742 607 835
389 729 657
927 850 12
553 830 271
532 421 401
512 830 692
800 950 840
209 383 163
846 62 706
910 99 31
947 444 446
343 623 419
95 938 151
829 97 471
433 91 697
274 698 966
382 347 294
805 344 433
549 640 527
658 863 676
622 789 115
796 122 897
574 983 274
486 556 722
257 477 242
581 396 578
624 461 123
165 454 414
427 832 264
897 438 696
953 6 185
551 799 686
881 716 637
254 306 139
985 789 944
675 546 456
194 699 686
835 932 221
184 17 467
44 102 866
765 746 377
116 921 373
39 543 929
953 144 623
603 683 406
296 254 627
216 778 233
64 849 889
865 181 8
51 461 974
331 989 216
730 486 876
475 909 998
971 840 319
288 237 391
10 746 536
694 616 11
542 917 79
407 536 913
226 129 606
134 6 610
692 866 112
983 859 200
353 124 141
977 530 563
253 467 902
956 205 22
849 51 692
249 728 499
258 810 789
360 962 358
345 949 733
207 874 242
591 284 893
187 900 237
85 850 598
162 172 232
967 721 231
374 372 801
743 378 439
248 190 83
145 797 488
757 949 394
473 493 745
657 40 476
410 400 199
694 808 189
46 149 958
732 297 21
853 132 753
520 626 480
269 348 806
121 702 168
928 831 66
594 247 124
871 323 177
647 964 10
550 740 829
552 285 12
455 936 203
643 691 447
809 780 967
15 249 252
827 785 599
935 100 18
784 390 266
996 298 486
110 762 358
703 539 232
252 342 298
986 312 631
67 356 78
617 330 586
9 547 639
605 447 145
975 61 242
562 681 168
951 563 376
468 861 146
842 756 121
70 20 962
710 16 535
688 846 163
799 859 62
490 666 442
162 601 207
96 879 610
50 538 33
814 659 785
745 727 845
891 137 763
988 201 75
410 673 1
794 802 102
955 93 828
919 791 868
60 241 418
370 863 24
181 34 937
492 529 662
310 101 110
500 332 868
434 119 70
840 508 523
804 548 93
537 533 902
325 409 517
102 251 804
9 408 512
714 915 224
512 227 887
70 29 616
388 334 926
588 571 434
855 966 93
382 693 594
43 571 671
559 347 992
46 334 962
233 912 864
383 955 825
998 63 454
964 642 388
964 122 165
976 715 811
426 441 300
860 941 857
399 10 311
33 340 791
641 210 773
151 717 236
79 619 237
824 439 539
612 915 565
350 848 411
68 328 563
270 205 118
489 847 340
260 530 845
547 189 308
938 557 866
693 754 280
245 377 191
973 380 555
109 923 324
50 613 976
609 557 219
888 931 989
835 649 73
579 204 976
390 593 426
699 243 42
52 147 327
718 93 839
377 969 324
177 34 921
981 110 820
729 187 26
653 467 875
962 346 144
734 57 761
179 130 925
772 560 705
549 648 336
995 295 624
338 26 841
986 104 61
290 464 790
429 169 459
192 126 156
11 653 280
264 746 929
822 156 22
890 532 486
431 949 484
677 244 99
81 664 320
287 109 314
440 703 456
506 153 629
312 618 587
364 787 371
90 673 916
911 883 139
687 915 744
129 640 800
947 583 518
470 836 249
720 762 733
447 988 743
531 497 346
705 709 573
473 253 902
528 308 770
48 953 622
237 129 835
547 160 855
886 131 594
996 89 889
106 684 950
744 303 426
281 346 344
350 872 455
20 386 406
776 652 518
263 318 661
398 883 40
32 920 675
351 747 703
392 684 43
709 848 294
164 12 474
200 31 997
266 10 539
346 815 121
381 53 113
449 404 505
799 700 772
115 675 529
346 138 64
18 721 278
573 651 30
553 356 558
259 472 803
936 487 536
287 99 438
966 850 363
14 449 444
811 464 497
669 563 183
902 925 553
42 693 348
724 992 952
828 110 534
472 175 358
317 627 211
14 74 284
830 320 911
725 400 995
949 252 165
867 858 43
476 250 679
290 457 61
638 233 712
485 290 550
595 2 308
315 823 323
486 418 715
608 401 501
107 66 506
655 119 633
931 407 994
510 887 897
796 6 710
402 826 966
387 620 120
94 92 340
110 150 494
359 545 829
600 300 408
438 770 989
670 282 64
456 725 923
265 367 204
592 821 721
405 938 982
950 616 34
855 499 462
402 916 117
925 611 73
920 222 939
912 773 305
509 353 7
420 352 461
255 567 238
729 885 794
669 30 862
831 560 259
510 423 44
582 949 305
443 357 469
828 523 613
598 726 661
264 672 315
341 243 926
401 367 782
112 619 99
376 58 790
255 802 478
889 533 768
724 632 342
699 488 591
696 287 272
278 810 594
215 185 58
791 10 560
371 92 494
980 733 705
758 494 893
477 355 529
88 47 419
169 559 577
252 617 358
149 546 730
948 812 634
236 29 75
840 203 743
877 58 521
258 818 331
292 506 471
723 638 300
304 587 392
391 455 842
498 208 11
804 439 615
922 487 356
444 676 268
836 884 820
498 723 180
790 376 781
958 984 159
349 432 168
322 807 125
268 927 294
821 799 579
689 782 742
450 17 200
23 556 15
118 248 573
781 313 460
735 744 80
604 305 441
148 445 392
121 749 593
561 44 815
502 996 353
411 513 536
909 218 458
387 45 520
435 534 11
779 646 244
869 833 372
395 415 456
238 994 115
445 865 779
217 678 140
225 691 561
560 910 643
968 616 763
945 879 729
80 915 370
338 81 459
262 519 221
836 501 701
544 302 417
256 204 466
101 859 368
768 824 600
126 102 472
588 178 974
511 585 833
741 620 271
785 472 98
920 764 655
901 475 297
817 619 153
309 425 991
462 550 894
634 871 870
213 557 90
555 978 950
775 948 341
459 316 46
855 295 359
252 324 881
926 844 77
32 202 733
966 125 445
803 691 874
956 467 367
634 90 51
86 651 835
221 545 690
343 172 183
653 176 409
316 715 638
36 934 727
333 848 104
670 751 606
786 533 266
589 646 152
153 465 140
846 437 140
401 776 403
421 275 794
293 823 134
774 839 25
770 682 383
319 436 898
229 478 980
13 913 425
713 337 348
12 91 233
999 917 636
549 330 599
357 553 168
933 167 634
286 337 432
302 838 512
836 359 581
957 798 57
769 546 558
542 269 822
611 570 39
45 697 87
963 347 646
810 173 260
3 798 443
775 998 601
823 292 630
469 414 66
277 157 912
942 907 332
191 593 993
892 918 934
577 397 412
271 852 650
247 55 709
262 527 704
497 273 668
939 921 563
658 542 142
913 474 935
734 638 395
394 281 477
747 546 663
339 650 611
398 183 475
619 551 102
117 323 609
205 624 201
538 314 711
525 404 601
740 140 369
354 315 530
405 536 586
864 554 654
831 518 217
908 981 206
31 147 283
503 208 74
592 361 303
126 522 195
975 654 517
109 155 320
817 458 167
422 193 191
444 470 928
294 996 340
35 327 965
857 682 927
59 494 62
276 485 140
552 851 593
721 116 275
380 500 28
21 786 195
177 725 127
146 658 676
152 982 942
277 545 395
430 972 686
777 230 17
154 7 314
590 457 185
959 121 166
397 748 678
932 254 578
970 131 314
495 928 478
714 696 685
869 632 521
259 59 40
356 56 115
576 87 718
97 228 663
914 929 827
807 211 433
987 758 925
676 291 498
659 200 198
782 589 291
876 325 74
49 896 448
386 263 574
842 186 5
941 333 261
408 7 206
829 241 316
307 543 21
497 598 386
344 540 0
823 103 534
417 280 494
89 848 573
449 343 197
777 246 130
482 368 561
128 296 572
429 363 487
434 178 466
573 739 476
874 73 351
550 146 453
483 620 383
970 618 256
770 365 232
882 676 737
744 57 345
798 385 990
404 223 499
298 628 752
492 504 304
511 674 551
838 224 554
510 1 225
985 511 46
792 688 51
452 513 27
188 7 290
711 883 749
606 234 741
652 441 674
142 818 679
748 69 244
388 496 881
738 685 785
940 628 389
565 336 461
708 825 381
432 115 646
139 273 36
784 163 376
818 565 237
28 482 425
914 954 985
923 273 70
852 946 791
454 921 427
7 843 994
51 581 709
573 983 185
625 944 156
797 926 0
945 558 303
174 596 463
439 23 538
228 72 625
610 488 665
639 182 557
35 648 53
88 881 69
766 767 984
793 379 676
106 966 221
725 930 782
946 575 422
940 470 124
742 284 306
53 794 181
328 531 105
468 61 199
871 279 266
261 154 846
886 77 916
44 971 375
448 365 214
378 790 324
108 965 729
492 554 515
337 78 272
709 403 653
286 384 219
141 362 848
477 535 619
73 946 400
707 563 506
140 377 556
70 526 559
30 530 785
143 457 966
82 623 866
119 719 447
406 315 668
159 761 254
466 671 340
587 598 21
907 508 214
90 662 782
474 789 443
537 924 592
536 28 960
756 244 144
936 552 519
329 49 622
289 97 361
336 937 520
242 96 456
370 679 140
313 855 860
940 890 682
512 472 717
950 98 853
413 92 613
997 84 179
713 199 932
405 300 721
229 876 561
301 167 406
71 76 967
819 184 919
701 419 281
704 642 194
988 73 213
476 516 298
906 604 511
163 252 641
625 375 312
901 637 141
369 416 398
481 540 808
412 356 498
870 317 187
876 888 194
321 610 92
889 661 448
105 749 188
527 110 96
69 815 327
250 639 393
736 307 512
656 645 874
183 403 97
615 162 133
866 280 539
1000
278641 282 278641
279561 281 279561
300444 436 369568
493602 849 493602
497187 233 599260
516846 140 678423
819722 801 819722
921797 900 921797
981635 759 981635
982695 929 982695
1026132 938 1026132
1036712 786 1036712
1153111 489 1153111
1168556 603 1201824
1261448 791 1467833
1276998 617 1480728
1284744 160 1684412
1329319 642 1787383
1413281 486 1822260
1426687 794 1850669
1444979 162 1925341
1599575 676 2078828
1843961 980 2105909
2119128 814 2287916
2130664 567 2357054
2132721 780 2378141
2158437 987 2378979
2207366 163 2453474
2244651 403 2480861
2342064 903 2502393
2367782 700 2523263
2426215 91 2526902
2586836 728 2586836
2703905 965 2768360
2872667 870 2872667
3006971 921 3006971
3252092 616 3252092
3371780 76 3371780
3416898 426 3416898
3424791 400 3424791
3744031 485 3744031
3747263 590 3747263
3787372 577 3787372
3927684 926 3927684
3943752 992 3943752
4087089 290 4087089
4549938 311 4549938
4569372 175 4569372
4637114 751 4637114
4799038 430 4799038
4839660 329 4839660
4920842 363 4920842
5019073 166 5019073
5039464 396 5039464
5125072 357 5125072
5130051 924 5266727
5133877 848 5354787
5214255 115 5429233
5245061 249 5509584
5247230 471 5560697
5252014 278 5589397
5288083 72 5640415
5297340 549 5677639
5340134 82 6072375
5410053 274 6124814
5501589 361 6249785
5620219 680 6275605
5646703 563 6281410
5657823 594 6314911
5834337 961 6347887
5843302 933 6348164
5862129 771 6584438
5920856 608 6618158
6013061 50 6714737
6022233 419 6724640
6264510 197 6770152
6298171 2 6825312
6314379 708 6873469
6350181 190 6995023
6563602 458 7125569
6591635 596 7313559
6604465 587 7383204
6704604 905 7415490
6751998 64 7480871
6767681 521 7488736
6910666 946 8110121
7005371 45 8220941
7149258 454 8353910
7155049 148 8465376
7239545 25 8529681
7403741 4 8539615
7506217 851 8614497
7522293 665 8626136
7525977 659 8730414
7728296 401 8748684
7999380 530 8791213
8001868 42 8800994
8116373 523 8876774
8142559 640 8878276
8203085 33 9025121
8237603 300 9030830
8243141 176 9190151
8373102 391 9297227
8456211 831 9390836
8647252 100 9454943
8770435 705 9513743
8857249 5 9533429
8880307 128 9559079
8909393 105 9579049
8998206 873 9782971
9105810 144 9990458
9196912 76 10151892
9264665 646 10168463
9398584 263 10217353
9399499 940 10219440
9468537 204 10298758
9507448 404 10353581
9827296 315 10880261
9984928 893 10927108
10557002 26 11034698
10563700 8 11037060
10861584 938 11321008
11070001 892 11345273
11191513 163 11512620
11411529 665 11534566
11471049 696 11634560
11473899 439 11671335
11563593 875 11678114
11588583 643 11693076
11609766 748 11814547
11743936 538 11841965
12172499 594 12172499
12286055 693 12286055
12288391 717 12288391
12359120 88 12359120
12421255 264 12474660
12422679 835 12485551
12478291 997 12494216
12641030 324 12641030
12691419 528 12776242
12927831 154 12927831
13038641 743 13038641
13097411 313 13097411
13102002 183 13102002
13117334 84 13117334
13171855 26 13171855
13246110 958 13402584
13392093 696 13406915
13413512 562 13413512
13672039 95 13672039
13695200 622 13695200
14034326 192 14034326
14218020 648 14218020
14319611 133 14319611
14359463 508 14359463
14467002 583 14467002
14609882 500 14609882
14650036 897 14650036
14921598 682 14921598
15078446 34 15078446
15116975 865 15116975
15140378 816 15140378
15195498 468 15195498
15455875 983 15455875
15495972 573 15495972
15503333 11 15503333
15535820 620 15535820
15702153 881 15702153
15784760 112 15784760
15802579 650 15802579
15878089 527 15878089
16220081 887 16220081
16331251 180 16331251
16387629 221 16387629
16496361 482 16496361
16536114 686 16536114
16574904 204 16574904
16579893 536 16636274
16698588 847 16698588
16790964 320 16790964
16830764 4 16830764
17332605 804 17332605
17661022 471 17661022
17671311 690 17671311
17844436 248 17844436
18045899 41 18045899
18079672 526 18079672
18385708 6 18385708
18435697 201 18435697
18556469 825 18556469
18558346 178 18558346
18578134 826 18578134
18650154 259 18650154
18688177 606 18688177
18768668 278 18768668
18830847 428 18830847
18838164 554 18838164
18865647 467 18865647
18911357 57 18911357
18952785 610 18952785
18994623 691 18994623
19151312 669 19151312
19172488 353 19172488
19359359 73 19359359
19387136 189 19387136
19650956 86 19650956
19661480 441 19661480
19680471 863 19680471
19728286 844 19728286
19788120 894 19788120
19810392 845 19810392
20350587 400 20350587
20352302 172 20352302
20374844 827 20374844
20469882 782 20469882
20561735 914 20561735
20747887 628 20747887
20781976 453 20781976
20794535 869 20794535
20807455 461 20807455
20838831 296 20838831
20881310 247 20881310
20977611 158 20977611
20982140 925 20982140
21003695 209 21003695
21162703 867 21162703
21312481 597 21312481
21583517 658 21583517
21623554 35 21623554
21789511 961 21789511
21789542 411 21789542
21876265 993 21876265
22073980 619 22073980
22094224 922 22094224
22233544 683 22233544
22246562 854 22246562
22252751 331 22252751
22259218 724 22259218
22308534 709 22308534
22468782 849 22468782
22634560 946 22634560
22651180 378 22651180
22668235 345 22668235
22865553 142 22865553
22939812 145 22939812
22941657 608 22941657
23030874 909 23030874
23344296 317 23344296
23360792 652 23360792
23392489 615 23392489
23516159 343 23516159
23651688 63 23651688
23676461 209 23676461
23807882 607 23807882
23949626 795 23949626
24204568 467 24204568
24420913 302 24420913
24687832 88 24687832
24907666 87 24907666
24929633 733 24929633
25137912 428 25137912
25225118 812 25225118
25235982 618 25235982
25278041 74 25278041
25303515 759 25303515
25398412 685 25398412
25414685 704 25414685
25638025 69 25638025
25662722 815 25662722
25932430 699 25932430
26085458 525 26085458
26212746 970 26212746
26577622 232 26577622
26581428 927 26581428
26615377 635 26615377
26625035 756 26625035
26684604 754 26684604
26709691 144 26709691
26859318 314 26859318
26905795 997 26905795
26927576 863 26927576
27248062 70 27248062
27252494 514 27252494
27381863 168 27381863
27388808 304 27388808
27425251 594 27425251
27443581 50 27443581
27450776 802 27450776
27516371 398 27516371
27521524 776 27521524
27764371 596 27764371
27813743 654 27813743
27852852 382 27852852
27855232 727 27855232
27980729 242 27980729
28010197 356 28010197
28075358 259 28075358
28279367 167 28279367
28280963 215 28280963
28332690 90 28332690
28387926 386 28387926
28428475 298 28428475
28556438 970 28556438
28724950 444 28724950
28803368 602 28803368
28846891 426 28846891
29143575 721 29143575
29561856 521 29561856
29589837 104 29589837
29600002 995 29600002
29614233 665 29614233
29703264 241 29703264
29780250 931 29780250
29786225 400 29786225
29815451 526 29815451
29818268 712 29818268
29819821 702 29819821
29858214 941 29858214
30003557 305 30003557
30102752 419 30102752
30118921 837 30118921
30182150 855 30182150
30382940 55 30382940
30493972 791 30493972
30690713 552 30690713
30722077 797 30722077
30890776 203 30890776
30942299 583 30942299
30984333 914 30984333
31127812 957 31127812
31198255 335 31198255
31203364 781 31203364
31242189 817 31242189
31251866 556 31251866
31342551 739 31342551
31366379 855 31366379
31519087 998 31519087
31628004 153 31628004
31656991 833 31656991
31874543 68 31874543
31949360 68 31949360
32041485 698 32041485
32043662 872 32043662
32084938 586 32084938
32110157 92 32110157
32397346 2 32397346
32513604 286 32513604
32564278 731 32564278
33142442 903 33142442
33243377 698 33243377
33269174 977 33269174
33317559 950 33317559
33674032 730 33674032
33677233 505 33677233
33758785 190 33758785
33857715 675 33857715
33858971 478 33858971
34045382 365 34045382
34139101 352 34139101
34374143 405 34374143
34394809 498 34394809
34450588 670 34450588
34726923 505 34726923
35102186 246 35102186
35146124 35 35146124
35294340 493 35294340
35316438 967 35316438
35414890 618 35414890
35420050 462 35420050
35538002 849 35538002
35723577 376 35723577
35898813 905 35898813
36059504 700 36059504
36067508 615 36067508
36098506 779 36098506
36118793 398 36118793
36292452 330 36292452
36473464 938 36473464
36620429 399 36620429
36717598 714 36717598
36765833 860 36765833
36788990 387 36788990
36964501 625 36964501
37017770 670 37017770
37041383 465 37041383
37140329 510 37140329
37216730 504 37216730
37492182 197 37492182
37494147 421 37494147
37746360 211 37746360
38003765 975 38003765
38050878 450 38050878
38290774 647 38290774
38310248 637 38310248
38317495 513 38317495
38373657 381 38373657
38385764 737 38385764
38550231 302 38550231
38581014 558 38581014
38615997 908 38615997
38791213 404 38791213
38798176 677 38798176
38830660 551 38830660
38839913 614 38839913
38879373 120 38879373
38908804 431 38908804
39106416 935 39106416
39124931 255 39124931
39262423 85 39262423
39311749 756 39311749
39314893 132 39314893
39414363 84 39414363
39423600 38 39423600
39540836 380 39540836
39558780 178 39558780
39633587 993 39633587
39665766 740 39665766
39716110 724 39716110
39737390 786 39737390
39756594 61 39756594
39862835 456 39862835
39997983 578 39997983
40153000 489 40153000
40189134 589 40189134
40190495 58 40190495
40362385 479 40362385
40745832 75 40745832
40878948 569 40878948
40954059 452 40954059
40971834 86 40971834
41108354 662 41108354
41201433 862 41201433
41728722 222 41728722
41761848 195 41761848
41816044 700 41816044
42151138 789 42151138
42172695 731 42172695
42222745 304 42222745
42236561 973 42236561
42338177 637 42338177
42339734 994 42339734
42365617 872 42365617
42391061 889 42391061
42427625 959 42427625
42486941 233 42486941
42663483 457 42663483
42695525 905 42695525
42726629 179 42726629
42876144 182 42876144
42921392 923 42921392
42968375 265 42987327
43093083 155 43093083
43243279 695 43243279
43392301 621 43392301
43417218 312 43544432
43431778 797 43601184
43436422 449 43789029
43489866 549 43831961
43559521 720 43900547
43582907 366 44007837
43628169 86 44021718
43716583 73 44099907
43743329 934 44146842
43799924 738 44235992
43856110 624 44295390
44174346 409 44575987
44205714 72 44596955
44328804 608 44700841
44746074 364 44746074
44754574 684 44802656
44883859 358 45024264
44957333 105 45265813
45003999 674 45269782
45116395 29 45303413
45147015 31 45947629
46020903 799 46020903
46174826 340 46174826
46247356 616 46248884
46320623 415 46320623
46410758 514 46570807
46413828 42 46862567
46434048 317 47005020
46491484 139 47168618
46534016 966 47192351
46732194 434 47237917
46770450 546 47397065
46775443 688 47634315
46910493 35 47726481
46988565 913 47905161
47009001 966 47919003
47397606 131 48016612
47729954 550 48052863
47773325 181 48233665
48040536 147 48606658
48244057 852 48647140
48252838 589 48732554
48261420 555 48773649
48352183 163 48832079
48444708 412 48835800
48458276 854 48951907
48544728 616 48974335
48881863 196 49000865
48963621 224 49010840
49159404 73 49182185
49183540 65 49191813
49311857 307 49311857
49330750 600 49390647
49371836 463 49473036
49425201 372 49566840
49452905 4 49672744
49596179 760 49772417
49667171 221 49864756
49777760 91 49870727
50037122 446 50037122
50054554 880 50282499
50289441 980 50324151
50309835 793 50366202
50337572 493 50381663
50415943 142 50510812
50670023 201 50670023
50846038 547 50846038
50849711 183 50849711
50938598 286 50938598
51149677 943 51149677
51347905 446 51347905
51426376 263 51426376
51556629 209 51556629
51618077 293 51618077
51694404 349 51694404
51751382 841 51751382
51761886 771 51761886
52165482 474 52165482
52286359 488 52286359
52303149 546 52303149
52307675 229 52307675
52443558 776 52443558
52537812 134 52537812
52588712 751 52588712
53010663 508 53010663
53033753 916 53033753
53043015 709 53043015
53280020 956 53280020
53362916 615 53362916
53399537 384 53399537
53426446 70 53426446
53478667 766 53478667
53538264 99 53538264
53792302 407 53792302
53843380 262 53843380
54003127 173 54003127
54300795 263 54300795
54369137 505 54369137
54456710 568 54456710
54462683 603 54462683
54520148 65 54520148
54521964 393 54521964
54625998 918 54625998
54732688 356 54732688
54759636 235 54759636
54920338 154 54920338
55125531 945 55125531
55169930 638 55169930
55427624 176 55427624
55449424 598 55449424
55617613 363 55617613
55706353 781 55706353
55988436 767 55988436
56051081 162 56051081
56209531 552 56209531
56400404 281 56400404
56437921 404 56437921
56447599 921 56447599
56576506 221 56576506
56709254 79 56709254
56845314 272 56845314
56922320 721 56922320
56936891 659 56936891
57159840 557 57159840
57197936 303 57197936
57326523 552 57326523
57914922 658 57914922
57934031 922 57934031
58112051 946 58112051
58115573 352 58115573
58231753 363 58231753
58313453 635 58313453
58364212 15 58364212
58382631 969 58382631
58503374 789 58503374
58612276 24 58612276
58728064 743 58728064
58759852 93 58759852
58833504 245 58833504
59399807 381 59399807
59415210 72 59415210
59450416 110 59450416
59475326 172 59475326
59589547 755 59589547
59817112 126 59817112
59908156 116 59908156
59994650 887 59994650
60012129 554 60012129
60158192 580 60158192
60264207 644 60264207
60284558 419 60284558
60360190 63 60360190
60487867 461 60487867
60554632 309 60554632
60645795 209 60645795
60667785 205 60667785
60754310 68 60754310
60980599 301 60980599
61115155 200 61115155
61116844 393 61116844
61173120 835 61173120
61520151 805 61520151
61637588 521 61637588
61659754 898 61659754
61749253 971 61749253
61778773 118 61778773
61982325 89 61982325
62257626 564 62257626
62342481 316 62342481
62455117 267 62455117
62480694 11 62480694
62487713 55 62487713
62598700 651 62598700
62700507 296 62700507
62703135 520 62703135
62793326 680 62793326
62933957 550 62933957
63053391 867 63053391
63066849 434 63066849
63190901 330 63190901
63287929 730 63287929
63461121 643 63461121
63730920 828 63730920
63741206 375 63741206
63885759 533 63885759
64022978 554 64022978
64085411 630 64085411
64123873 423 64123873
64480639 615 64480639
64550079 362 64550079
64605540 902 64605540
64738143 591 64738143
64768734 325 64768734
64769072 446 64769072
64981852 982 64981852
65010270 775 65010270
65055346 130 65055346
65127076 172 65127076
65129302 160 65129302
65174836 367 65174836
65449760 497 65449760
65802500 58 65802500
65967867 501 65967867
66003791 467 66003791
66011845 737 66011845
66154607 162 66154607
66195974 304 66195974
66421083 324 66421083
66424520 548 66424520
66427353 943 66427353
66486854 450 66486854
66531940 767 66531940
66685205 729 66685205
66835742 952 66835742
66919336 462 66919336
66925540 473 66925540
67447851 543 67447851
67638623 490 67638623
67857486 272 67857486
67942937 874 67942937
68011740 352 68011740
68030362 275 68030362
68096398 746 68096398
68383307 779 68383307
68423740 842 68423740
68499819 651 68499819
68526595 929 68526595
68664999 244 68664999
68782105 940 68782105
68871164 104 68871164
69115211 635 69115211
69145480 646 69145480
69231477 633 69231477
69374394 764 69374394
69511054 162 69511054
69626551 638 69626551
69676183 173 69676183
69757496 937 69757496
69828339 488 69828339
69930898 703 69930898
69994843 431 69994843
70025097 735 70025097
70274542 21 70274542
70423626 834 70423626
70520922 533 70520922
70546989 447 70546989
70663611 234 70663611
70671166 847 70671166
70717938 218 70717938
70929045 241 70929045
70964196 429 70964196
71065819 30 71065819
71070409 155 71070409
71212526 658 71212526
71240940 510 71240940
71318174 170 71318174
71506326 308 71506326
71598954 122 71598954
71604092 89 71604092
71621881 110 71621881
71792096 875 71792096
71883176 998 71883176
71916188 651 71916188
71929769 727 71929769
72142939 994 72142939
72173643 82 72173643
72718116 83 72718116
72766323 842 72766323
72849670 454 72849670
72874326 407 72874326
72906652 104 72906652
72910421 678 72910421
72976053 278 72976053
73026003 45 73026003
73140941 15 73140941
73276414 984 73276414
73384903 485 73384903
73778943 844 73778943
73875329 809 73875329
73983486 885 73983486
74240759 487 74240759
74243367 926 74243367
74279396 173 74279396
74352244 592 74352244
74376608 387 74376608
74442661 511 74442661
74523366 629 74523366
74601749 33 74601749
74630495 917 74630495
74692518 445 74692518
74743213 849 74743213
74778107 637 74778107
74780374 880 74780374
74780596 203 74780596
74845178 366 74845178
74860653 191 74860653
74941402 156 74941402
74973977 678 74973977
75029625 499 75029625
75053618 70 75053618
75197853 590 75197853
75232484 557 75232484
75259048 392 75259048
75359044 489 75359044
75389075 661 75389075
75671708 707 75671708
75701156 135 75701156
75892320 544 75892320
76126756 819 76126756
76396739 119 76396739
76539366 186 76539366
76677704 506 76677704
76813699 747 76813699
76822039 17 76822039
76837234 489 76837234
76844103 52 76844103
77130960 861 77130960
77284211 814 77284211
77321183 523 77321183
77399711 998 77399711
77405227 477 77405227
77458538 36 77458538
77535429 846 77535429
77548408 814 77548408
77687729 569 77687729
77695444 106 77695444
77762866 553 77762866
77779699 812 77779699
77788123 254 77788123
77961258 354 77961258
78808360 841 78808360
78829580 279 78829580
78894191 67 78894191
78989037 342 78989037
79074472 915 79074472
79413890 196 79413890
79462115 498 79462115
79789747 586 79789747
79843415 494 79843415
80239081 236 80239081
80248908 260 80248908
80255156 942 80255156
80256622 637 80256622
80270786 318 80270786
80317443 892 80317443
80326541 693 80326541
80343972 129 80343972
80464490 590 80464490
80659458 709 80659458
80774567 498 80774567
80775809 275 80775809
80937314 679 80937314
81141907 639 81141907
81195627 703 81195627
81526658 985 81526658
81550605 576 81550605
81585409 640 81585409
81604340 876 81604340
81670416 166 81670416
81812208 876 81812208
81826302 627 81826302
81862490 647 81862490
82004845 272 82004845
82144436 973 82144436
82150932 157 82150932
82267869 901 82267869
82321053 98 82321053
82448161 844 82448161
82509605 584 82509605
82553017 462 82553017
82639711 622 82639711
82662217 996 82662217
82752461 876 82752461
82920220 517 82920220
83023240 804 83023240
83107374 464 83107374
83434298 461 83434298
83564398 20 83564398
83713910 466 83713910
83783798 611 83783798
83974151 617 83974151
84036692 106 84036692
84156316 78 84156316
84222824 278 84222824
84238154 189 84238154
84463466 353 84463466
84567186 148 84567186
84567269 5 84567269
84601502 224 84601502
84823175 515 84823175
84983657 275 84983657
85088410 233 85088410
85125370 346 85125370
85162483 227 85162483
85463137 172 85463137
85546863 515 85546863
85729926 88 85729926
85766218 744 85766218
85781348 749 85781348
85943463 954 85943463
85990060 840 85990060
86119196 777 86119196
86138115 480 86138115
86271787 554 86271787
86404250 627 86404250
86467150 925 86467150
86513981 21 86513981
86657257 518 86657257
86868169 455 86868169
86956002 296 86956002
86967190 847 86967190
86999901 670 86999901
87012887 639 87012887
87178504 547 87178504
87202735 639 87202735
87324436 981 87324436
87364143 662 87364143
87684632 439 87684632
87775681 502 87775681
87794255 865 87794255
87802855 845 87802855
87890535 401 87890535
87934291 99 87934291
87974457 865 87974457
88031220 343 88031220
88102450 469 88102450
88113092 960 88113092
88160250 870 88160250
88319033 228 88319033
88339532 397 88339532
88378526 217 88378526
88485633 851 88485633
88521004 252 88521004
88526799 370 88526799
88551042 480 88551042
88612232 823 88612232
88640772 542 88640772
88660315 679 88660315
88814622 769 88814622
89052546 926 89052546
89070910 23 89070910
89188186 300 89188186
89231842 800 89231842
89411845 609 89411845
89494261 503 89494261
89558967 918 89558967
89569069 898 89569069
89582705 636 89582705
89608447 157 89608447
89621077 580 89621077
89725968 196 89838106
89727497 893 89851387
89862722 324 89862722
90100048 510 90100048
90237783 187 90237783
90275645 813 90275645
90282028 977 90434586
90303403 653 90558868
90330609 125 90802805
90398520 290 90805300
90818964 314 90901814
91118292 441 91118292
91160175 523 91160175
91290386 910 91290386
91483509 63 91483509
91510023 734 91510023
91653724 305 91653724
91717283 627 91717283
91815075 709 91815075
91869011 99 91869011
91904440 954 91904440
92151002 295 92151002
92197324 829 92197324
92205457 758 92205457
92409087 697 92409087
92560695 786 92560695
92811012 745 92811012
92886226 975 92886226
92979413 674 92979413
93159987 581 93159987
93387885 283 93387885
93403259 836 93403259
93721620 599 93721620
93843436 264 93843436
93925273 714 93925273
93939600 724 93939600
94104950 994 94104950
94301515 616 94301515
94606771 458 94606771
94706951 619 94706951
94717585 545 94717585
94736250 853 94736250
94751435 230 94751435
94952584 924 94952584
94956223 25 94956223
94963201 298 94963201
95162204 724 95162204
95244748 826 95244748
95247148 515 95247148
95525615 759 95525615
95541824 817 95541824
95654739 655 95654739
95928354 88 95928354
95967178 517 95967178
95969662 379 95969662
95971392 164 95971392
95982448 763 95982448
96047458 933 96047458
96143451 670 96143451
96228564 523 96228564
96284358 31 96284358
96327581 319 96327581
96668012 16 96668012
96680297 136 96680297
96681292 424 96681292
96745804 574 96745804
96814922 239 96814922
96828923 297 96828923
96830769 314 96830769
96950761 683 96950761
97046905 32 97046905
97132085 694 97132085
97252748 43 97252748
97266697 320 97266697
97330634 998 97330634
97358272 792 97358272
97397990 568 97577979
97498570 99 97684252
97548526 386 97716901
97558787 300 97733891
97559765 951 97746798
97689460 8 97901784
97716037 773 97935476
97737044 679 98040388
97813962 327 98152855
97885244 715 98198931
98130172 941 98239508
98268223 998 98327062
98578319 84 98771044
98586722 338 99193878
98945659 815 99312167
99309821 381 99395750
99326664 367 99418894
99621489 145 99706044
99833802 988 99833802
99992112 64 99992112
