1000 999
677 78 214
899 414 5
604 64 754
23 957 452
573 94 940
992 196 554
441 520 537
276 973 878
753 222 29
315 287 208
833 811 485
473 592 402
676 520 257
558 702 173
305 280 608
115 212 538
965 523 71
857 636 732
36 976 964
241 364 876
125 829 490
661 795 990
122 967 56
425 756 934
124 933 920
632 788 686
861 566 45
872 910 455
819 512 36
236 964 267
956 581 917
131 972 910
566 936 292
818 174 763
235 249 981
483 380 682
335 65 630
680 730 318
993 843 963
496 746 322
645 138 698
416 470 470
736 931 684
295 197 217
909 846 716
361 908 332
537 221 51
366 90 41
12 430 643
436 86 911
851 635 2
121 597 685
813 139 808
738 804 831
597 216 934
282 864 247
614 962 873
556 380 822
160 14 400
186 969 787
290 615 346
556 982 721
828 445 843
580 686 716
356 127 517
563 223 736
233 323 191
884 624 917
485 286 547
344 19 778
508 245 156
680 984 619
27 231 68
451 941 690
589 649 189
744 642 334
17 854 147
355 928 431
542 326 166
592 663 601
334 755 237
331 477 474
297 977 66
154 980 801
805 136 549
901 548 813
84 397 877
885 888 366
526 682 779
15 68 135
521 469 894
472 318 834
458 156 788
423 716 826
342 884 625
605 410 521
41 15 884
916 765 224
863 256 263
767 393 993
39 995 416
39 651 179
207 27 806
419 347 671
343 14 774
792 846 904
40 262 582
135 402 232
325 396 572
602 789 42
102 709 335
686 431 843
873 575 307
949 621 973
31 879 833
499 776 801
504 630 281
716 197 742
235 461 553
467 685 15
616 33 410
314 795 454
757 572 797
607 824 384
823 827 888
112 887 615
114 490 301
564 151 486
837 458 604
999 486 476
561 986 766
839 179 495
175 273 459
654 448 925
654 339 851
871 906 951
358 850 315
132 575 392
191 446 989
121 747 815
988 781 383
515 16 703
680 25 454
545 307 493
898 295 542
583 145 355
471 41 122
968 547 184
285 88 466
585 917 765
639 596 875
17 540 427
623 51 821
726 547 424
428 659 873
501 964 4
43 893 802
338 566 299
419 315 849
77 386 479
332 557 847
461 838 182
525 267 984
244 533 869
288 447 936
51 791 521
984 13 458
64 455 499
128 530 293
762 586 461
894 415 551
845 774 968
407 95 967
399 415 598
412 813 905
90 330 569
803 311 563
624 656 602
481 994 437
135 534 973
955 188 694
161 694 692
170 455 157
831 499 272
753 852 706
957 172 275
89 778 126
481 359 448
517 848 461
655 943 364
248 684 899
812 182 716
502 413 164
333 104 841
511 998 500
166 22 493
237 498 400
494 700 952
407 49 168
915 649 974
586 503 109
722 10 662
919 419 89
514 636 583
926 413 303
704 198 900
552 30 478
34 107 786
302 259 615
731 934 667
513 916 835
800 681 142
42 265 944
205 779 339
37 566 792
974 353 753
412 253 509
918 873 42
771 820 523
189 17 132
695 498 493
345 870 418
489 634 516
876 642 548
292 494 300
367 219 197
420 552 327
590 985 906
215 911 867
226 383 825
199 579 43
20 36 504
877 237 175
333 528 430
832 181 611
336 317 558
110 904 183
656 394 367
646 542 276
608 215 615
869 299 110
51 900 475
356 747 885
792 936 524
403 260 641
591 82 162
115 616 355
683 373 471
612 58 17
173 213 565
574 299 26
283 975 209
952 874 429
59 961 341
490 476 162
633 784 285
145 349 700
253 323 554
853 35 805
608 418 87
11 629 464
489 293 677
183 946 576
257 398 294
570 518 471
949 140 75
943 763 203
12 903 39
76 601 805
476 306 639
532 6 246
294 905 922
715 483 55
198 564 627
248 2 927
644 407 47
789 726 624
599 859 69
11 622 925
797 224 642
87 687 510
1000 426 776
792 894 343
285 354 803
214 802 69
728 308 767
861 564 849
584 357 306
296 33 916
375 935 568
219 444 279
369 554 842
650 769 683
268 55 666
594 498 273
393 296 136
438 80 718
173 157 169
841 94 595
580 234 888
721 958 825
993 628 733
664 473 783
553 644 581
137 281 678
74 120 380
295 651 887
964 166 29
196 478 763
536 653 205
783 147 632
862 831 913
449 153 349
827 685 348
226 137 614
42 486 246
617 7 842
44 949 945
456 971 169
52 992 562
101 784 748
69 741 864
848 169 819
647 14 428
835 183 932
274 537 548
195 723 420
640 721 607
77 374 770
272 103 391
522 524 1
238 536 957
912 783 303
26 814 180
472 617 147
610 376 445
714 92 679
592 801 578
495 685 814
411 168 236
546 883 867
515 703 417
859 3 358
322 431 658
732 465 357
742 26 209
668 574 173
601 967 835
747 752 693
931 857 49
285 231 126
283 828 569
237 730 956
567 486 771
361 379 393
67 672 588
364 492 208
784 401 626
444 95 35
304 204 752
667 470 211
282 427 576
31 756 547
100 447 967
668 252 814
868 681 626
492 791 197
628 778 464
26 234 278
882 768 454
481 260 464
846 176 670
798 332 868
19 671 658
411 497 871
439 612 251
735 315 450
778 593 536
162 865 194
307 130 911
901 386 94
623 980 262
259 275 579
854 398 993
31 152 5
543 625 719
109 63 871
647 353 550
313 656 134
168 472 394
885 305 783
477 391 382
829 278 129
149 709 851
595 950 412
529 490 789
646 229 630
372 316 320
672 150 114
749 878 806
304 970 716
731 466 462
553 126 458
588 281 410
351 917 784
780 98 604
992 81 919
18 391 531
48 121 178
834 284 733
487 703 785
475 57 808
207 697 152
471 922 929
881 53 812
48 565 180
775 311 741
209 783 489
865 329 98
328 412 912
779 335 299
854 295 534
842 159 306
183 227 669
20 46 933
229 674 638
901 20 164
351 73 100
466 983 990
713 920 770
642 280 669
436 847 293
493 332 69
309 691 805
565 673 405
802 593 644
670 470 423
948 875 873
994 220 1000
368 831 830
482 897 476
108 768 655
741 531 931
561 959 496
696 604 997
997 514 960
225 121 230
50 562 997
183 327 364
277 86 173
334 235 207
631 145 500
901 929 296
539 165 949
111 185 46
331 371 809
782 426 443
10 748 712
777 826 741
867 25 26
249 984 623
799 387 27
105 990 694
293 9 757
417 962 788
324 525 800
468 449 71
383 660 565
994 845 932
256 889 213
68 887 124
34 555 183
411 429 424
614 75 556
560 950 423
172 856 668
941 898 857
97 745 692
763 933 625
656 506 646
311 861 370
806 782 920
115 303 4
545 337 610
658 301 741
692 971 896
576 803 34
412 324 848
568 872 969
392 204 731
429 69 532
746 138 700
693 203 157
205 526 608
453 983 647
61 236 545
5 895 899
713 991 164
982 421 504
254 658 481
712 573 18
27 830 912
138 118 387
896 315 180
28 841 349
357 845 558
93 8 632
146 198 568
258 736 276
790 41 512
549 316 953
890 877 563
299 924 664
864 863 98
213 558 254
732 281 792
445 977 427
710 938 207
10 191 878
889 402 797
925 465 666
106 265 587
955 243 661
700 190 120
540 720 353
273 228 563
244 764 781
286 144 116
553 271 174
683 840 922
606 748 809
462 242 455
947 764 487
125 380 632
854 113 89
566 578 40
345 349 748
734 907 756
55 401 826
362 7 788
855 386 885
47 500 524
934 80 433
409 116 438
34 953 260
986 499 506
990 928 397
657 552 614
343 403 863
677 579 930
482 564 111
170 46 83
389 977 649
489 596 460
549 51 757
291 457 200
263 553 491
554 811 997
94 366 567
964 6 959
319 860 982
799 754 990
892 276 933
796 911 812
562 66 64
327 233 125
230 705 541
747 949 360
250 1 156
793 504 206
454 955 891
24 252 893
615 739 68
877 141 164
705 484 83
419 469 635
758 85 250
670 510 10
231 593 73
509 585 165
103 784 691
440 571 49
687 69 962
996 957 161
214 892 555
844 337 890
927 432 676
772 450 159
945 424 836
727 954 4
309 793 419
867 679 835
442 308 236
645 72 723
99 30 155
195 797 782
867 577 29
61 786 603
143 665 224
910 853 833
707 918 996
262 850 445
644 940 521
446 603 919
874 8 10
543 630 154
785 731 982
302 384 325
206 984 729
178 754 695
600 341 676
629 745 246
643 424 682
201 206 885
23 942 312
175 335 440
740 746 737
239 604 478
803 711 336
901 340 633
103 842 844
493 774 485
228 53 672
17 991 390
392 478 782
86 733 31
275 902 701
395 162 241
669 406 45
835 119 71
102 857 78
524 761 663
303 605 406
912 627 439
358 962 527
448 794 750
255 11 839
381 542 226
618 659 385
638 789 310
336 633 80
781 142 212
254 474 628
686 554 747
785 5 922
892 931 506
428 869 175
897 108 862
601 27 366
211 118 249
104 646 729
601 360 320
381 533 29
43 947 112
243 222 113
523 817 970
630 112 535
238 131 512
939 380 245
777 71 845
328 325 130
29 336 747
742 836 310
290 589 479
314 787 101
58 950 471
761 572 718
694 860 972
840 61 206
195 655 712
410 81 343
531 875 783
871 714 438
151 390 383
433 400 76
827 998 942
536 362 168
445 261 460
348 329 951
888 619 226
656 479 8
607 527 748
428 305 126
113 739 672
930 774 714
620 742 54
624 853 625
210 379 355
254 388 598
518 978 485
403 395 269
427 420 385
998 488 346
577 989 582
971 757 180
548 571 419
474 9 571
708 835 257
269 660 339
338 519 594
308 464 216
825 513 748
462 608 433
648 159 105
80 520 585
751 717 233
232 570 509
802 144 245
311 743 905
777 365 117
580 921 48
434 161 818
56 666 918
126 582 416
177 226 543
956 365 231
912 910 909
339 787 872
750 60 613
12 568 676
725 852 8
156 835 89
844 109 152
365 923 299
317 749 677
914 335 418
539 888 245
809 53 937
631 987 64
414 91 386
665 501 28
343 317 578
396 508 966
75 463 577
82 756 19
814 689 936
294 289 840
932 587 427
765 225 421
124 668 405
217 497 656
613 582 361
85 98 414
750 971 488
38 849 945
742 846 806
960 236 846
26 981 43
913 47 869
799 105 454
90 494 739
773 696 15
967 731 880
202 953 453
177 908 344
250 782 637
333 619 279
795 480 954
966 814 415
29 321 278
422 770 799
701 991 697
671 406 841
451 874 946
486 348 323
241 260 397
173 824 354
821 652 863
662 211 449
259 744 583
437 744 121
451 251 370
878 505 703
308 766 351
891 334 406
870 766 50
990 436 892
880 291 391
463 563 793
892 138 529
363 496 766
541 268 787
711 858 983
598 516 784
921 388 637
59 757 161
89 771 671
382 732 396
889 45 281
32 237 52
971 535 97
404 907 78
439 756 643
339 18 59
851 963 828
177 590 438
674 845 978
772 336 695
867 56 632
932 464 206
810 697 970
165 706 252
827 690 361
881 164 968
385 493 328
542 550 291
860 364 779
443 513 354
246 121 770
507 855 718
486 951 784
718 829 130
906 397 487
208 378 931
134 460 256
859 288 610
926 218 262
208 565 677
582 235 432
937 426 561
675 303 135
926 80 566
569 496 806
454 377 744
929 163 163
312 933 3
750 691 11
393 703 164
219 203 23
300 859 550
61 191 118
839 339 544
896 920 377
751 486 187
861 166 132
115 230 912
79 369 34
279 837 361
97 546 61
804 405 374
128 961 327
984 483 964
298 948 305
13 128 835
445 192 462
804 609 142
503 788 470
120 209 33
169 865 591
828 232 767
377 133 645
270 869 289
663 661 938
226 762 846
780 944 920
460 721 622
915 937 698
184 607 470
125 643 86
374 750 713
181 410 213
87 698 664
216 815 626
374 581 995
183 408 145
899 893 47
703 320 657
20 299 79
677 433 470
117 693 762
77 416 322
277 845 112
788 422 167
812 466 598
292 168 667
432 835 184
4 297 265
211 54 986
194 425 750
452 684 564
858 155 51
55 370 829
876 199 72
305 729 42
97 634 401
281 551 199
805 979 464
310 851 42
652 641 814
21 566 21
800 362 578
593 459 880
2 600 405
688 230 547
490 621 24
258 289 211
200 934 516
859 420 511
83 54 718
969 581 519
538 423 65
808 300 716
454 963 404
954 90 482
96 117 143
779 148 684
619 67 101
835 38 631
656 816 846
626 998 599
367 240 845
187 476 616
100 875 221
955 375 324
352 879 168
164 637 324
781 222 538
313 423 413
693 866 99
759 878 608
650 517 164
691 132 520
158 482 635
805 950 144
167 63 901
719 483 597
59 664 357
585 281 425
547 104 549
965 914 764
335 996 141
834 735 320
500 807 405
137 418 753
306 116 928
815 536 982
507 33 306
171 808 983
935 833 701
196 904 390
264 805 40
458 475 618
417 518 907
532 247 738
886 149 808
610 924 422
824 627 709
266 955 553
312 301 717
182 123 211
74 422 259
365 452 87
346 595 481
822 442 528
389 197 219
737 165 94
83 831 275
399 145 348
193 955 834
562 4 361
841 750 845
491 796 177
626 593 613
420 65 128
344 567 970
537 70 363
699 819 994
724 18 423
257 871 771
228 291 395
449 746 595
611 110 821
774 559 526
575 544 25
844 955 640
952 804 678
499 277 514
181 174 78
180 563 886
503 81 895
236 710 249
279 536 565
734 669 957
678 150 682
525 202 885
129 631 548
62 713 94
180 111 658
828 221 256
495 512 382
101 780 97
575 350 384
71 640 991
760 699 372
660 913 758
234 31 5
516 605 860
652 766 833
435 432 938
1000
25681 214 56218
91962 810 91962
102715 577 102715
192831 378 192831
388506 972 388506
431370 947 431370
433145 464 433145
442554 501 442554
453710 387 453710
471691 143 471691
563526 39 563526
716638 210 716638
734146 514 734146
749217 874 749217
816162 297 816162
836516 738 836516
900024 843 900024
904294 798 904294
934018 551 934018
1081412 625 1081412
1115269 840 1115269
1149212 755 1149212
1191091 370 1191091
1269580 53 1269580
1463932 755 1463932
1520425 72 1520425
1521008 810 1521008
1551395 646 1551395
1575427 423 1575427
1587882 13 1587882
1657950 427 1657950
1709669 6 1709669
1762594 680 1762594
1774239 902 1774239
1795501 666 1795501
1807977 9 1807977
1902138 752 1902138
1933037 631 1933037
1934562 561 1934562
2000735 623 2000735
2071334 315 2071334
2099217 570 2099217
2188565 406 2188565
2341574 648 2341574
2493673 828 2493673
2612124 433 2612124
2632954 381 2632954
2709949 537 2709949
2761968 934 2761968
2851944 161 2851944
2864097 66 2864097
2983915 534 2983915
3019742 313 3019742
3028745 433 3028745
3063774 747 3063774
3211603 419 3211603
3462914 943 3462914
3507119 342 3507119
3545450 41 3545450
3611598 106 3611598
3696827 730 3696827
3709194 636 3709194
3770880 886 3770880
3815252 787 3815252
3853722 914 3853722
3867408 185 3867408
3868639 476 3868639
3882023 548 3882023
3901622 659 3901622
4009019 622 4009019
4082651 94 4082651
4174938 378 4174938
4268419 723 4268419
4321553 328 4321553
4408660 724 4408660
4586874 532 4586874
4733620 754 4733620
4807602 288 4807602
4871197 550 4871197
4977175 413 4977175
5089211 617 5089211
5125726 390 5125726
5185650 706 5185650
5188040 263 5188040
5259679 436 5259679
5307561 110 5307561
5342258 354 5342258
5465149 460 5465149
5546356 886 5546356
5599240 858 5599240
5631708 459 5631708
5677411 814 5677411
5744400 791 5744400
5770313 421 5770313
5782583 174 5782583
5883627 654 5883627
6004492 173 6004492
6099431 976 6099431
6107952 864 6107952
6125536 933 6125536
6145580 717 6145580
6247854 707 6247854
6428823 628 6428823
6474475 721 6474475
6481487 270 6481487
6563376 791 6563376
6596285 313 6596285
6638145 978 6638145
6674097 749 6674097
6718295 926 6718295
6722150 943 6722150
6735064 705 6735064
6737805 362 6737805
6784289 573 6784289
6854609 665 6854609
6859663 166 6859663
6949064 913 6949064
7021842 501 7021842
7165838 421 7165838
7176231 49 7176231
7242524 191 7242524
7248663 678 7248663
7489066 821 7489066
7492254 668 7492254
7596913 129 7596913
7672188 533 7672188
7706978 471 7706978
7718134 577 7718134
7778557 216 7778557
7817936 718 7817936
7870899 240 7870899
7877362 21 7877362
7882428 563 7882428
7937644 235 7937644
7960527 797 7960527
7962345 71 7962345
8049827 162 8049827
8096706 131 8096706
8118008 574 8118008
8171161 494 8171161
8173838 927 8173838
8218711 238 8218711
8252992 666 8252992
8297582 917 8297582
8345786 226 8345786
8360436 285 8360436
8419266 121 8419266
8477497 704 8477497
8521687 228 8521687
8559104 781 8559104
8559504 538 8559504
8597081 495 8597081
8624206 871 8624206
8658417 846 8658417
8691640 243 8691640
8694674 71 8694674
8794480 622 8794480
8820718 398 8820718
8841924 410 8841924
8912286 176 8912286
8933605 959 8933605
8990295 732 8990295
8998353 19 8998353
9009010 43 9009010
9167488 244 9167488
9189876 290 9189876
9247346 208 9247346
9304287 487 9304287
9451541 499 9451541
9565695 262 9565695
9579068 472 9579068
9586914 601 9586914
9636767 58 9636767
9713854 183 9713854
9790304 438 9790304
9818283 849 9818283
9945516 789 9945516
9962917 504 9962917
10019779 304 10019779
10034878 849 10034878
10095987 243 10095987
10104203 92 10104203
10173458 392 10173458
10197290 478 10197290
10225716 329 10225716
10262231 127 10262231
10272106 59 10272106
10319495 698 10319495
10351884 580 10351884
10376990 617 10376990
10404891 179 10404891
10409229 617 10409229
10456433 891 10456433
10470612 888 10470612
10604011 918 10604011
10616442 884 10616442
10683423 175 10683423
10704561 701 10704561
10713050 737 10713050
10728731 535 10728731
10740444 508 10740444
10751079 109 10751079
10823530 904 10823530
10896132 746 10896132
10950963 887 10950963
11026614 475 11026614
11043583 922 11043583
11063168 48 11063168
11070331 833 11070331
11097000 167 11097000
11124135 46 11124135
11138417 539 11138417
11250419 206 11250419
11428210 686 11428210
11428766 659 11428766
11456938 374 11456938
11467694 311 11467694
11520632 250 11520632
11585999 692 11585999
11591804 992 11591804
11601277 649 11601277
11604139 942 11604139
11611190 308 11611190
11622472 60 11622472
11627843 727 11627843
11658459 40 11658459
11798980 796 11798980
11832167 952 11832167
11896453 757 11896453
11897175 476 11961582
12061030 199 12061030
12197912 575 12197912
12205342 750 12205342
12216600 97 12216600
12242766 410 12242766
12263400 489 12267196
12467231 655 12467231
12477005 861 12477005
12484682 628 12484682
12502477 475 12502477
12617790 246 12617790
12656389 606 12656389
12662315 847 12662315
12677175 619 12677175
12677309 718 12725403
12699021 840 12785390
12711106 361 12854818
12874412 486 12910158
12897888 510 12964466
12990206 97 13008938
13162725 484 13162725
13212290 141 13212290
13301113 807 13301113
13388186 984 13388186
13441920 317 13441920
13529579 274 13529579
13597313 133 13597313
13684522 84 13684522
13686606 701 13712308
13717863 68 13718146
13722809 546 13733516
13811126 63 13835467
13929402 456 13929402
13958200 532 13958200
13959337 12 14081037
13984412 424 14134682
13990446 257 14174350
14076619 111 14279527
14106186 670 14281000
14348200 782 14371179
14352661 254 14382987
14397339 923 14413197
14459533 671 14480401
14552619 163 14552619
14575952 367 14575952
14577193 248 14607818
14663559 634 14708583
14687647 957 14773820
14695948 192 14774767
14707912 983 14911505
14756999 947 14934639
14803389 585 14980428
14828791 25 15003749
14885600 372 15067058
14970532 641 15090345
14991920 58 15116333
15054879 568 15147783
15084757 122 15155098
15184955 707 15184955
15198778 215 15198778
15249493 807 15249493
15330902 419 15330902
15377194 881 15377194
15450481 300 15450481
15463526 937 15463526
15547249 394 15547249
15551330 226 15551330
15603849 1000 15603849
15637808 722 15637808
15673781 913 15673781
15765703 549 15765703
15780167 436 15780167
15786132 593 15786132
15815614 943 15815614
15840741 117 15840741
15881682 808 15881682
15882807 10 15882807
15964669 927 15987232
15982447 715 15989723
16009499 945 16009499
16067087 94 16146934
16152432 429 16160888
16268022 749 16268022
16313031 687 16313031
16319754 52 16319754
16332322 279 16594997
16347632 892 16628151
16349845 604 16701216
16461358 815 16783407
16504504 399 16878133
16521063 311 16890563
16523201 793 16904208
16575264 405 16965076
16592344 461 17078510
16611495 874 17086193
16642261 587 17123504
16645664 488 17166933
16715268 461 17260349
16771553 162 17300025
16889711 831 17312310
16909148 653 17325407
16917282 200 17369869
16964141 761 17385460
16975227 188 17397437
17005576 620 17440713
17057788 411 17495140
17087871 993 17560299
17089427 949 17585723
17104169 323 17688545
17277555 866 17695222
17287176 557 17728009
17288068 844 17932024
17299338 902 17949702
17382839 912 17980489
17403028 982 18061942
17487619 710 18100703
17501949 660 18154117
17527042 915 18161503
17534050 120 18218197
17535156 721 18248644
17540327 80 18303614
17545033 944 18334362
17586830 663 18359127
17605500 828 18463540
17621763 66 18473070
17641603 48 18548598
17645549 972 18591704
17650122 404 18664257
17668190 884 18673153
17682974 651 18706167
17700640 188 18712055
17715256 395 18713683
17827175 49 18716465
17831273 640 18737710
17838538 994 18749129
17869674 864 18808871
17900177 834 18898650
17907394 566 19026576
17978909 678 19038524
18031270 785 19044157
18073314 823 19061688
18176949 559 19069263
18199849 861 19091300
18253411 184 19131068
18258781 382 19289184
18273190 205 19413209
18278133 934 19443172
18315448 960 19473667
18401573 745 19502089
18408405 671 19575986
18442371 128 19621219
18459596 751 19842000
18513193 823 19859321
18643711 621 19940299
18727710 200 19943309
18802641 896 19956640
18825746 868 19976649
18979570 338 19982684
19128420 62 20040358
19142815 380 20111515
19169535 298 20145522
19195955 283 20179333
19326653 495 20366614
19489823 615 20384299
19502843 382 20401172
19626596 961 20401785
19675894 959 20456374
19697624 246 20533733
19733833 253 20537158
19741151 75 20654055
19789288 361 20709351
19813403 186 20790089
19816932 62 20802800
19851517 602 20838335
19946115 903 20925072
19954245 974 20951470
20096389 238 21005395
20104117 223 21057836
20176850 73 21080726
20182443 696 21097853
20200697 329 21121853
20245920 289 21131281
20302154 898 21155565
20327128 290 21183396
20389970 497 21194857
20399379 101 21239038
20417822 397 21261366
20420802 895 21375454
20523846 962 21395811
20534212 942 21432896
20568599 399 21441747
20609227 604 21456940
20673967 174 21465840
20695104 528 21468377
20705372 949 21518856
20733767 631 21548760
20735702 211 21569435
20776002 827 21593865
20805451 375 21610346
20884260 863 21681975
20920553 419 21750238
21063903 85 21783109
21069912 684 21821670
21072479 559 21854063
21130112 346 21930938
21235033 408 21936718
21261026 445 22015270
21294877 892 22040775
21440149 212 22072379
21447275 23 22115386
21489705 484 22117679
21644974 971 22155065
21645774 593 22160000
21712627 756 22197334
21745014 370 22296778
21808264 975 22379950
21877806 910 22399285
21903098 646 22471599
21904506 168 22483718
21911992 709 22553387
22014169 727 22567518
22247640 511 22598097
22425859 829 22645843
22465310 556 22651792
22492160 347 22657321
22522613 150 22703641
22554055 558 22861353
22678587 497 22863611
22705153 88 22954917
22711401 44 22962154
22720117 601 23084220
22726055 958 23205975
22751676 945 23211055
22793384 617 23252926
22865608 572 23273611
22865711 513 23305926
22867655 295 23343945
22981697 579 23503496
23002520 832 23509303
23107619 832 23582091
23136021 947 23748244
23163815 74 23764976
23268875 795 23780816
23307776 323 23790976
23311655 455 23804639
23350571 713 23847382
23511974 140 23935047
23534787 603 23999063
23677016 990 24155603
23727611 50 24191148
23746057 572 24215777
23746572 391 24234740
23790839 626 24250730
23815438 103 24261409
23821011 48 24324488
23823062 915 24361909
23826603 301 24422683
23888526 434 24424257
23984502 262 24458266
23999399 814 24677550
24085437 917 24701823
24250448 780 24712909
24256990 542 24741923
24340204 61 24820481
24406259 563 24824749
24433013 346 24825303
24469953 34 24830670
24630776 716 24905355
24631381 765 24909719
24634850 912 24970067
24716424 957 25013208
24724865 824 25014467
24842347 403 25037712
24877199 660 25045710
24912791 56 25074348
24919206 2 25096949
24942672 795 25259213
24980452 300 25269299
25053567 687 25290093
25103200 923 25485091
25103467 994 25561211
25129878 905 25596668
25134383 687 25779489
25355092 643 25781152
25456479 237 25799164
25474074 910 26010571
25499084 806 26118067
25579477 548 26125674
25650691 227 26159394
25751455 405 26214566
25801697 468 26229734
25814949 484 26270388
25826336 873 26316027
25853619 882 26361473
25901209 529 26368672
26004583 669 26380580
26059178 135 26429339
26109354 758 26478117
26205523 545 26482914
26213162 441 26497154
26253188 618 26506386
26315764 819 26513820
26318538 941 26608351
26417686 560 26696513
26535303 498 26718709
26538927 876 26733039
26551308 528 26797068
26719634 833 26858275
26737705 627 26913916
26761655 756 26935078
26771742 746 27103901
27001636 319 27138698
27005707 254 27158405
27084328 171 27160502
27107313 780 27171407
27123096 405 27180985
27262401 940 27262401
27289191 595 27289191
27310985 319 27310985
27466293 463 27466293
27575128 173 27575128
27659455 951 27659455
27685715 640 27685715
27701794 254 27701794
27718003 798 27718003
27769440 609 27769440
27771863 252 27771863
27822928 773 27822928
27823174 323 27823174
27830414 227 27830414
28143212 153 28143212
28154400 562 28154400
28171218 733 28171218
28259402 52 28259402
28260038 868 28260038
28345234 24 28345234
28356166 524 28356166
28403440 627 28403440
28445708 393 28445708
28460148 230 28503223
28584218 60 28584218
28634446 530 28634446
28806178 159 28806178
28807426 694 28807426
28812532 642 28812532
28870408 591 28870408
28920433 610 28920433
28985438 69 28985438
29060352 852 29060352
29084170 380 29084170
29131880 495 29131880
29270402 245 29270402
29322608 697 29322608
29325143 81 29325143
29359954 236 29359954
29435046 59 29435046
29501016 752 29501016
29772706 236 29772706
29856601 257 29856601
29860587 739 29860587
29962978 963 29962978
29973316 18 29973316
29990272 748 29990272
30084513 895 30084513
30096822 97 30100907
30371639 789 30371639
30375831 470 30375831
30407709 814 30407709
30411158 37 30419799
30457390 153 30468204
30497416 702 30501978
30553363 603 30553363
30570096 679 30570096
30584280 131 30759672
30667077 330 30767173
30685372 850 30813008
30700382 409 30850972
30738998 311 30920440
30776108 947 30962702
30920046 958 30971608
30964788 923 31011274
30968415 33 31096816
30981323 280 31140258
31024523 948 31251788
31029059 957 31253154
31063268 843 31253886
31173726 316 31339328
31362938 630 31397700
31384452 686 31404131
31418335 806 31466380
31443224 531 31737877
31472560 733 31820805
31502637 778 31831174
31524481 737 31850161
31684598 616 31922403
31707802 177 32178031
31725445 264 32192762
31761581 141 32244683
31764549 939 32313759
31789818 184 32341307
31853742 680 32416951
31919086 322 32418749
32110178 298 32425986
32136640 227 32465984
32237474 80 32492848
32302003 510 32513820
32306215 883 32526176
32327810 181 32551386
32379842 750 32664769
32431063 135 32701547
32440699 871 32730435
32467336 312 32791837
32570939 898 32805828
32610847 291 32846150
32637702 199 32889124
32690402 303 32904763
32730328 563 32939977
32759716 19 32946122
32792584 913 32954327
32857599 774 32955529
32931083 488 32966444
33124250 703 33124250
33335639 581 33335639
33355441 59 33355441
33389853 599 33389853
33417893 294 33417893
33493961 182 33493961
33501032 38 33501032
33506980 709 33506980
33525006 931 33525006
33603741 931 33603741
33661274 711 33661274
33755684 909 33755684
33789757 997 33789757
33802890 232 33802890
33851780 795 33851780
33863750 525 33863750
33897679 322 33897679
33940120 196 33940120
34100764 437 34100764
34151902 550 34151902
34154340 532 34154340
34161768 495 34161768
34183497 285 34183497
34203819 895 34203819
34295564 630 34295564
34331596 611 34331596
34331979 340 34331979
34420310 542 34420310
34437488 111 34535838
34444344 141 34611610
34488780 858 34920087
34502151 7 34970645
34587023 11 34985274
34663105 227 35030110
34703349 837 35044776
34782528 177 35049449
34796188 503 35051463
34816758 130 35160285
34898694 735 35168011
34902086 656 35184242
34913032 883 35190563
35045397 49 35276803
35060701 513 35294861
35085621 844 35307351
35108154 881 35318945
35110987 368 35319288
35135750 7 35367463
35163228 721 35544649
35179748 517 35644690
35181473 257 35744757
35422583 925 35752830
35468639 475 35754876
35479790 845 35826767
35538378 16 35854021
35679565 301 36114838
35742452 605 36117248
35769935 420 36137083
35792764 207 36195492
35796971 837 36218353
35819940 998 36253833
35822717 498 36442858
35836736 184 36482075
35878017 565 36485930
35897837 59 36495376
35944354 619 36554992
35960464 320 36643316
36133064 206 36652258
36182131 711 36686644
36200791 678 36700682
36218872 363 36731357
36323133 254 36740859
36357990 305 36860227
36359531 4 36868817
36438800 952 36889883
36442680 590 36896392
36489820 357 36973092
36509279 425 37014182
36545862 709 37028599
36624397 576 37060162
36659809 101 37209061
36675835 386 37234162
36735683 870 37254647
36831055 470 37259417
36833861 39 37285535
36858354 92 37317111
36887491 365 37335312
36896971 334 37360112
36906751 188 37414224
36917036 94 37493963
36954205 200 37535985
37005737 165 37561925
37037003 641 37586665
37040767 248 37768644
37123611 508 38066214
37180910 942 38086731
37237846 154 38131378
37242270 829 38183786
37267967 322 38237677
37334704 442 38267207
37358937 682 38314213
37417715 15 38339450
37458014 51 38372265
37459383 616 38464756
37461779 494 38588938
37532307 557 38604001
37532368 111 38624519
37556026 496 38661873
37567298 972 38730159
37573978 468 38749681
37583981 680 38841131
37603588 639 38857057
37618407 968 38873505
37669936 156 38942906
37684529 712 38951647
37723319 694 38954123
37815286 824 39009240
37880309 470 39021138
38028003 917 39035747
38107914 263 39081564
38114141 30 39140956
38118583 295 39162541
38153737 531 39200021
38177486 448 39200176
38187311 331 39430857
38189834 70 39453620
38285838 221 39561567
38331890 279 39672278
38338163 750 39690787
38353505 756 39830304
38359180 988 39833379
38462474 771 39935074
38569863 610 40076104
38624565 325 40118288
38750657 791 40186973
38863124 527 40200329
38871980 280 40281459
38951790 726 40332972
38989150 665 40424156
39025431 267 40489401
39029159 152 40497250
39050993 175 40520717
39082772 915 40596256
39131736 950 40613760
39178969 364 40679272
39226927 17 40715832
39229303 914 40765770
39253764 407 40797147
39292054 669 40816291
39352904 660 40823775
39415108 917 40831984
39429608 283 40846924
39448882 334 40936054
39667008 354 41003829
39676644 842 41127319
39799101 631 41148463
39800370 743 41189929
39806716 937 41308511
39954808 358 41450366
40035963 406 41625858
40105131 845 41653283
40166324 413 41703301
40182131 729 41705648
40273440 434 41729533
40287661 43 41738503
40337993 267 41746743
40407371 961 41802864
40429833 87 41821798
40457437 43 41832550
40462043 518 41889379
40476139 491 41957938
40611941 104 41983063
40660106 216 42010494
40668539 86 42048572
40797232 140 42064327
40915822 215 42129650
40958375 992 42133580
40970698 227 42160166
40985131 554 42265593
41095547 730 42298773
41373724 931 42385895
41425033 712 42387278
41439175 270 42418417
41513492 259 42420412
41540640 995 42519204
41587277 260 42525967
41630956 480 42616360
41664121 672 42633844
41704496 56 42682658
41745186 212 42688551
41746427 732 42736284
42093676 92 42792993
42149065 351 42904749
42151093 532 42908762
42238448 486 42918312
42309837 113 42934639
42326499 823 43178228
42418286 330 43228723
42423737 774 43234218
42480265 354 43239356
42590121 527 43290358
42752335 288 43380293
42805157 746 43392053
42841677 163 43410662
42874918 197 43447505
42880926 950 43549275
42911087 135 43560956
42930783 866 43569115
42968692 200 43588276
43016627 180 43626879
43035855 512 43689169
43042955 844 43734419
43058379 37 43740537
43068796 490 43746204
43078596 855 43773744
43141535 490 43781943
43188786 411 43960947
43188969 745 44054295
43201248 330 44091509
43308690 915 44133055
43412626 76 44202542
43492943 899 44206265
43505195 595 44238576
43523994 251 44349418
43584702 531 44417330
43652437 207 44470407
43665046 498 44496082
43671036 860 44522070
43724735 214 44531402
43782495 386 44634133
43843231 869 44797482
43939401 543 44842955
43953297 746 44890084
43967221 843 44926124
44009153 521 44936187
44029265 239 45025108
44045333 659 45085510
44104566 145 45094597
44206554 701 45096360
44234253 550 45115347
44282158 519 45123911
44366406 844 45126308
44407398 512 45154317
44436763 339 45222064
44571291 522 45277676
44625812 948 45283481
44671918 568 45420742
44782157 761 45457382
44799124 347 45497310
44820075 679 45526851
44848245 533 45528596
44897055 932 45573951
44934003 423 45634066
44979380 370 45711570
45089653 524 45772972
45105372 488 45828324
45173111 128 45967654
45181560 44 45972756
45258946 765 46014841
45333353 372 46026144
45427595 148 46116660
45430032 131 46187321
45488192 955 46259859
45491997 787 46292060
45500885 599 46310544
45546782 503 46317467
45616372 276 46319319
45637499 648 46323300
45806409 365 46349264
45819168 306 46351797
46146428 875 46393360
46212385 930 46402414
46245241 972 46465193
46321121 569 46509308
46375168 865 46580057
46391574 96 46741299
46402853 602 46890849
46403079 138 46966274
46446024 645 47007665
46452394 370 47018892
46504963 188 47030156
46521034 376 47061481
46619025 136 47076536
46638518 722 47125708
46709928 365 47150145
46778631 241 47217096
46811343 459 47227629
46813997 958 47316095
46831100 350 47354231
46838315 78 47466718
46870008 395 47473487
46979146 794 47565314
46998663 148 47587551
47095927 281 47638790
47202676 112 47664269
47242026 283 47697638
47242943 737 47779327
47244747 215 47886749
47274543 216 47904040
47276732 498 47947945
47303669 267 47976923
47324695 431 47977088
47331973 498 48084211
47348411 102 48247662
47381450 316 48252210
47409263 595 48304971
47475116 464 48306097
47531959 18 48365339
47606358 544 48365842
47704577 585 48365908
47740080 760 48402006
47866845 454 48406279
47901371 421 48436008
47903293 855 48444002
48111423 133 48536876
48131891 571 48546619
48186809 883 48590228
48265872 796 48682195
48281309 523 48690193
48327246 610 48728539
48343774 123 48738566
48392712 389 48800279
48415856 807 48805112
48419259 831 48830017
48524073 498 48931246
48545259 579 48946535
48612274 872 48979058
48643300 355 49085177
48908737 706 49102877
49074074 785 49108857
49113054 685 49180568
49159298 314 49183957
49164717 47 49254705
49182529 904 49269167
49217530 803 49272966
49245555 604 49359121
49356934 339 49375966
49445562 981 49445562
49468406 630 49468406
49480014 260 49488241
49501131 897 49510835
49679974 184 49679974
49740501 548 49740501
49751653 971 49751653
49757055 28 49757055
49796973 376 49796973
49802859 927 49810502
49838327 445 49887878
49863648 562 49966465
49917819 201 49990724
