1000 999
567 929 984
731 3 428
828 888 70
813 157 882
29 237 909
643 17 524
974 397 134
863 538 572
374 534 670
512 147 50
453 775 981
665 488 150
300 82 757
462 265 118
498 657 724
278 840 822
77 237 930
5 187 135
296 827 896
663 708 897
496 521 722
10 498 367
367 850 883
349 269 888
894 487 526
522 728 825
517 211 815
328 44 494
655 387 929
811 389 993
930 241 481
979 830 825
519 709 82
544 624 213
931 674 873
115 688 919
83 141 249
829 694 18
25 417 832
930 882 292
260 731 102
711 506 743
748 808 911
346 372 678
166 646 805
270 535 13
494 204 747
626 900 468
730 3 535
234 878 238
974 175 62
885 121 783
64 843 413
887 321 249
93 960 806
453 183 67
717 891 644
277 439 885
680 437 735
594 136 831
50 385 570
982 466 593
194 698 497
132 953 324
34 757 218
775 614 802
763 391 240
889 52 190
501 87 856
183 640 838
635 548 799
238 614 940
849 227 63
663 396 714
632 80 631
674 468 52
132 50 226
693 943 305
630 435 644
728 174 723
666 707 655
883 329 852
759 924 640
570 13 78
330 877 842
325 445 414
479 190 444
30 207 831
5 202 458
879 100 990
244 584 471
791 552 34
836 555 740
337 957 9
759 390 604
427 82 72
306 94 740
615 816 310
641 13 489
525 352 142
526 306 634
583 543 330
383 155 614
368 513 123
371 846 262
890 672 348
52 718 264
224 240 372
275 820 574
941 26 346
317 169 971
179 733 542
701 442 268
598 472 91
513 720 934
161 712 640
882 68 50
277 533 761
602 26 179
17 979 403
81 508 206
562 321 57
96 688 341
954 780 422
190 735 991
663 435 56
215 463 686
970 52 848
275 587 708
512 269 432
681 309 300
789 611 790
117 510 72
392 47 391
531 559 980
650 649 903
168 67 352
866 38 99
804 839 344
196 579 942
269 535 187
116 777 904
938 60 495
223 185 963
771 360 85
480 627 632
163 71 412
78 299 94
670 405 919
897 446 15
426 275 825
28 588 672
60 18 187
157 382 544
697 954 306
19 525 651
654 957 891
34 899 609
832 288 243
490 268 701
983 219 267
471 720 5
691 345 935
955 60 73
973 332 731
483 855 97
451 639 781
380 24 237
16 757 601
144 807 632
731 543 74
260 643 413
988 718 529
612 997 157
562 75 884
493 507 27
669 989 250
250 609 834
186 30 816
940 546 126
910 333 774
62 449 240
118 914 33
109 757 479
160 208 977
870 294 958
860 504 623
137 176 70
433 623 187
874 181 941
891 793 791
975 299 420
119 243 585
214 398 332
263 983 132
850 728 86
524 903 559
164 863 640
48 191 672
191 833 779
835 410 102
904 980 5
776 925 371
131 556 550
661 567 611
313 822 192
135 533 571
301 945 508
388 107 854
451 784 705
468 738 671
734 901 140
145 648 998
209 137 909
557 862 106
984 343 806
954 670 516
756 755 343
121 695 113
6 500 17
385 950 858
449 273 851
1000 636 292
690 96 339
570 89 776
146 908 228
465 273 551
474 691 979
423 39 765
348 981 752
948 219 663
965 23 896
745 532 263
320 687 345
89 11 675
671 397 533
74 494 80
936 443 848
944 701 637
824 675 694
577 281 177
158 624 188
152 95 382
729 812 410
914 731 829
195 543 314
705 645 98
374 268 307
480 416 406
185 90 846
949 875 681
520 511 638
334 607 177
272 193 245
963 467 564
256 730 705
64 414 183
549 810 476
775 415 435
767 658 771
834 959 613
760 545 808
692 456 804
63 915 756
120 520 622
270 787 525
860 749 670
225 588 764
840 41 995
503 862 811
406 239 921
102 116 92
2 56 550
786 472 599
698 582 273
431 340 663
200 880 693
26 719 244
564 250 625
754 481 643
941 162 709
287 158 591
345 272 252
162 957 511
773 501 686
732 646 85
965 335 278
816 727 518
160 113 315
407 141 223
354 587 11
400 304 243
98 426 873
38 869 401
956 875 328
173 455 170
14 617 319
177 452 164
53 451 104
207 318 990
604 777 671
661 739 490
775 408 267
7 56 516
938 434 825
884 276 232
199 854 950
512 360 999
799 999 849
694 874 869
158 155 644
334 444 1
587 930 723
343 439 862
282 709 145
801 601 265
489 846 941
790 696 732
525 658 593
154 262 710
771 9 547
54 646 648
788 216 198
840 949 341
17 560 978
897 655 631
826 556 112
813 761 296
138 812 984
403 166 706
212 967 509
805 581 324
309 582 306
468 206 812
619 680 482
903 123 607
78 207 970
61 397 190
423 94 903
576 952 586
917 344 56
174 357 376
867 67 428
774 690 767
998 853 907
356 530 988
741 217 961
910 665 663
336 173 268
386 92 572
700 622 323
667 226 129
607 259 421
885 16 651
567 758 569
774 330 906
228 113 375
562 235 430
918 259 721
153 815 76
957 536 758
20 496 926
690 297 704
203 397 135
450 319 737
810 68 178
365 625 396
232 646 927
714 530 163
92 127 950
47 626 375
399 375 30
570 495 85
555 387 159
72 69 565
608 901 686
416 458 126
159 807 286
428 233 748
553 699 778
755 800 242
440 703 854
540 948 322
394 332 336
205 569 659
808 651 58
497 884 475
459 735 451
693 756 515
489 122 471
673 942 657
763 528 165
150 962 220
237 274 413
45 353 554
942 31 41
549 716 770
355 49 892
101 202 990
402 261 514
752 945 108
286 975 281
972 101 489
858 811 427
213 596 538
878 80 95
410 42 560
671 189 295
838 381 152
104 634 782
894 357 499
12 66 950
599 467 961
130 992 28
590 112 788
638 663 763
925 289 734
603 797 740
323 946 728
50 804 965
992 561 581
362 160 809
850 903 275
169 163 54
36 58 291
770 55 524
571 470 559
470 308 980
536 991 864
686 878 141
679 427 757
704 739 405
835 426 463
824 422 375
454 376 520
523 990 468
253 868 217
673 769 725
117 864 865
161 707 920
371 480 774
911 764 143
170 832 627
176 531 870
771 298 251
138 541 254
719 999 897
911 910 613
536 689 416
385 366 950
984 916 619
481 97 460
275 4 584
548 734 802
292 846 2
747 961 770
750 282 764
37 818 612
656 817 526
377 155 192
247 440 948
395 805 149
707 498 602
795 411 496
163 181 105
470 105 527
704 291 107
715 652 441
725 336 831
483 647 973
906 243 255
998 887 326
443 825 476
234 710 757
110 627 740
976 116 779
437 250 261
145 862 617
307 406 419
865 81 787
363 109 429
14 169 333
311 542 40
627 595 783
97 126 592
585 352 793
403 717 711
990 513 914
742 452 316
802 662 752
174 387 760
526 78 431
91 512 788
995 42 919
132 230 305
143 57 502
629 581 970
150 322 805
419 420 936
682 868 444
321 970 758
593 606 379
352 568 31
817 201 44
682 727 744
266 539 626
9 895 641
693 90 691
989 597 845
536 848 899
786 938 702
817 142 377
308 378 811
361 946 593
146 921 711
101 713 508
774 346 839
548 5 510
457 697 70
860 522 558
102 68 136
601 912 433
295 650 267
44 742 744
421 895 83
687 548 788
114 405 95
969 748 689
625 972 427
569 561 745
8 902 125
589 84 799
251 465 737
547 59 683
317 45 365
795 212 142
958 335 420
163 33 241
443 201 635
264 166 354
652 323 162
641 753 904
75 248 284
43 188 193
750 821 608
933 782 47
374 198 143
558 36 203
566 959 294
369 869 110
948 598 223
11 432 693
144 32 753
94 111 894
348 534 126
337 924 871
685 517 451
761 702 647
252 958 363
909 424 587
789 934 714
987 794 408
612 285 709
139 686 70
460 707 215
646 84 47
849 295 498
576 129 967
315 224 199
796 656 316
358 604 117
468 828 363
430 868 228
970 484 124
634 978 46
611 484 677
50 806 111
125 557 766
250 171 105
488 499 786
768 239 164
417 359 659
651 725 834
213 401 937
228 827 443
241 293 997
429 117 965
237 153 184
165 715 582
814 717 597
384 329 326
872 400 144
280 260 186
326 840 255
358 605 568
300 969 143
418 573 319
844 419 108
831 51 257
668 922 805
231 935 950
108 971 570
486 253 330
743 890 229
211 41 460
22 744 619
683 656 687
958 482 958
214 131 780
676 439 673
900 130 361
596 838 880
943 967 692
902 310 130
164 158 513
405 516 995
837 176 263
347 802 350
231 270 241
350 391 926
171 842 419
565 215 316
359 164 865
407 134 884
640 161 615
693 81 657
534 986 360
357 955 252
876 21 63
643 316 74
312 941 37
669 11 957
220 117 619
437 180 116
450 2 579
218 127 951
700 352 594
117 537 915
143 575 336
307 131 607
932 536 191
622 284 543
429 818 759
450 83 565
464 283 834
592 83 855
814 824 356
57 79 958
501 200 0
245 540 171
213 649 478
584 699 193
832 549 443
833 397 220
102 996 312
140 543 193
842 919 596
229 469 400
279 545 308
72 416 123
964 191 257
437 667 14
106 917 925
435 402 868
105 236 656
924 653 836
595 881 329
515 945 849
569 845 248
678 113 90
762 814 611
736 961 379
354 856 182
505 615 549
257 800 999
541 79 101
706 858 30
710 280 908
360 934 129
129 600 996
683 18 235
409 612 645
739 925 498
782 384 845
631 338 697
441 197 392
392 747 277
812 770 543
178 673 890
296 59 8
219 920 480
333 173 208
613 806 197
513 669 650
769 680 746
150 993 52
594 168 257
73 175 817
76 214 681
473 222 535
438 28 979
65 233 555
580 773 2
529 517 351
184 459 403
120 215 926
819 392 911
787 477 780
818 561 921
853 926 263
566 428 343
516 154 336
50 475 696
777 722 204
393 253 844
927 65 452
494 695 151
380 561 599
434 167 76
603 582 536
628 747 276
589 63 805
120 665 576
184 149 438
404 199 714
945 264 17
790 401 930
812 1 132
376 303 334
307 485 433
504 704 589
40 851 488
22 922 416
342 381 451
332 823 163
132 355 917
958 372 480
688 713 188
433 723 14
723 119 738
960 767 584
189 156 670
400 536 14
314 715 88
933 530 221
908 835 350
860 898 118
197 235 881
435 474 97
652 246 484
530 601 211
496 464 13
35 103 196
837 732 262
648 711 184
70 727 610
305 418 6
261 855 170
907 692 497
420 144 214
610 996 760
89 392 231
784 480 806
778 313 731
389 38 797
896 1 663
798 113 606
172 577 62
266 922 338
203 746 124
350 711 689
265 89 296
933 202 20
6 373 355
621 484 11
267 852 839
29 249 402
242 205 584
989 46 786
405 90 818
314 684 419
51 588 70
305 680 799
876 169 488
431 438 35
310 16 449
480 417 697
375 124 950
421 877 876
772 805 34
337 792 295
892 447 41
315 688 985
730 642 418
146 133 214
555 608 201
85 641 144
127 460 506
968 765 868
497 940 896
870 748 816
913 969 432
939 385 434
796 987 961
984 628 216
909 574 476
900 966 240
985 743 288
409 319 751
425 701 368
596 210 603
804 136 83
847 76 795
461 241 833
745 864 819
573 467 535
765 50 686
616 216 374
753 364 935
487 577 683
319 284 896
923 480 604
815 491 592
714 422 419
688 370 174
680 324 575
259 375 287
636 146 815
461 534 110
132 963 338
330 95 347
220 338 414
731 871 206
737 986 82
590 533 582
740 497 362
122 873 447
299 586 677
967 660 483
489 917 630
908 741 299
72 351 414
879 477 59
751 680 627
537 55 683
331 638 706
322 82 248
126 347 185
797 88 172
733 803 953
705 395 149
200 937 794
664 662 403
236 712 304
422 633 79
883 194 11
739 192 601
182 614 522
456 344 327
45 403 787
554 270 584
629 810 274
922 302 636
227 964 325
502 994 856
644 84 163
440 96 80
874 271 778
797 518 354
259 216 811
245 290 54
496 463 110
150 327 951
585 64 156
442 492 984
733 110 150
528 933 798
766 340 127
346 177 720
219 258 62
702 175 613
473 419 431
448 389 766
10 94 247
443 402 484
142 449 457
852 113 465
476 335 366
436 803 983
634 703 233
251 928 993
168 466 562
857 641 713
379 48 191
210 334 886
83 946 614
550 795 918
759 724 703
707 529 735
388 706 115
893 759 391
942 779 422
854 542 135
781 221 447
336 977 664
572 367 130
486 558 419
659 508 591
538 293 746
591 933 577
337 553 432
345 886 807
448 969 354
279 481 103
196 272 627
188 210 47
744 296 203
2 222 248
341 5 548
128 135 191
63 514 191
980 908 822
763 255 421
6 595 992
826 669 657
542 300 170
726 282 134
737 620 629
664 601 164
153 973 518
844 783 749
211 941 732
944 682 119
434 448 587
416 637 251
865 738 285
243 12 144
983 851 353
198 994 163
552 38 578
870 184 550
558 252 945
618 126 586
516 809 624
151 287 243
35 921 701
527 70 708
226 677 424
276 962 323
851 233 528
857 859 222
413 268 115
10 303 846
781 432 654
577 971 302
526 821 189
765 478 36
838 229 964
861 246 372
493 275 114
882 147 808
951 76 219
676 878 147
447 913 43
905 783 523
249 484 617
522 563 153
174 254 107
325 372 794
99 126 207
869 551 362
316 225 585
841 11 251
412 962 110
518 578 114
672 509 328
252 723 102
755 672 834
659 953 968
281 86 279
966 629 211
744 15 838
953 474 420
593 193 329
773 934 930
721 148 665
655 852 112
27 35 129
92 785 501
721 915 22
339 924 674
576 771 635
208 381 901
126 313 887
947 162 831
574 745 119
611 689 990
220 121 831
127 93 710
1000
15404 832 15404
15413 143 25892
35272 197 35272
36886 549 36886
42466 134 42466
43129 176 67536
59785 216 72170
80016 397 80016
80976 900 80976
93986 845 93986
98394 179 98394
125396 330 125396
142266 659 142266
179125 505 179125
185915 646 185915
187990 677 187990
190800 484 207797
223644 735 223807
236824 354 236824
237710 664 237710
246078 967 246078
248429 590 248429
248740 305 248740
256020 532 284023
269657 554 315161
271435 504 319540
272792 256 320976
283556 274 336741
295668 300 341437
295693 597 341581
306554 103 344576
307020 324 351955
327800 558 360638
334904 969 371091
361269 933 379352
362655 274 382551
383939 648 392744
386601 452 415998
388910 563 416844
394046 224 429639
398390 758 433406
404948 25 435561
406656 210 443464
407870 491 449504
416048 358 451777
424100 249 458829
427310 947 465984
437879 43 470516
454534 895 481926
461215 729 485344
461458 470 490771
466112 608 501826
467394 191 534559
471853 173 541463
500675 656 554472
514877 816 555256
515646 862 561641
531722 119 563456
533708 571 567206
540952 258 575097
574649 910 597461
577513 884 603909
587709 842 603951
608460 339 608460
610553 547 610553
626549 741 626549
634107 829 637366
662689 834 662689
692192 601 692192
718674 40 718674
725543 524 725543
725753 421 725753
732683 310 732683
734734 803 734734
739722 81 739722
753806 380 753806
755065 418 755065
758508 254 758508
768718 608 768718
779780 706 779780
782814 541 782814
812899 459 812899
814485 763 814485
820152 961 820152
826762 970 826762
858043 764 858043
865720 477 865720
898755 523 898755
907147 436 907147
912321 507 912321
932018 312 932018
970020 959 970020
976268 633 976268
979794 104 979794
983528 508 983528
991096 547 991096
1003138 421 1003138
1025454 982 1025454
1031005 901 1031005
1087486 242 1087486
1089363 279 1089363
1102052 475 1102052
1109406 800 1109406
1115991 101 1115991
1133427 191 1133427
1142170 809 1142170
1152500 154 1152500
1196239 390 1196239
1208280 319 1208280
1210638 614 1210638
1213425 221 1213425
1215611 100 1215611
1218442 11 1218442
1224789 506 1224789
1228820 600 1228820
1289880 132 1289880
1304736 810 1304736
1307867 852 1307867
1323179 848 1323179
1330689 53 1330689
1338359 687 1338359
1377045 727 1377045
1383421 205 1383421
1384871 58 1384871
1396114 675 1396114
1404504 863 1404504
1422408 935 1422408
1429524 362 1429524
1434243 109 1434243
1446679 294 1446679
1469822 443 1469822
1498150 396 1498150
1504078 985 1504078
1513881 542 1513881
1529118 954 1529118
1535738 985 1535738
1559195 121 1559195
1559650 537 1559650
1586666 959 1586666
1592589 710 1592589
1596408 903 1596408
1643039 274 1643039
1654019 980 1654019
1655091 198 1655091
1662486 769 1662486
1684407 726 1684407
1688475 453 1688475
1690579 197 1690579
1727394 576 1727394
1730394 273 1730394
1735736 509 1735736
1736643 177 1736643
1760654 216 1760654
1764025 324 1764025
1770987 714 1770987
1772480 449 1772480
1777219 63 1777219
1794553 417 1794553
1796760 668 1796760
1797387 9 1797387
1804132 768 1804132
1812715 557 1812715
1852690 261 1852690
1862492 533 1862492
1863324 493 1863324
1876760 785 1876760
1912205 522 1912205
1918738 106 1918738
1923376 988 1923376
1926545 767 1926545
1934107 164 1934107
1936260 420 1936260
1980482 542 1980482
1984443 782 1984443
1996796 324 1996796
2007864 741 2007864
2009899 722 2009899
2013260 552 2013260
2039905 407 2039905
2044997 763 2044997
2078277 875 2078277
2082539 838 2082539
2122339 879 2122339
2130226 5 2130226
2139274 194 2139274
2142259 188 2142259
2145023 337 2145023
2148218 622 2148218
2167106 964 2167106
2168112 515 2168112
2168257 729 2168257
2178646 120 2178646
2178863 592 2178863
2190582 461 2190582
2194379 71 2194379
2207635 502 2207635
2216487 829 2216487
2218416 263 2218416
2226957 820 2226957
2228513 806 2228513
2241931 30 2241931
2247529 739 2247529
2262388 647 2262388
2268791 624 2268791
2272084 703 2272084
2273597 381 2273597
2302498 573 2302498
2325544 646 2325544
2328452 258 2328452
2334616 157 2334616
2351856 592 2351856
2356876 389 2356876
2380327 479 2380327
2403772 561 2403772
2413533 179 2413533
2415243 161 2415243
2438455 825 2438455
2451552 72 2451552
2482524 296 2482524
2495301 960 2495301
2527208 40 2527208
2531605 378 2531605
2538411 166 2538411
2558895 341 2558895
2585415 285 2585415
2585502 579 2585502
2604606 167 2604606
2613267 35 2613267
2613940 118 2613940
2614821 816 2614821
2641126 389 2641126
2660434 791 2660434
2684316 666 2684316
2708182 38 2708182
2710957 741 2710957
2717282 55 2717282
2729069 32 2729069
2729082 851 2729082
2763808 127 2763808
2767648 60 2767648
2769399 607 2769399
2780534 399 2780534
2798422 818 2798422
2813945 889 2813945
2834044 942 2834044
2864583 478 2864583
2865844 996 2865844
2867895 15 2867895
2874044 900 2874044
2880525 619 2880525
2881476 573 2881476
2886931 862 2886931
2887552 848 2887552
2899238 582 2899238
2904853 747 2904853
2912403 2 2912403
2921504 684 2921504
2925975 746 2925975
2954620 401 2954620
2961345 315 2961345
2966006 685 2966006
2973538 951 2973538
2976216 275 2976216
2984878 286 2984878
3002547 940 3002547
3008280 234 3008280
3023868 771 3023868
3042620 319 3042620
3046070 265 3046070
3050682 759 3050682
3055656 755 3055656
3061874 369 3061874
3062874 169 3062874
3063519 74 3063519
3103499 496 3103499
3119594 597 3119594
3139627 514 3139627
3151012 123 3151012
3153233 946 3153233
3161298 361 3161298
3168248 728 3168248
3187907 583 3187907
3208934 726 3208934
3225696 736 3225696
3241330 169 3241330
3256792 257 3256792
3262078 986 3262078
3264076 485 3264076
3277422 685 3277422
3287324 454 3287324
3330975 837 3330975
3346440 129 3346440
3347735 237 3347735
3390437 548 3390437
3395129 246 3395129
3419134 62 3419134
3429870 65 3429870
3435830 864 3435830
3441596 808 3441596
3444161 562 3444161
3446016 105 3446016
3457738 76 3457738
3464826 566 3464826
3464964 295 3464964
3466831 980 3466831
3480483 901 3480483
3505959 263 3505959
3510145 182 3510145
3519565 941 3519565
3520965 981 3520965
3521810 220 3521810
3549977 986 3549977
3551063 565 3551063
3554650 235 3554650
3558047 611 3558047
3565693 879 3565693
3569416 918 3569416
3573204 376 3573204
3575490 504 3575490
3578084 157 3578084
3590193 217 3590193
3591805 303 3591805
3599900 258 3599900
3616030 204 3616030
3625503 156 3625503
3632669 571 3632669
3635683 933 3635683
3647594 112 3647594
3661171 270 3661171
3684423 859 3684423
3684632 449 3684632
3686536 434 3686536
3691309 441 3691309
3695658 8 3695658
3707553 894 3707553
3708882 165 3708882
3753013 728 3753013
3753544 700 3753544
3761551 176 3761551
3767717 941 3767717
3769013 423 3769013
3771131 268 3771131
3785836 133 3785836
3790659 236 3790659
3791908 689 3791908
3796096 247 3796096
3806260 374 3806260
3817213 363 3817213
3818785 552 3818785
3822323 950 3822323
3826637 449 3826637
3827461 174 3827461
3829643 143 3829643
3829707 558 3829707
3830295 312 3830295
3837878 39 3837878
3839419 817 3839419
3846237 645 3846237
3865647 834 3865647
3876033 318 3876033
3880499 82 3880499
3884405 304 3884405
3890792 576 3890792
3892443 583 3892443
3903969 138 3903969
3907869 8 3907869
3917782 430 3917782
3923224 345 3923224
3931081 739 3931081
3939761 367 3939761
3943635 977 3943635
3945111 735 3945111
3958973 301 3958973
3977257 862 3977257
4003987 160 4003987
4006754 431 4006754
4012946 331 4012946
4020056 459 4020056
4021278 831 4021278
4049361 706 4049361
4051822 256 4051822
4070864 965 4070864
4099541 749 4099541
4100266 616 4100266
4104981 255 4104981
4112227 140 4112227
4121864 371 4121864
4123837 411 4123837
4143542 814 4143542
4145085 514 4145085
4147256 377 4147256
4158136 340 4158136
4162966 102 4162966
4165096 571 4165096
4166183 82 4166183
4168760 184 4168760
4169052 573 4169052
4201936 458 4201936
4224096 544 4224096
4233356 692 4233356
4236757 938 4236757
4240900 49 4240900
4250090 242 4250090
4259991 818 4259991
4270778 709 4270778
4279060 498 4279060
4286397 950 4286397
4288658 718 4288658
4291335 954 4291335
4294023 580 4294023
4296053 464 4296053
4302231 806 4302231
4308495 360 4308495
4341217 28 4341217
4354717 313 4354717
4377492 984 4377492
4381387 919 4381387
4384790 507 4384790
4387646 118 4387646
4390243 377 4390243
4415656 650 4415656
4427075 88 4427075
4437071 421 4437071
4438637 52 4438637
4444581 19 4444581
4495271 538 4495271
4506729 323 4506729
4512181 547 4512181
4521566 876 4521566
4525079 838 4525079
4534852 107 4534852
4539200 58 4539200
4541354 360 4541354
4557668 693 4557668
4557995 539 4557995
4563713 901 4563713
4575932 796 4575932
4583713 941 4583713
4589576 539 4589576
4592713 749 4592713
4598860 595 4598860
4625962 242 4625962
4635770 885 4635770
4636639 820 4636639
4637299 144 4637299
4673314 572 4673314
4693554 558 4693554
4695745 957 4695745
4697644 100 4697644
4704421 746 4704421
4727635 39 4727635
4749813 253 4749813
4769772 332 4769772
4784308 133 4784308
4791635 67 4791635
4801295 540 4801295
4805348 448 4805348
4814218 599 4814218
4815422 53 4815422
4827886 984 4827886
4833157 991 4833157
4833479 745 4833479
4856710 50 4856710
4864093 654 4864093
4885353 31 4885353
4894087 12 4894087
4899414 313 4899414
4908948 61 4908948
4916216 600 4916216
4921008 880 4921008
4958405 915 4958405
4960994 428 4960994
4964993 791 4964993
4966311 983 4966311
4983789 494 4983789
4985321 538 4985321
4989411 285 4989411
4997326 429 4997326
5001970 937 5001970
5020450 607 5020450
5027401 151 5027401
5039556 554 5039556
5045457 704 5045457
5063275 25 5063275
5080105 535 5080105
5080790 616 5080790
5082987 845 5082987
5094674 279 5094674
5097379 52 5097379
5115748 879 5115748
5118306 883 5118306
5126405 626 5126405
5128347 947 5128347
5136921 504 5136921
5139117 455 5139117
5170498 610 5170498
5176080 790 5176080
5177596 536 5177596
5181302 670 5181302
5191084 490 5191084
5201722 668 5201722
5216855 998 5216855
5216904 645 5216904
5221622 510 5221622
5232028 892 5232028
5238669 219 5238669
5245524 665 5245524
5248726 267 5248726
5252498 246 5252498
5275076 676 5275076
5276553 796 5276553
5293374 405 5293374
5337470 817 5337470
5340079 299 5340079
5343224 283 5343224
5366788 253 5366788
5376405 150 5376405
5380506 193 5380506
5396785 32 5396785
5399439 344 5399439
5400292 713 5400292
5405498 554 5405498
5406973 151 5406973
5414040 848 5414040
5425580 693 5425580
5430853 552 5430853
5436297 591 5436297
5438773 7 5438773
5438849 679 5438849
5447119 117 5447119
5467995 82 5467995
5492038 819 5492038
5509663 633 5509663
5529615 340 5529615
5531174 801 5531174
5543735 980 5543735
5560650 22 5560650
5570349 51 5570349
5600464 956 5600464
5603880 831 5603880
5605612 358 5605612
5607208 613 5607208
5612338 570 5612338
5650831 479 5650831
5668675 99 5668675
5680011 722 5680011
5682922 287 5682922
5682967 104 5682967
5685120 96 5685120
5693358 42 5693358
5693567 643 5693567
5695952 151 5695952
5702243 125 5702243
5702668 761 5702668
5702900 684 5702900
5706721 791 5706721
5716616 16 5716616
5718922 295 5718922
5730322 390 5730322
5769232 27 5769232
5786306 559 5786306
5786798 506 5786798
5787452 767 5787452
5793900 377 5793900
5799322 743 5799322
5831898 780 5831898
5842195 91 5842195
5844532 91 5844532
5848812 594 5848812
5860059 737 5860059
5867131 575 5867131
5868320 296 5868320
5878494 472 5878494
5888536 888 5888536
5892236 81 5892236
5911831 807 5911831
5914859 542 5914859
5916547 1000 5916547
5933200 691 5933200
5952090 613 5952090
5962674 35 5962674
5968065 95 5968065
5975137 434 5975137
5977032 283 5977032
5996016 760 5996016
5996271 35 5996271
6015305 222 6015305
6032260 437 6032260
6033821 872 6033821
6040025 684 6040025
6051075 971 6051075
6060769 134 6060769
6061128 854 6061128
6072338 237 6072338
6075465 991 6075465
6083617 919 6083617
6086854 209 6086854
6091411 217 6091411
6093176 601 6093176
6112271 489 6112271
6113593 706 6113593
6130073 461 6130073
6143930 491 6143930
6150056 85 6150056
6161556 791 6161556
6170690 200 6170690
6171687 128 6171687
6193938 617 6193938
6198723 561 6198723
6206189 402 6206189
6213993 716 6213993
6223849 193 6223849
6251885 220 6251885
6258799 110 6258799
6264114 547 6264114
6265853 568 6265853
6270706 553 6270706
6271377 693 6271377
6276719 71 6276719
6282730 893 6282730
6286455 745 6286455
6290854 836 6290854
6292368 99 6292368
6311397 548 6311397
6316344 154 6316344
6318274 71 6318274
6319031 964 6319031
6336545 693 6336545
6363504 611 6363504
6370185 104 6370185
6387743 317 6387743
6453318 744 6453318
6473579 306 6473579
6495273 284 6495273
6502665 392 6502665
6536530 733 6536530
6539877 526 6539877
6563068 277 6563068
6565394 469 6565394
6585149 353 6585149
6588614 747 6588614
6588924 231 6588924
6602523 303 6602523
6603843 114 6603843
6606337 129 6606337
6638593 447 6638593
6641171 714 6641171
6642219 590 6642219
6649146 736 6649146
6650128 430 6650128
6655073 200 6655073
6660198 105 6660198
6664277 213 6664277
6677679 550 6677679
6683116 695 6683116
6700829 73 6700829
6742680 913 6742680
6745184 27 6745184
6763494 181 6763494
6770258 96 6770258
6770439 731 6770439
6774203 23 6774203
6777343 97 6777343
6787754 450 6787754
6823295 838 6823295
6823856 201 6823856
6838123 726 6838123
6838542 769 6838542
6849967 985 6849967
6868707 488 6868707
6869979 417 6869979
6872237 869 6872237
6872765 477 6872765
6876885 841 6876885
6914892 86 6914892
6919629 547 6919629
6929510 92 6929510
6965032 227 6965032
6977377 772 6977377
6978530 447 6978530
6979176 529 6979176
6995145 995 6995145
7002120 911 7002120
7006595 180 7006595
7027288 285 7027288
7031254 813 7031254
7032794 342 7032794
7047882 739 7047882
7050034 973 7050034
7057854 132 7057854
7060398 502 7060398
7066518 532 7066518
7076426 170 7076426
7076853 303 7076853
7088469 925 7088469
7094778 183 7094778
7094827 615 7094827
7102655 54 7102655
7103282 896 7103282
7104843 29 7104843
7108945 519 7108945
7113113 883 7113113
7116842 933 7116842
7139473 808 7139473
7158138 441 7158138
7158207 627 7158207
7167682 185 7167682
7168236 728 7168236
7174314 330 7174314
7175843 846 7175843
7181163 809 7181163
7181816 189 7181816
7184902 765 7184902
7198153 127 7198153
7204935 234 7204935
7218130 679 7218130
7241199 633 7241199
7252354 829 7252354
7274204 950 7274204
7287717 178 7287717
7303951 112 7303951
7324945 45 7324945
7332920 163 7332920
7338044 69 7338044
7339913 278 7339913
7344498 453 7344498
7345062 794 7345062
7347579 204 7347579
7364087 793 7364087
7375393 548 7375393
7387844 312 7387844
7395171 549 7395171
7407475 337 7407475
7412448 181 7412448
7421825 74 7421825
7430397 194 7430397
7431211 256 7431211
7436264 498 7436264
7447161 314 7447161
7473197 398 7473197
7486851 791 7486851
7491522 585 7491522
7498427 764 7498427
7546950 189 7546950
7558263 203 7558263
7562550 795 7562550
7575770 37 7575770
7589289 434 7589289
7596917 283 7596917
7613076 187 7613076
7615954 301 7615954
7619226 302 7619226
7624934 746 7624934
7630971 930 7630971
7634306 818 7634306
7643422 802 7643422
7646819 531 7646819
7647716 788 7647716
7655203 551 7655203
7659790 905 7659790
7663598 870 7663598
7664879 225 7664879
7667025 843 7667025
7678455 774 7678455
7679856 693 7679856
7680928 100 7680928
7708631 492 7708631
7712805 561 7712805
7722554 536 7722554
7728490 705 7728490
7729796 932 7729796
7736811 611 7736811
7749676 953 7749676
7765729 121 7765729
7796353 315 7796353
7798106 578 7798106
7800124 618 7800124
7806144 298 7806144
7806725 313 7806725
7811143 355 7811143
7819653 744 7819653
7823575 277 7823575
7829223 441 7829272
7851745 848 7851745
7860782 764 7860782
7865266 66 7865266
7874769 373 7888163
7889904 586 7900282
7896609 227 7906524
7903677 925 7914986
7904421 178 7921644
7913719 844 7928987
7937130 746 7937130
7940844 193 7968532
7942881 854 7969609
7946321 687 7974975
7951392 213 7983995
7963278 429 7989080
7978577 972 7998889
7988327 434 8000759
7996131 42 8014251
8007994 325 8027838
8031370 870 8038754
8035654 147 8054403
8039053 908 8057421
8045209 636 8066842
8061794 586 8083781
8083749 894 8106181
8088970 337 8119046
8103289 976 8129561
8105660 95 8134910
8110183 163 8137005
8126034 571 8137086
8127649 565 8141347
8147923 45 8147923
8156010 228 8156010
8167555 848 8167555
8172053 260 8172053
8180995 36 8180995
8194253 826 8194253
8202403 192 8202403
8203237 689 8203237
8216144 520 8216144
8219992 514 8248609
8224757 482 8305439
8229436 662 8306247
8231308 94 8312619
8245595 326 8320701
8246870 497 8321285
8255020 133 8335984
8265277 491 8345967
8269655 554 8358182
8297762 321 8366431
8322361 170 8381090
8332025 181 8383126
8340733 667 8393928
8376116 628 8396608
8376884 849 8400737
8378257 449 8417721
8380316 78 8426149
8403439 42 8426565
8412596 251 8427728
8424166 748 8432788
8430819 693 8436464
8461350 651 8473738
8477538 460 8483422
8500088 93 8500088
8504664 915 8510609
8512116 957 8512648
8521442 384 8521442
8535355 969 8535355
8543757 38 8543757
8546719 307 8551029
8578992 512 8582745
8590987 193 8590987
8595320 583 8602401
8599534 629 8606631
8605088 483 8610089
8633945 186 8633945
8637115 436 8637115
8649833 648 8654473
8651651 813 8659056
8654483 107 8665617
8654599 629 8666627
8656508 142 8671285
8673829 234 8673829
8680810 50 8688765
8691925 179 8699560
8695016 384 8708309
8699989 278 8708403
8706346 775 8720390
8729588 64 8740045
8739422 772 8778396
8756602 945 8780301
8813169 812 8813169
8826293 531 8826293
8837571 170 8837571
8844187 245 8844187
8851873 651 8851873
8856833 122 8856833
8862567 130 8862567
8870870 905 8870870
8871025 98 8871025
8875613 688 8875613
8916877 262 8916877
8927171 127 8927171
8929149 781 8929149
8946250 222 8946250
8969305 267 8969305
8985593 169 8985593
9004336 786 9004336
9004558 14 9004558
9011228 12 9011228
9014993 536 9014993
9019679 283 9019679
9029740 671 9029740
9035381 346 9035381
9081241 947 9081241
9088371 142 9088371
9089880 290 9089880
9093850 178 9093850
9116588 399 9116588
9118787 889 9118787
9119710 15 9119710
9124767 9 9124767
9126901 939 9126901
9143686 59 9143686
9146665 355 9146665
9153411 1000 9153411
9158997 776 9158997
9163675 73 9163675
9188280 950 9188280
9216903 910 9216903
9230384 796 9230384
9230966 197 9230966
9241452 812 9241452
9256782 125 9256782
9275058 368 9275058
9285375 460 9285375
9287804 353 9287804
9303881 69 9303881
9307994 547 9307994
9309020 205 9309020
9317587 746 9317587
9334207 204 9334207
9338852 191 9338852
9348755 776 9348755
9359446 272 9359446
9360004 749 9360004
9371394 417 9371394
9371787 193 9371787
9401237 752 9401237
9404668 245 9404668
9409708 130 9409708
9415067 768 9415067
9417960 221 9417960
9421669 869 9421669
9425297 978 9425297
9435116 363 9437155
9440832 321 9440832
9440984 487 9442835
9441150 39 9468771
9453647 116 9474506
9482531 921 9489269
9493108 633 9493108
9506131 674 9506131
9507209 232 9507209
9521189 891 9521189
9532752 290 9532752
9535610 602 9535610
9538994 63 9538994
9542351 678 9542351
9549768 405 9549768
9552363 530 9552363
9560406 475 9560406
9586401 683 9586401
9607923 252 9607923
9609302 253 9609302
9611358 71 9611358
9615980 819 9615980
9623740 800 9623740
9632346 460 9632346
9635354 643 9642274
9639257 836 9646819
9683162 110 9683162
9691393 103 9691393
9709631 750 9709631
9721668 545 9721668
9735165 181 9735165
9735301 147 9735301
9735574 212 9735574
9736205 108 9738018
9738367 19 9742011
9767359 759 9767359
9767647 787 9767647
9774927 409 9774927
9775282 544 9775282
9786010 909 9786010
9789683 369 9789683
9792646 714 9792646
9798683 156 9798683
9806531 556 9806531
9816081 949 9816081
9832125 550 9832125
9857797 102 9857797
9870379 453 9870379
9871899 29 9871899
9880758 485 9880758
9885137 72 9885137
9889861 293 9893455
9891616 705 9897235
9909231 252 9909231
9923823 960 9923823
9943586 480 9943586
9954742 42 9954742
9955077 87 9967582
9959527 708 9980863
9964463 596 9984821
9970496 12 9986257
9972667 328 9995893
