1000 999
59 765 854
320 401 427
91 919 855
124 572 716
374 996 323
22 372 336
352 406 573
492 172 790
847 120 287
417 692 991
504 81 435
316 887 683
621 417 814
828 334 226
502 33 853
724 757 237
417 580 920
103 852 921
137 860 802
615 438 564
840 463 524
805 849 883
292 387 891
935 972 692
569 315 387
135 110 382
296 287 64
55 323 3
561 262 940
450 152 755
461 410 914
822 538 375
134 679 692
918 481 74
487 521 757
759 951 229
839 511 992
545 449 380
92 433 225
556 820 973
861 881 559
364 973 461
227 125 651
830 897 653
739 834 694
151 576 495
399 264 219
595 249 650
82 33 387
341 135 96
758 286 6
215 703 861
148 82 580
390 715 80
956 315 353
287 970 47
506 401 573
542 590 964
235 79 783
926 720 734
848 640 872
982 239 211
91 336 254
776 640 175
567 558 731
947 651 554
118 341 772
524 587 693
921 463 699
196 787 574
545 529 738
527 134 532
971 549 137
378 106 511
204 955 703
515 142 708
428 932 974
280 601 606
67 58 612
402 454 523
894 594 602
971 494 19
208 841 614
507 238 86
18 659 842
123 157 198
821 669 741
160 159 875
709 331 107
310 281 585
246 996 664
722 765 657
289 209 922
755 650 934
306 244 464
520 994 497
934 559 654
367 895 429
447 442 794
909 658 226
311 754 171
126 194 164
159 72 80
869 62 593
344 656 647
928 536 584
343 798 250
165 603 187
32 842 700
467 481 578
98 205 440
55 826 830
286 119 396
488 571 77
302 385 291
35 445 197
773 467 98
92 64 458
674 372 742
529 479 748
466 29 586
75 369 935
54 420 497
720 847 899
96 360 5
678 744 212
180 771 460
39 952 296
706 179 571
857 500 916
275 497 302
157 349 424
673 155 308
900 510 74
725 406 761
107 326 416
767 206 803
90 130 230
785 699 191
382 746 577
482 33 64
488 620 390
857 691 789
245 338 337
632 709 298
844 638 124
360 273 244
885 353 227
895 919 359
594 824 630
516 682 931
624 147 573
788 974 997
585 142 591
808 823 559
318 382 422
648 641 362
491 735 855
657 248 598
892 550 42
742 522 676
825 553 8
819 546 514
956 760 532
277 815 230
219 406 955
612 828 369
634 940 305
631 124 132
308 638 497
637 227 854
944 236 15
896 484 447
344 200 155
184 498 63
935 304 968
846 738 266
373 562 612
785 783 455
56 453 392
981 188 720
1000 392 128
225 264 642
780 932 846
625 106 15
3 874 595
934 38 23
17 960 361
129 382 520
772 690 284
410 841 381
631 380 102
922 929 561
526 970 279
132 948 237
843 808 347
593 415 374
55 342 858
133 805 310
787 40 468
310 241 241
418 892 845
753 851 572
455 491 67
187 933 288
222 62 130
15 729 891
329 582 46
624 785 945
130 295 297
645 864 579
263 820 751
791 387 783
180 465 175
972 11 198
99 363 431
413 957 902
296 122 375
492 452 686
562 220 466
732 94 997
613 98 388
528 373 512
215 592 754
623 320 273
850 728 248
283 721 530
830 581 835
93 128 975
576 307 262
265 803 706
909 937 573
177 353 794
270 489 396
774 140 803
564 971 845
678 150 694
239 828 373
747 616 894
662 169 748
368 14 914
928 877 211
210 950 186
752 526 911
957 737 203
430 355 134
465 598 566
22 374 677
731 44 22
366 822 294
379 647 469
70 174 500
278 206 475
761 487 461
410 62 761
422 343 966
647 25 786
730 800 478
835 323 243
830 660 452
910 703 772
633 621 498
266 646 349
109 395 629
875 561 772
490 871 604
416 60 172
493 756 800
276 81 544
345 23 416
515 26 984
941 11 169
284 882 659
619 663 979
142 21 341
535 961 324
660 6 839
49 209 872
139 694 847
953 411 113
536 764 940
340 774 875
19 736 881
723 442 43
665 872 835
84 375 484
653 184 596
343 110 569
181 559 793
18 984 438
269 254 301
667 829 21
332 80 862
575 223 253
986 636 39
570 214 9
463 168 161
159 37 757
696 905 468
770 956 927
427 568 423
507 149 763
359 456 160
298 565 766
57 108 708
129 812 864
493 494 211
934 783 800
122 788 257
386 385 546
36 834 461
98 764 87
696 71 45
474 450 421
602 368 8
370 12 445
601 392 68
845 825 260
874 860 629
906 333 600
994 198 368
122 678 417
32 402 441
425 475 624
921 252 304
83 646 631
16 495 19
4 912 905
414 532 60
191 237 83
138 338 641
616 37 732
14 658 191
384 915 560
450 351 615
415 52 891
472 55 913
49 73 888
600 261 403
551 381 356
771 202 437
50 665 716
773 214 575
630 355 413
57 431 940
796 833 141
254 153 606
228 258 818
611 35 306
40 89 46
397 195 496
127 673 305
680 519 630
377 928 677
917 993 632
132 627 8
410 299 713
373 339 73
948 697 990
751 91 742
193 256 848
385 591 377
69 868 698
444 211 758
54 547 769
279 618 840
87 481 924
393 607 774
824 470 358
833 280 107
777 368 379
361 956 59
393 558 407
905 541 929
330 354 420
387 342 963
656 460 896
919 872 752
148 201 132
93 748 147
268 63 445
339 656 631
518 503 382
886 154 678
914 802 452
24 312 960
121 167 620
770 368 690
388 437 178
349 753 638
656 465 563
614 355 615
71 901 477
1 640 103
992 989 908
181 488 272
247 809 239
530 529 881
396 693 177
251 463 29
233 145 914
804 334 716
698 458 44
420 560 770
672 544 788
223 328 687
550 849 194
366 178 391
559 451 739
303 472 413
147 173 563
242 650 381
868 89 735
325 235 493
407 832 19
80 510 14
858 866 805
141 268 808
534 505 638
6 256 108
87 599 456
931 417 533
772 285 414
890 626 543
695 490 467
938 695 123
957 200 535
622 984 171
969 808 933
485 915 356
769 903 154
268 345 637
498 176 549
462 676 593
93 277 981
374 394 518
649 599 203
884 722 680
933 948 880
445 837 775
998 601 933
240 870 186
106 715 973
185 682 820
504 975 317
97 767 464
790 954 524
549 803 218
187 794 819
244 950 856
162 186 870
879 459 37
863 53 548
977 712 739
797 540 616
250 375 328
628 806 183
534 20 688
319 436 359
614 946 981
833 186 193
150 457 108
459 451 65
869 865 969
151 906 539
830 923 764
718 197 975
654 289 609
309 319 13
893 168 624
167 786 8
125 801 448
398 812 16
694 285 276
808 789 248
683 109 35
455 979 842
444 781 19
369 267 756
32 976 460
573 42 281
86 203 888
681 126 195
513 670 514
959 456 552
940 985 733
626 320 278
321 481 108
168 37 17
459 166 229
481 990 817
543 597 213
912 392 291
557 80 143
121 939 32
307 862 124
477 775 22
182 687 424
232 427 786
504 455 956
512 755 179
110 64 737
618 483 406
726 832 722
136 639 21
793 391 755
333 209 778
384 377 316
294 304 413
431 238 980
817 377 478
318 536 251
340 914 306
112 165 880
222 7 224
927 701 563
495 390 238
707 606 802
750 588 105
701 932 204
496 592 200
291 68 385
109 873 121
173 83 422
666 714 922
37 501 447
134 36 232
814 629 76
977 725 525
561 790 752
816 465 748
114 413 836
873 105 682
94 981 812
808 750 898
914 360 576
884 762 235
939 702 626
973 350 637
101 776 462
989 498 416
618 586 860
134 438 283
419 688 917
174 237 344
332 643 205
289 365 87
544 880 117
917 778 72
8 628 320
552 345 701
943 204 833
224 542 724
772 443 764
178 698 267
58 394 547
790 509 928
669 288 204
134 638 120
709 42 360
156 796 485
480 26 385
855 587 141
371 578 317
716 981 962
368 362 493
1 803 117
648 517 53
247 965 908
818 837 554
25 905 742
476 570 238
854 687 482
750 682 325
930 314 615
847 605 319
241 229 186
793 359 346
80 293 416
882 578 190
265 942 117
582 69 628
77 170 389
108 167 930
564 899 421
724 699 368
74 127 864
48 353 124
607 183 604
784 102 178
723 903 907
165 822 867
274 178 534
121 414 282
745 163 776
260 432 824
579 411 452
106 792 204
485 403 910
837 780 258
638 396 880
308 748 965
964 72 648
57 116 218
949 627 341
56 985 5
784 241 550
76 478 916
337 307 899
197 924 837
46 174 496
103 957 149
985 585 842
717 69 14
935 175 344
164 54 520
607 677 348
198 826 829
434 290 450
72 663 408
190 536 502
297 668 635
264 584 718
991 78 417
631 400 941
52 387 196
289 612 444
143 567 626
966 683 746
517 555 89
568 391 17
537 421 895
573 623 905
782 691 948
518 269 347
189 859 258
841 936 90
213 792 521
610 970 96
137 948 322
249 614 992
1000 49 880
184 235 521
51 630 515
741 84 381
772 533 603
655 664 65
405 158 820
337 719 834
157 930 213
492 259 550
578 535 362
18 405 590
514 33 156
262 126 763
161 778 543
986 691 325
697 741 9
266 382 383
670 767 319
813 626 670
736 966 862
206 392 137
883 951 353
960 468 164
758 333 857
595 617 753
9 468 2
440 871 897
482 963 879
921 378 132
122 868 175
253 674 823
240 345 649
546 435 415
821 668 589
230 930 863
137 98 796
409 987 586
1 117 204
21 44 77
810 326 630
395 887 345
448 974 450
113 677 990
754 963 654
134 713 629
536 228 730
743 454 994
478 969 952
611 423 103
837 301 811
2 632 88
596 651 144
523 534 294
368 211 698
711 141 573
198 242 960
925 190 938
841 785 472
129 302 908
108 531 959
515 10 833
990 284 409
961 364 633
605 239 860
943 238 626
762 56 482
23 330 447
33 991 411
439 795 944
718 644 809
185 346 350
479 763 102
226 651 398
940 217 44
761 170 264
199 915 560
68 400 211
777 729 325
331 966 489
970 453 522
185 13 918
34 879 447
162 426 757
194 929 375
519 43 78
558 406 610
52 167 403
104 663 591
838 998 447
327 857 316
348 287 651
423 144 452
417 645 665
675 902 498
548 941 663
847 689 326
230 936 603
493 405 790
179 391 491
115 964 947
904 589 639
163 838 97
263 586 485
775 415 622
28 752 722
765 356 254
684 522 844
120 876 492
746 30 620
707 947 951
499 322 108
336 853 701
684 945 96
347 167 498
738 358 740
682 446 648
739 246 653
235 88 298
821 365 632
611 911 735
982 377 779
858 818 500
708 13 264
629 936 645
261 734 602
425 551 803
287 642 102
218 546 604
168 952 763
353 515 215
749 394 790
967 929 910
817 705 180
315 898 386
883 681 80
662 412 644
474 71 218
678 74 419
608 768 537
13 525 468
234 968 651
533 749 130
845 171 235
762 429 872
383 798 947
432 913 525
613 305 793
335 341 192
836 711 651
766 993 327
837 604 450
589 87 919
556 560 843
995 899 731
95 142 972
369 389 283
226 13 971
929 320 596
626 660 159
503 832 793
600 158 439
193 409 705
330 486 534
958 545 544
718 809 594
12 252 728
503 937 584
703 268 366
341 47 848
682 421 680
406 319 348
112 507 604
978 849 437
100 520 96
685 207 912
575 240 587
243 549 480
345 47 522
300 235 19
395 878 340
780 710 457
962 967 139
490 710 208
761 66 893
579 240 270
740 412 149
577 715 488
961 182 963
191 204 300
659 819 388
657 413 34
31 32 434
673 207 981
959 271 639
552 782 384
633 276 39
644 51 507
464 870 30
686 478 792
312 763 199
203 689 275
401 675 1
142 797 923
441 21 232
339 198 245
980 720 657
136 61 499
618 849 877
130 945 270
733 262 516
251 609 286
627 700 937
149 768 637
853 24 450
97 655 871
908 810 1
883 492 185
474 11 590
64 671 271
469 619 30
234 846 27
892 652 621
824 185 72
795 224 541
380 525 260
214 541 355
285 76 223
704 311 486
772 154 174
361 484 849
948 891 983
661 131 145
41 38 401
554 586 215
904 867 305
178 136 502
941 485 428
408 946 953
376 782 576
33 256 323
5 937 181
196 255 788
973 99 380
5 539 517
85 452 621
636 907 673
777 680 124
425 222 268
466 224 651
404 981 796
424 994 249
888 377 488
60 563 818
234 192 998
311 914 906
661 260 243
727 653 846
603 497 41
622 880 302
923 358 13
490 216 653
436 676 819
434 659 866
988 108 687
326 895 254
807 117 962
732 821 617
272 402 483
778 924 868
590 875 856
131 993 440
858 827 360
168 468 284
437 324 461
797 534 233
473 254 59
77 362 61
711 195 280
779 138 344
545 844 154
146 397 222
197 267 221
260 416 757
101 562 921
914 584 874
215 510 176
718 868 712
442 388 436
524 882 758
553 173 592
858 811 636
850 206 906
841 145 263
881 688 277
272 653 238
200 298 755
950 267 812
58 231 549
583 43 87
716 633 828
779 498 277
692 53 110
585 647 74
772 819 396
471 377 472
442 352 932
745 176 980
45 967 493
996 839 363
382 730 219
27 370 467
566 140 826
996 831 213
304 8 252
221 336 696
859 173 8
83 270 417
666 697 804
901 179 866
997 554 133
927 856 185
815 618 383
282 99 816
493 574 358
799 947 638
329 964 671
347 648 899
889 515 738
65 903 153
53 212 737
414 269 738
597 311 66
983 525 411
908 241 900
45 607 230
945 14 496
218 78 799
651 97 504
999 222 423
334 227 14
486 257 182
196 313 713
525 283 468
357 421 542
498 635 907
557 850 550
50 499 802
886 811 552
920 613 878
111 524 149
566 508 98
603 916 648
829 376 70
317 639 413
881 240 347
944 109 685
412 629 931
1000
38 946 936
287 947 1188
599 534 1217
3349 951 3349
3476 112 3476
3573 26 3573
4168 769 4691
4968 662 4968
9646 324 9646
9706 678 9706
10424 135 10424
13191 354 13191
13514 179 13514
13842 826 13842
14221 291 14221
14255 672 14255
14304 39 14304
14811 375 14811
15081 537 15238
15489 362 16403
16036 992 16589
17038 492 17426
17149 450 18266
20814 634 20814
21091 774 21592
21594 141 21752
23333 365 23333
24234 841 24234
24898 391 24898
26531 167 26531
28250 630 28250
32004 76 32004
32193 129 32193
33660 632 33660
35995 276 35995
37220 736 37220
38648 392 38648
40585 205 40585
41396 810 41396
43288 557 43288
43681 188 43681
43835 540 43835
43892 584 43892
44563 276 44563
45615 771 45615
46129 3 46203
46405 579 46616
46614 774 49671
48409 796 50690
51229 106 51368
52479 440 52532
53729 828 53729
56386 562 56386
56466 118 56466
56851 379 56851
57543 607 57543
59214 879 59246
60983 200 64026
61370 625 64829
64799 747 65436
65611 680 65630
66168 56 67593
67503 391 71439
67854 909 72038
69584 334 72465
70718 646 72511
71012 816 73867
72525 685 74386
76604 177 76604
78120 976 78120
79376 268 79376
80718 26 80718
81699 531 81699
81961 338 81961
83325 408 83325
83482 896 83482
86313 657 86313
87055 737 87055
87291 873 87291
89788 390 89788
90204 203 90204
90260 730 90260
91566 551 91566
92143 217 92143
92649 42 92649
92734 756 92734
94794 858 94794
96377 212 96377
97079 744 97079
97382 560 97382
97677 682 97677
98898 167 98898
101110 101 101110
101674 129 101674
102263 737 102263
102749 110 102749
103088 486 103088
103860 322 103860
103929 818 103929
104351 579 104351
104514 692 104514
104647 965 104647
105205 409 105205
105785 745 105785
108466 70 108466
108638 862 108638
109293 329 109293
109326 577 109326
110395 484 110395
110798 32 110798
112143 101 112143
112642 678 112642
112751 360 112751
112832 886 112832
114751 178 114751
115882 570 115882
116045 656 116045
118049 79 118049
119008 456 119008
120939 562 120939
123765 571 123765
124753 529 124753
127087 674 127087
127162 903 127162
129133 431 129133
129718 212 129718
130016 849 130016
131261 405 131261
132278 231 132278
134058 63 134058
134344 106 134344
136639 635 136639
137995 97 137995
138546 91 138546
139544 320 139544
140342 534 140342
142801 891 142801
142807 181 142807
144678 433 144678
146899 309 146899
147682 739 147682
149441 189 149441
150249 855 150249
151162 254 151162
151940 651 151940
152075 775 152075
152927 64 152927
153057 164 153057
153136 947 153136
153199 635 153199
156866 763 156866
157586 602 157586
157740 654 157740
158827 64 158827
159244 926 159244
159486 872 159486
159871 342 159871
161751 136 161751
162595 769 162595
163113 91 163113
163285 733 163285
163563 947 163563
163606 717 163606
164999 231 164999
167524 237 167524
168046 998 168046
168704 440 168704
169827 147 169827
169915 335 169915
170089 4 170089
170531 912 170531
170852 598 170852
171118 643 171118
172662 19 172662
174270 63 174270
175382 889 175382
175602 673 175602
175749 151 175749
176143 188 176143
180171 765 180171
180731 398 180731
183809 291 183809
185222 673 185222
186329 62 186329
186786 627 186786
188092 542 188092
190075 384 190075
190661 169 190661
190895 446 190895
192909 772 192909
194942 489 194942
196021 364 196021
197390 953 197390
197658 665 197658
197831 699 197831
199947 686 199947
200861 371 200861
200875 468 200875
201293 853 201293
201758 834 201758
201798 116 201798
201950 98 201950
205952 498 205952
207016 380 207016
207577 797 207577
208221 157 208221
209453 456 209453
209666 321 209666
210064 963 210064
210811 233 210811
211285 116 211285
211653 171 211653
212806 798 212806
213221 752 213221
213644 216 213644
218183 747 218183
218209 179 218209
221417 56 221417
221426 3 221426
222063 454 222063
225888 465 225888
227400 502 227400
228482 713 228482
230329 702 230329
230407 500 230407
230688 605 230688
230825 629 230825
232644 210 232644
234671 809 234671
235825 774 235825
236504 973 236504
236806 393 236806
236957 496 236957
237100 574 237100
237285 368 237285
240062 170 240062
240254 110 240254
240830 76 240830
241543 194 241543
241721 570 241721
241984 604 241984
242040 262 242040
244757 431 244757
245060 902 245060
245624 165 245624
245878 436 245878
246560 220 246560
249399 850 249399
250255 299 250255
251434 913 251434
254550 722 254550
254938 282 254938
254973 908 254973
255263 264 255263
255574 44 255574
257477 938 257477
257696 327 257696
258159 868 258159
258276 670 258276
259020 575 259020
259436 510 259436
259870 663 259870
260044 704 260044
260110 814 260110
260375 914 260375
262456 159 262456
262651 369 262651
262802 552 262802
268292 397 268292
269309 79 269309
271014 186 271014
272195 84 272195
274462 564 274462
274745 605 274745
278178 876 278178
278429 798 278429
278795 970 278795
279809 839 279809
280519 108 280519
281257 811 281257
281744 889 281744
281768 440 281768
282534 20 282534
282762 256 282762
283083 412 283083
283754 462 283754
284794 669 284794
284910 692 284910
286619 580 286619
286746 528 286746
287337 703 287337
287622 872 287622
288582 678 288582
289117 532 289117
289292 461 289292
289514 765 289514
290874 393 290874
291992 401 291992
293715 546 293715
294182 661 294182
294517 616 294517
294904 678 294904
295530 773 295530
296118 147 296118
297645 747 297645
298050 874 298050
300285 271 300285
300494 997 300494
301383 458 301383
301418 590 301418
302164 328 302164
302448 221 302448
303557 910 303557
304041 483 304041
304459 126 304459
304540 560 304540
304702 693 304702
305654 422 305654
306070 811 306070
306470 352 306470
308847 544 308847
309948 814 309948
310179 285 310179
311238 560 311238
313603 391 313603
316566 432 316566
320418 654 320418
324842 711 324842
326737 588 326737
327167 116 327167
328154 742 328154
328884 822 328884
330089 383 330089
330151 437 330151
331293 47 331293
331811 338 331811
331891 747 331891
332457 759 332457
333194 206 333194
334514 154 334514
334967 964 334967
335473 197 335473
335803 9 335803
337234 920 337234
337420 402 337420
339145 610 339145
339451 854 339451
340839 549 340839
340907 335 340907
341204 441 341204
341210 167 341210
341345 360 341345
341702 372 341702
341871 78 341871
342596 833 342596
343346 608 343346
344685 888 344685
347124 243 347124
348176 748 348176
348676 170 348676
349485 177 349485
351384 629 351384
358144 56 358144
362530 501 362530
363165 621 363165
363637 972 363637
366415 376 366415
368857 81 368857
369295 721 369295
370112 747 370112
371609 362 371609
373406 251 373406
374258 381 374258
374653 82 374653
376608 158 376608
376789 188 376789
379019 407 379019
383104 796 383104
383871 815 383871
384320 386 384320
385939 632 385939
386940 976 386940
387921 119 387921
389310 445 389310
392062 18 392062
393268 425 393268
394419 496 394419
395646 540 395646
396174 167 396174
397112 312 397112
397981 417 397981
398124 153 398124
399234 511 399234
399512 196 399512
400063 630 400063
401646 766 401646
402672 170 402672
403019 663 403019
403369 59 403369
403959 259 403959
404428 710 404428
406855 633 406855
407968 217 407968
410951 6 410951
411093 168 411093
411382 168 411382
412414 391 412414
412864 866 412864
413299 925 413299
413322 601 413322
413367 634 413367
415443 304 415443
418708 631 418708
419728 452 419728
421644 806 421644
421954 831 421954
422057 811 422057
422124 770 422124
423414 528 423414
427013 268 427013
427376 199 427376
428411 4 428411
430273 960 430273
430974 886 430974
431535 626 431535
431578 401 431578
432788 336 432788
432863 921 432863
432932 471 432932
433456 660 433456
433545 875 433545
436200 775 436200
436433 538 436433
436818 998 436818
437246 27 437246
437519 371 437519
438060 866 438060
438075 166 438075
439678 98 439678
441439 182 441439
443355 585 443355
444693 316 444693
445776 419 445776
445841 192 445841
446161 181 446161
447252 751 447252
447687 223 447687
448988 906 448988
449888 878 449888
451146 696 451146
451675 976 451675
451878 792 451878
451976 170 451976
451983 392 452735
452542 999 453425
452774 961 455772
452799 852 455832
454798 966 457355
456184 404 457691
456462 846 458765
459521 382 460942
459848 488 462425
460974 164 464635
461300 879 464674
462030 725 466771
462382 276 467346
462603 249 473776
462910 264 474687
463262 614 475243
463677 798 475901
464651 532 476041
464720 576 477077
468461 906 478626
468664 39 479218
469691 819 480040
470539 166 480686
470689 986 482627
472829 710 484043
473391 75 485439
473606 513 485672
473861 802 487980
474338 468 488214
475388 564 490040
475688 738 490637
476320 509 491570
476861 792 491580
477230 485 493569
477235 123 493616
478751 557 493864
479859 59 494752
481554 214 494807
483312 228 496594
483501 890 499187
483509 119 499911
485432 760 501061
486290 157 501679
489448 842 502383
490031 133 504441
490380 74 504540
491128 877 504813
491835 90 505561
492848 600 506546
494049 631 506575
494762 731 507310
496618 910 507615
497112 8 510309
497526 323 512686
498432 985 512795
498889 846 516727
499510 24 520789
502086 157 522403
506040 142 522474
506883 873 525161
507106 598 526899
509597 418 533591
510324 610 534161
511656 769 536743
512363 56 537309
512879 417 539096
513982 54 539518
515305 871 539614
516298 140 540047
518203 752 545689
519233 13 547486
520690 412 547498
520753 282 547575
521017 570 548073
523621 358 550003
524675 75 551512
524780 174 552821
526499 616 553437
527300 57 555690
528074 281 555992
528131 353 556815
528142 459 556896
531788 369 557666
532192 526 557958
535877 759 558826
536015 22 560017
536536 118 561035
536540 453 561039
536873 284 561808
539013 729 562085
539787 489 562856
541756 688 564294
542386 760 564515
544116 552 565341
544284 969 566164
544319 42 567308
546515 377 567395
550192 856 569704
551888 592 570160
552380 768 570799
553114 447 570893
553439 20 571474
553595 227 571550
554032 38 573687
554130 869 573691
554196 118 575752
554665 330 576902
554691 613 577738
555589 491 578331
556349 672 579707
557362 515 579888
558862 142 580486
561687 30 581443
561910 735 582270
562566 740 583664
563080 855 583817
563171 236 585631
565602 680 587179
566369 944 587812
568967 935 591600
568977 225 592162
569662 767 592542
573909 209 592974
574879 804 594063
575698 117 595534
576322 315 596186
577227 908 596303
578041 445 596687
578506 58 598232
579351 851 599121
580718 886 599311
581018 673 600299
582320 428 601722
584809 797 601772
584913 739 605213
586524 364 605897
587952 16 606136
588944 684 606359
589265 170 607541
589277 202 607625
589501 29 608106
590508 751 609803
590768 440 610808
590983 495 611622
593747 342 612139
595579 648 612458
595961 985 612872
596189 693 614346
596213 998 616491
596702 915 617184
597086 441 618515
598321 217 618740
598883 504 619596
599356 34 620153
599874 108 620781
603389 502 622350
605593 500 622400
605871 839 622598
606313 424 624737
606946 127 625303
607358 435 625841
607590 933 627022
607775 514 627863
611403 573 630321
611486 408 630392
612469 788 630824
612612 98 630936
615601 961 635564
615833 50 638356
616300 647 640826
618931 663 643150
622166 435 643219
622395 154 644187
622842 518 646116
622941 911 646302
622972 400 646935
623727 562 647639
624607 288 647937
624930 901 648772
625355 936 649677
625376 181 649876
625867 910 651325
626064 879 651900
626845 731 653439
627259 92 653844
627782 709 654448
631099 253 654586
633610 846 656101
634148 55 657026
634499 662 658141
634599 327 658217
636616 904 659305
637233 561 659850
638627 450 661701
639384 773 662166
640038 326 662412
641626 379 663532
642240 642 664779
642920 875 666162
645392 147 666310
645397 481 667206
645759 945 668024
646207 347 668102
646987 998 669009
647760 271 670414
648574 625 671250
648943 798 671412
650072 684 671893
650332 875 672229
650372 446 673480
650656 305 674208
652740 731 674369
653956 547 674412
654593 286 674467
657335 611 675297
657702 319 676426
659689 802 677102
659804 428 677742
659965 679 678414
660433 802 679001
662655 716 685195
663072 239 687796
663815 242 688097
665518 191 689208
669548 226 689638
669794 407 690557
671274 942 693499
671295 226 693743
672518 486 696034
674998 246 696911
675461 548 697729
680250 555 697752
681029 461 697802
681673 301 698605
682447 402 699436
682464 309 700016
685638 209 701226
686687 687 702067
687769 809 702389
687881 35 702774
688013 99 706332
688557 381 706658
689423 841 707238
692092 201 707663
694709 637 709361
694801 406 709913
696429 304 710203
696564 19 710389
697629 553 711034
698316 425 711937
699188 199 712631
699635 436 714027
700093 619 714800
700362 236 714963
700702 785 716043
700974 439 716533
703467 724 717060
704383 431 717423
706250 973 718264
706629 875 725480
707600 16 725614
709711 882 726075
710147 567 726259
710573 894 729924
711335 152 730903
712747 801 732481
713165 553 734758
713536 566 734911
715059 351 735169
715491 453 738182
716937 669 738525
718075 383 738671
719377 458 739468
721626 677 741448
722022 738 746351
723070 207 747811
724018 167 748632
724190 130 748637
724303 536 748770
724705 576 749138
725237 203 749673
725304 51 749842
725736 141 750588
726374 850 750686
726540 751 753894
727362 476 754421
727806 52 756301
728053 967 757732
728372 338 757808
728918 598 758010
729225 583 758409
729258 692 758686
729750 154 759045
730346 369 760915
730961 182 760952
731096 978 761227
731169 675 761456
731909 319 762326
734704 496 762523
735480 654 762824
737684 449 763036
738140 357 764874
739376 761 766652
741610 769 767390
741787 289 767526
743290 147 768290
743633 757 768375
743737 980 769722
745089 986 770180
745998 405 773398
746598 645 773996
746709 189 776400
747549 728 776898
747595 58 781756
750216 433 782058
750322 771 782750
752905 307 784159
754507 727 784205
754598 406 784263
754761 143 784964
756655 551 785270
760571 11 786593
760813 940 786865
761549 688 786945
762299 719 787708
762746 448 788933
764022 90 790202
765161 577 790682
765470 69 792768
765638 460 792942
766522 572 794049
768131 551 794214
769293 286 794609
769900 587 799724
770161 239 799764
770724 783 800645
771461 185 801630
772074 568 803415
772328 393 803614
772410 138 805916
773390 764 806548
774799 754 806878
775310 531 807535
779792 891 808563
780787 368 810137
784026 863 810527
784268 473 810943
784899 39 811759
785793 338 812122
786365 291 812476
786866 857 812994
786867 206 813910
786935 790 816524
788318 950 816752
789338 950 816780
790809 648 816972
791007 947 817068
791155 499 817672
792538 307 818044
795272 904 818444
796300 163 818450
796402 110 818743
797125 121 819545
797496 317 819987
800540 573 820593
800625 328 820951
800655 404 821408
800869 788 822232
802229 852 825501
802692 935 825840
803728 175 827365
804568 125 828093
809080 137 830401
809221 581 831383
809483 418 832381
809806 270 834461
810276 498 834580
810945 942 835408
811261 687 837367
811273 712 838779
812287 518 839589
812698 619 840304
812750 766 840333
812816 510 840435
813704 679 840483
816019 545 840875
816084 152 840887
816269 108 840913
819566 27 841199
823965 691 841803
824455 818 842531
824815 814 844173
825077 752 845499
825126 322 847324
825630 637 847548
827384 169 848425
827713 75 849522
829494 328 849871
829653 153 849927
831655 882 850400
834234 437 853351
835361 789 854857
835397 393 855168
837696 229 855918
838047 39 859373
839015 41 860834
840683 994 861386
842048 987 861680
842203 949 861727
842783 964 862638
842820 480 865063
843197 529 865736
846598 871 866726
847102 766 868186
848982 365 868428
849284 263 872702
851227 72 874794
853048 884 875201
853343 23 876330
854705 45 877309
854712 520 877419
854827 383 877439
856215 56 877710
857412 395 878354
859174 45 878662
860793 786 879282
860953 69 880354
862371 63 885274
863826 76 886601
865422 855 887203
865487 694 887340
866007 765 888171
866235 916 888949
867184 363 888959
868589 931 889103
869102 467 889336
870172 105 890235
870855 219 890983
871526 191 891758
871897 55 894097
872389 722 895715
872784 77 896773
874337 644 897754
874625 733 898433
874730 881 900131
875527 627 907094
876284 251 909670
877548 217 910578
878288 117 911768
878682 625 912348
879596 340 912911
879822 755 913361
880039 320 914221
881332 220 914709
884046 38 915053
886053 208 915350
886674 746 916717
886776 128 917489
888341 536 921525
889575 444 922902
889990 676 924310
893450 637 926768
894286 465 927424
896775 443 927562
900115 604 928312
902345 206 929148
902974 248 929790
903808 608 930520
903981 613 931396
905754 580 933222
905881 581 933708
911537 502 934697
911606 183 934747
912849 746 934851
912856 651 936034
912907 693 938025
914829 763 938076
916634 97 939495
916688 976 940032
917356 656 943236
917385 902 943697
919408 558 943818
919893 380 944004
919992 668 944079
922256 305 947328
924297 914 948571
926810 771 949266
927968 974 949295
930127 740 949409
931982 777 950723
933838 271 950940
937673 602 953785
941014 5 954475
942940 141 954589
944679 111 955526
948096 367 956355
949339 600 956703
949679 39 957647
950370 731 958419
951490 286 958645
952352 499 959099
953657 361 961748
953815 277 961855
954335 518 962106
954899 135 963350
956302 777 963679
957860 720 965183
958684 253 965453
959267 130 965760
961942 478 965927
962340 819 967708
963437 494 968434
963964 359 969045
964493 262 969477
967407 63 969560
969274 16 969927
969545 12 971007
969687 378 972433
970182 998 973745
971204 650 974068
971227 623 974589
971860 162 975644
973918 639 975743
976678 986 976678
977279 837 977279
977433 319 977433
977552 473 977552
977618 617 978065
978650 864 979965
979752 796 979986
980111 775 980795
981507 291 981507
981972 72 983104
986936 747 986936
987463 631 987463
987799 506 989993
989499 198 990234
989929 615 990534
991618 518 995387
991846 877 995924
992999 57 996186
995436 750 996934
995514 554 998021
996820 173 998268
997925 270 999466
998440 137 999503
998867 940 999989
