1000 999
839 763 831
825 788 510
115 526 173
839 452 241
346 851 472
498 785 324
891 475 930
976 846 504
561 738 185
424 942 828
168 251 968
449 103 221
79 706 437
660 743 652
110 565 812
125 749 485
393 208 439
7 806 763
517 236 546
490 504 486
840 907 932
437 281 650
362 951 444
403 354 781
721 406 424
658 994 980
132 872 575
920 106 539
396 129 83
417 244 364
607 428 141
456 486 594
999 14 189
652 492 567
250 173 294
975 319 177
794 870 446
198 77 163
711 37 372
419 295 506
191 833 339
906 52 335
630 918 415
929 715 240
930 265 135
880 332 203
962 122 120
938 696 115
190 857 38
169 872 981
902 764 619
513 943 30
595 16 238
28 572 730
590 178 515
295 242 768
126 157 215
248 923 627
799 304 193
443 207 957
378 473 201
398 239 825
864 588 653
161 296 672
500 700 50
752 498 356
873 246 572
581 891 505
222 455 861
336 582 330
708 263 845
835 927 807
401 167 22
815 601 115
482 739 83
411 363 698
814 717 979
765 787 907
697 614 988
702 41 658
353 526 905
438 267 254
417 159 288
586 780 972
510 776 655
47 962 703
942 7 684
620 100 489
382 960 832
624 163 241
410 284 551
624 766 578
690 282 340
954 320 45
89 460 981
246 831 353
884 5 367
464 381 253
421 885 446
878 212 261
6 450 389
87 571 848
372 329 95
954 376 957
989 156 880
726 903 191
912 656 397
878 853 90
953 435 429
604 195 271
515 825 82
137 890 721
102 415 308
163 505 423
750 339 743
999 479 724
280 81 662
820 287 637
147 304 34
663 17 730
292 281 518
859 468 557
347 957 371
34 634 940
189 474 950
572 721 142
862 753 639
59 508 843
518 257 262
870 219 2
533 461 440
565 42 806
973 483 482
207 402 986
950 620 733
220 459 946
118 172 351
619 793 859
993 404 790
549 770 175
897 564 692
226 946 115
119 436 10
772 818 963
471 812 813
31 829 921
842 409 499
701 692 803
374 216 338
380 530 18
858 221 991
383 283 907
100 86 320
666 47 505
144 403 795
362 814 598
653 501 938
915 726 837
404 155 885
484 15 362
385 858 860
761 641 365
450 640 877
981 525 301
408 953 542
75 734 620
483 750 192
71 349 10
940 407 370
490 845 276
15 705 100
233 551 17
955 720 322
136 430 735
987 642 672
58 400 82
307 681 458
251 84 283
331 985 983
311 682 513
807 733 340
179 417 692
692 110 947
595 970 364
848 362 371
38 579 438
225 25 646
402 594 796
441 350 175
109 295 999
373 684 771
977 996 572
452 950 382
784 92 943
654 318 258
848 462 394
88 293 666
861 181 816
695 306 100
356 497 508
164 269 325
166 281 163
276 421 937
745 948 599
345 80 437
846 268 379
588 633 561
283 624 416
789 294 54
664 399 174
642 541 985
358 447 964
775 578 877
493 233 444
824 694 578
225 161 758
837 645 449
422 986 449
961 215 154
207 245 272
29 74 794
450 154 738
73 301 796
838 214 528
930 702 884
364 237 572
896 47 542
591 583 766
520 243 770
678 203 421
553 764 341
492 434 64
198 751 554
315 672 391
147 910 331
208 574 27
185 754 443
313 91 97
677 332 336
502 500 104
439 544 948
291 359 89
929 653 707
349 192 726
487 308 184
360 481 410
648 34 689
451 762 193
457 438 169
982 783 873
211 398 887
897 693 554
850 746 20
865 805 931
278 159 212
325 355 214
919 609 717
344 885 286
693 249 540
363 635 850
387 258 1
548 986 879
506 220 253
306 797 858
599 267 818
832 498 199
324 974 799
130 914 360
756 296 349
998 663 414
23 500 653
380 42 731
145 101 73
278 571 839
253 220 781
645 915 796
120 371 151
99 285 931
905 503 778
900 655 513
888 764 843
164 534 595
929 887 210
111 856 748
167 542 396
94 268 350
717 431 705
698 234 407
810 5 851
83 146 202
969 389 44
206 893 14
561 600 4
342 245 293
785 241 871
450 298 998
639 210 339
333 432 372
255 144 793
446 445 788
484 977 123
824 842 56
776 886 835
523 74 806
600 523 137
340 731 35
975 913 196
578 663 266
972 808 205
545 46 542
452 515 250
900 49 663
565 217 582
716 418 121
879 444 419
883 744 223
660 862 734
787 276 323
417 30 628
629 744 375
773 626 668
939 79 792
162 629 5
228 293 232
185 247 549
212 409 48
861 339 768
459 259 567
828 958 355
531 819 286
699 95 96
865 609 947
39 849 382
914 947 397
613 65 633
214 50 920
938 310 278
473 476 595
773 720 874
456 344 592
280 566 105
518 595 757
776 596 808
430 916 520
60 672 143
314 919 357
426 810 28
929 749 666
478 854 411
761 263 739
458 889 848
803 665 598
383 645 207
196 381 675
286 352 966
266 95 368
151 594 340
610 258 17
878 943 395
562 928 313
885 833 674
938 904 303
136 391 589
625 171 736
272 797 766
118 507 431
348 383 538
585 908 299
206 965 455
555 587 456
957 169 394
925 334 306
299 821 696
247 884 507
860 798 540
510 147 38
299 543 993
170 647 863
66 694 379
933 853 793
770 616 152
28 862 985
878 446 96
655 482 500
137 338 476
629 421 764
194 753 597
1000 80 92
782 511 865
425 78 483
342 255 672
967 264 861
411 284 188
859 52 637
22 175 280
760 77 936
496 516 652
214 597 82
479 793 117
961 182 643
410 526 6
394 507 778
781 55 405
589 39 535
9 668 43
685 762 104
497 177 615
766 198 337
782 858 89
34 283 352
328 668 57
797 983 13
612 174 712
19 982 559
268 842 7
499 394 459
570 8 981
85 227 923
397 518 271
40 204 838
40 617 910
556 13 989
405 571 661
656 107 842
772 821 435
181 628 796
240 504 361
90 806 881
662 93 663
364 526 798
18 439 301
132 440 544
398 855 123
416 301 181
287 194 146
767 580 823
316 601 722
364 636 696
158 748 986
142 195 357
784 618 133
659 840 79
572 374 860
188 580 125
529 179 90
869 497 963
171 781 928
725 422 366
529 598 361
370 101 765
494 37 783
195 442 387
914 804 508
600 210 235
826 291 124
371 782 626
568 754 483
657 149 936
751 757 501
434 840 655
676 898 121
434 795 410
979 918 505
1000 20 54
232 303 453
687 357 779
305 729 529
141 4 454
581 565 97
834 854 217
330 411 414
801 871 145
270 952 99
861 779 475
532 663 588
275 918 534
238 496 749
713 760 402
340 616 641
20 115 909
275 615 751
112 38 365
163 119 366
576 308 850
825 172 367
469 21 529
500 280 89
767 436 626
921 362 232
193 224 22
470 971 325
960 249 113
720 944 945
685 248 627
658 308 319
722 632 876
741 144 793
670 363 591
717 866 980
92 29 425
250 791 188
798 550 708
626 393 517
789 185 106
459 197 918
196 714 532
627 464 79
303 928 495
441 667 628
924 676 4
422 847 232
842 541 459
808 913 33
412 109 826
568 655 357
587 290 764
589 755 814
361 832 336
352 392 312
992 995 146
975 777 64
874 682 836
863 995 942
348 774 817
715 621 62
117 501 185
87 651 225
669 300 391
605 904 760
745 563 428
606 725 219
743 107 962
691 140 370
979 641 993
718 27 869
64 464 479
145 550 852
935 531 179
21 644 7
709 487 380
413 854 97
981 202 916
843 716 557
351 375 34
986 768 82
398 921 706
934 801 963
331 197 146
328 323 398
934 624 300
306 10 454
280 893 709
24 390 489
902 306 468
304 569 970
514 607 755
153 682 286
822 922 866
458 32 341
587 246 552
433 914 267
994 719 560
33 338 992
129 792 906
45 898 101
876 204 710
912 84 669
830 324 384
709 860 726
346 300 705
125 809 916
131 929 640
403 201 700
861 635 736
488 841 473
880 786 260
961 527 656
96 969 604
633 53 36
279 515 775
583 702 115
35 592 496
900 149 923
872 783 439
594 9 162
85 243 766
614 357 403
102 98 920
509 458 208
262 475 377
77 815 218
69 941 753
645 449 785
117 560 69
899 906 975
104 601 955
512 792 174
509 273 176
40 680 843
264 683 909
674 390 244
399 865 687
958 424 403
863 581 755
822 395 562
872 758 926
554 409 561
843 44 377
22 128 648
213 916 759
742 51 670
336 234 902
432 252 80
153 536 837
894 956 781
486 223 785
698 737 742
203 788 635
183 157 92
155 944 730
301 776 138
230 864 817
686 517 674
599 467 517
390 150 807
183 222 668
887 365 194
990 200 1000
245 759 373
313 730 817
124 742 180
575 736 85
472 922 910
261 343 693
290 288 733
703 991 613
328 326 26
688 923 334
716 400 506
274 606 657
643 70 254
400 747 817
165 892 938
448 98 933
497 574 117
314 965 656
980 855 507
458 606 216
534 790 343
54 205 946
180 966 414
127 746 236
875 917 18
344 804 482
335 776 373
689 977 669
957 512 517
308 835 511
778 531 155
823 528 539
603 631 109
590 718 828
850 254 411
241 187 254
467 13 374
623 347 516
450 732 559
946 371 98
7 707 965
225 470 108
38 710 991
94 67 170
38 636 59
481 473 947
829 832 241
600 805 672
180 750 182
813 369 784
822 90 935
869 577 146
824 528 811
602 619 654
575 680 513
13 916 689
991 228 892
319 733 978
190 649 546
569 800 277
613 402 976
584 77 754
616 605 432
949 55 943
967 141 534
161 704 286
931 988 443
39 465 321
581 299 434
655 604 689
367 592 650
536 889 488
813 325 60
803 625 266
79 489 905
322 585 182
911 448 357
334 297 40
109 69 237
527 975 784
926 819 688
598 890 989
423 478 234
495 11 861
637 555 699
198 485 34
934 48 478
558 284 184
7 468 854
754 463 643
134 904 478
91 808 455
305 376 42
297 687 73
935 658 834
326 341 151
572 731 717
235 222 944
776 173 620
535 30 708
137 959 478
146 214 214
122 996 304
538 540 650
349 643 897
984 987 817
565 570 480
347 95 107
920 470 953
184 571 99
936 3 285
703 735 240
360 46 334
98 346 447
937 835 408
723 349 249
121 273 868
97 427 644
68 556 627
162 407 574
401 166 250
37 979 382
822 889 854
189 308 620
316 724 614
403 647 617
254 885 543
345 282 623
133 752 237
840 386 430
473 231 339
235 1 383
866 300 822
165 690 604
14 105 583
256 60 198
953 447 745
573 524 376
277 355 781
17 176 280
394 327 358
824 183 296
445 638 711
608 498 575
622 573 675
105 804 999
984 425 975
796 576 803
740 982 912
785 92 515
684 384 393
546 85 885
817 348 777
620 868 442
874 386 442
674 964 157
305 253 277
88 559 620
193 661 627
603 41 972
233 398 789
349 480 258
156 815 59
702 288 418
914 332 679
44 243 578
343 974 310
140 108 992
612 747 471
900 18 776
593 227 592
572 851 490
56 712 944
229 1000 512
218 20 891
354 769 835
281 345 437
434 780 104
182 152 483
300 816 554
329 389 703
614 942 366
567 175 815
311 901 558
56 26 30
611 62 705
555 545 33
108 412 261
531 997 62
140 135 398
947 249 413
939 875 186
481 651 449
607 261 498
307 325 60
306 481 489
66 478 327
867 268 971
244 452 29
368 807 895
444 853 245
649 603 172
542 384 333
116 13 854
928 625 307
126 429 686
852 14 38
472 998 509
870 895 740
239 533 517
932 955 569
72 529 948
165 674 705
354 491 83
548 171 554
359 47 940
833 13 11
653 62 338
942 827 272
990 592 975
371 335 948
337 410 669
955 454 882
936 102 140
861 347 856
102 948 617
417 960 368
420 508 320
36 749 998
963 641 659
414 839 589
164 491 485
15 866 12
308 521 954
762 522 867
959 898 317
186 524 206
678 634 684
56 588 532
538 2 458
175 547 347
675 615 54
381 53 993
328 199 388
836 415 392
911 477 907
860 567 169
823 956 777
327 289 73
76 954 547
373 552 723
315 897 883
300 26 714
430 205 178
677 968 492
694 114 461
420 905 930
801 302 50
844 835 541
559 109 378
317 46 59
58 516 396
240 196 719
377 348 216
912 12 932
515 435 752
913 495 975
945 454 349
124 500 914
386 113 557
981 512 651
887 16 307
123 1 894
97 207 355
321 100 577
728 245 544
917 361 925
824 75 53
348 826 85
794 199 974
376 111 241
577 967 109
301 720 986
679 372 771
453 341 596
490 812 5
148 458 465
970 925 595
592 877 118
88 972 331
433 539 853
838 705 492
407 606 412
987 620 695
153 537 373
650 821 468
27 143 60
946 388 381
538 881 925
525 554 656
182 715 886
646 108 147
236 260 87
819 61 143
178 447 493
813 452 617
671 111 349
988 717 714
375 708 21
312 810 461
644 276 280
729 389 426
955 519 562
280 741 858
70 861 672
485 952 655
978 31 561
728 286 536
771 722 231
158 434 881
188 811 910
826 379 728
802 132 346
852 193 407
972 610 517
557 118 377
420 369 223
665 328 378
985 271 817
992 186 994
304 481 867
502 877 268
82 558 781
389 138 571
57 58 654
309 817 512
913 909 813
249 139 170
953 343 943
617 858 713
740 298 322
893 318 410
466 5 830
581 686 381
905 305 647
40 39 221
673 376 101
63 563 693
441 730 865
971 738 153
764 366 291
224 737 487
826 923 354
662 353 280
214 727 784
171 322 624
982 89 668
640 142 859
209 438 133
600 2 127
266 882 445
722 975 635
841 452 211
313 285 446
860 202 537
43 392 35
931 543 605
375 821 465
245 160 898
572 252 536
593 900 977
1000
5662 826 326159
25506 191 422938
203757 77 462446
212964 367 463838
379514 528 586271
537266 76 708488
620316 128 986234
765328 352 1006280
882456 755 1141835
953399 619 1167451
1038683 488 1199982
1087258 819 1397006
1104720 955 1420398
1112566 921 1562828
1219316 722 1615511
1331978 451 1640209
1356848 856 1650939
1465193 676 1728928
1668615 390 1965877
1959135 548 2101366
1985143 292 2189721
2186161 250 2221541
2410927 176 2410927
2457964 367 2457964
2780117 908 2780117
2847529 628 2847529
3023186 784 3023186
3216418 414 3216418
3405713 354 3405713
3460701 767 3460701
3466499 107 3466499
3570592 330 3570592
3592281 402 3592281
3783024 643 3783024
4095013 605 4095013
4419572 242 4419572
4488873 417 4488873
4495998 34 4495998
4502494 734 4502494
4518726 686 4518726
4542723 244 4542723
4575449 925 4575449
4816171 322 4816171
4975674 826 4975674
5889910 955 5889910
5900958 574 5900958
6004595 171 6004595
6083343 312 6083343
6083587 379 6083587
6109890 79 6109890
6147703 946 6147703
6148669 688 6148669
6176965 816 6176965
6224762 479 6224762
6225704 68 6225704
6253472 516 6253472
6300359 31 6300359
6513004 610 6513004
6527741 129 6527741
6530341 984 6530341
6612478 531 6612478
6618667 617 6618667
6667506 49 6667506
6713285 97 6713285
6852534 419 6852534
6908384 168 6908384
7183449 44 7183449
7401716 843 7401716
7468901 608 7468901
7564923 996 7564923
7577253 159 7577253
7657882 401 7657882
7694130 606 7694130
7718335 24 7718335
7813351 345 7813351
7824894 811 7824894
7836749 523 7836749
7953430 876 7953430
7969885 79 7969885
7983420 858 7983420
8078613 102 8078613
8317080 775 8317080
8562850 377 8562850
8566662 217 8566662
8767598 852 8767598
8925297 33 8925297
9017278 250 9017278
9064890 387 9064890
9325776 228 9325776
9400084 922 9400084
9421434 383 9421434
9486124 221 9486124
9523703 296 9523703
9580476 903 9580476
9607667 754 9607667
9790881 59 9790881
9796196 845 9796196
9839940 655 9924079
10254607 853 10254607
10272134 663 10272134
10350961 12 10350961
10636729 363 10636729
10704617 571 10704617
10780568 869 10780568
10926944 256 10926944
11002894 597 11002894
11026006 145 11026006
11057665 61 11057665
11133171 27 11133171
11386615 79 11386615
11423572 340 11423572
11647913 645 11647913
11650455 611 11650455
11660814 793 11660814
11765081 746 11765081
11814028 102 11814028
11847183 467 11847183
11908096 409 11908096
12054349 182 12054349
12099412 236 12099412
12419261 139 12419261
12559636 705 12559636
12769099 680 12769099
12780892 981 12780892
12826934 444 12826934
12947802 138 12947802
13097127 920 13097127
13141135 192 13141135
13221885 495 13221885
13369223 935 13369223
13386757 252 13386757
13483467 436 13483467
13511269 158 13511269
13541160 189 13541160
13775223 393 13775223
13824308 547 13824308
13903376 998 13903376
13956420 431 13956420
14082028 569 14082028
14289552 490 14289552
14515553 893 14515553
14942505 160 14942505
14988202 726 14988202
15269554 857 15269554
15352865 279 15352865
15363228 503 15363228
15461640 813 15461640
15494280 494 15494280
15605702 595 15605702
15617602 717 15617602
15627459 941 15627459
15674628 342 15674628
15793979 503 15793979
15825480 265 15825480
15886428 288 15886428
16120671 68 16120671
16225815 185 16225815
16462863 312 16462863
16470223 329 16470223
16682289 532 16682289
17059789 445 17059789
17201123 506 17201123
17301591 472 17301591
17419203 878 17419203
17550945 868 17550945
17616922 577 17616922
17654302 854 17654302
18023194 621 18023194
18328422 744 18328422
18374851 330 18374851
18780057 754 18780057
18961105 859 18961105
19314161 111 19314161
19317090 528 19317090
19360273 857 19360273
19395786 933 19395786
19419284 219 19419284
19436006 69 19436006
19526532 36 19526532
19543199 121 19543199
19659554 421 19659554
19663967 327 19663967
19740845 130 19740845
19750166 463 19750166
20071045 638 20071045
20364275 134 20364275
20498183 373 20498183
20606030 267 20606030
20774813 826 20774813
20951840 269 20951840
21208435 877 21208435
21436051 77 21436051
21440173 406 21440173
21491242 793 21491242
21589161 153 21589161
21591030 71 21591030
21630159 551 21630159
21660318 211 21660318
21713799 247 21713799
22044101 883 22044101
22063741 63 22063741
22105589 540 22105589
22111219 926 22111219
22159631 632 22159631
22181672 601 22181672
22243999 780 22243999
22267004 41 22267004
22349820 333 22349820
22557718 608 22557718
22664261 97 22664261
22856483 616 22856483
22879195 837 22879195
22910186 45 22910186
23000041 668 23000041
23053563 836 23053563
23058067 829 23058067
23148997 128 23148997
23475587 971 23475587
23631514 297 23631514
23926590 773 23926590
24033410 111 24033410
24362176 981 24362176
24500367 905 24500367
24711885 165 24711885
24724032 250 24724032
24783077 949 24783077
24804964 807 24804964
24856589 394 24856589
25175474 129 25175474
25178774 718 25178774
25272541 906 25272541
25356929 202 25356929
25479753 573 25479753
25558389 870 25558389
25561735 612 25561735
25639832 470 25639832
25642663 797 25642663
25663300 610 25663300
25759831 608 25759831
26089507 81 26089507
26134662 169 26134662
26164090 606 26164090
26308575 836 26308575
26506920 695 26506920
26564841 910 26564841
26598154 634 26598154
26748500 730 26748500
26756711 607 26756711
26761249 358 26761249
26767263 100 26767263
26796834 770 26796834
26799925 520 26799925
26981226 538 26981226
26985310 917 26985310
27275971 77 27275971
27401526 387 27401526
27432663 260 27432663
27652521 448 27652521
27796868 339 27796868
28030377 854 28030377
28035520 166 28035520
28205534 556 28205534
28241914 458 28241914
28523694 568 28523694
28590151 323 28590151
28657208 826 28657208
28799950 185 28799950
28838092 547 28838092
28859767 431 28859767
28942020 80 28942020
28951461 326 28951461
29017060 195 29017060
29048127 202 29048127
29284424 433 29284424
29297252 267 29297252
29470844 372 29470844
29470887 300 29470887
29664287 201 29664287
29846252 777 29846252
29935911 54 29935911
29981828 898 29981828
30009355 900 30009355
30193858 979 30193858
30260371 721 30260371
30324907 143 30324907
30340339 663 30340339
30507269 161 30507269
30631703 175 30631703
30730846 193 30730846
30788076 243 30788076
30857862 212 30857862
30958240 611 30958240
30959121 535 30959121
31003414 926 31003414
31005110 196 31005110
31007709 238 31007709
31246852 277 31246852
31372648 39 31372648
31426730 99 31426730
31775565 301 31775565
31790540 187 31790540
31887476 365 31887476
31898443 83 31898443
31977825 250 31977825
31992847 463 31992847
32079618 769 32079618
32099850 232 32099850
32182410 455 32182410
32204338 498 32204338
32314622 809 32314622
32370586 169 32370586
32465862 7 32465862
32483468 483 32483468
32484463 298 32484463
32770924 778 32770924
32804280 456 32804280
33123320 179 33123320
33166325 886 33166325
33173181 221 33173181
33347193 378 33347193
33428211 600 33428211
33450592 339 33450592
33472868 981 33472868
33514789 179 33514789
33719291 192 33719291
33876037 877 33876037
33884078 280 33884078
34081431 818 34081431
34083373 423 34083373
34158477 116 34158477
34715246 778 34715246
34806737 239 34806737
34807648 199 34807648
34824445 710 34824445
34835598 369 34835598
34970948 941 34970948
35012083 865 35012083
35093584 459 35093584
35233817 641 35233817
35383436 608 35383436
35394558 648 35394558
35428931 743 35428931
35590140 874 35590140
35730831 713 35730831
36006770 720 36006770
36077575 774 36077575
36140249 421 36140249
36298140 393 36298140
36353845 536 36353845
36392507 261 36392507
36532724 773 36532724
36636540 945 36636540
36690277 944 36690277
36714686 695 36714686
37043148 923 37043148
37235142 807 37235142
37237528 871 37237528
37346898 851 37346898
37373459 896 37373459
37447331 824 37447331
37610907 328 37610907
37639340 517 37639340
37743648 942 37743648
37766324 580 37766324
37813215 514 37813215
37825761 284 37825761
37872391 753 37872391
37906866 79 37906866
37908767 86 37908767
37977605 264 37977605
38382117 237 38382117
38466704 142 38466704
38470711 148 38470711
38589018 646 38589018
38681799 929 38681799
38712893 444 38712893
38725144 375 38725144
38736344 77 38736344
39040620 151 39040620
39199251 900 39199251
39242254 168 39242254
39459695 256 39459695
39599495 493 39599495
39629138 404 39629138
39645207 536 39645207
39653657 975 39653657
39669301 109 39669301
39813125 914 39813125
39825073 907 39825073
39842540 39 39842540
39845007 662 39845007
39925810 346 39925810
39947960 20 39947960
39990025 827 39990025
40076478 91 40076478
40118326 427 40118326
40253892 562 40253892
40256445 396 40256445
40362538 283 40362538
40411040 637 40411040
40518954 580 40518954
40555309 932 40555309
40721944 436 40721944
40980755 610 40980755
41028153 623 41028153
41179067 640 41179067
41317529 603 41317529
41335067 298 41335067
41382293 112 41382293
41673273 598 41673273
41953359 812 41953359
41967260 140 41967260
42013740 922 42013740
42088969 158 42088969
42249480 427 42249480
42276731 646 42276731
42325979 289 42325979
42365315 157 42365315
42422783 125 42422783
42706972 506 42706972
42751485 153 42751485
42861618 739 42861618
42884541 310 42884541
42920831 685 42920831
43090615 384 43090615
43110792 525 43110792
43145446 732 43145446
43218010 122 43218010
43253786 829 43253786
43267842 528 43267842
43364197 212 43364197
43576244 980 43576244
43638792 310 43638792
43724120 871 43724120
43846251 566 43846251
43899943 863 43899943
43920612 840 43920612
43924979 686 43924979
44008355 578 44008355
44047993 216 44047993
44209580 843 44209580
44307589 85 44307589
44483049 283 44483049
44629065 968 44629065
44630809 549 44630809
44664384 89 44664384
44724007 347 44724007
44828631 592 44828631
44873075 532 44873075
44923556 284 44923556
45122229 71 45122229
45220389 631 45220389
45239716 879 45239716
45289809 473 45289809
45464438 954 45464438
45644017 178 45644017
45708656 368 45708656
45727079 82 45727079
45733060 108 45733060
46003240 902 46003240
46011264 420 46011264
46090571 48 46090571
46126923 193 46126923
46152853 880 46152853
46165375 100 46165375
46215869 586 46215869
46370324 651 46370324
46705157 699 46705157
46932888 580 46932888
47027901 987 47027901
47087369 734 47087369
47161173 732 47161173
47199028 686 47199028
47227577 277 47227577
47240015 60 47240015
47539534 999 47539534
47567988 616 47567988
47585799 309 47585799
47622063 443 47758198
47671973 312 47804482
47887083 907 47887083
47922879 329 47955404
47981741 501 47990926
48000518 335 48010934
48026141 845 48037969
48169891 620 48169891
48185403 798 48185403
48214761 189 48259786
48297011 800 48343404
48436865 346 48436865
48446332 142 48519110
48477503 646 48557560
48570101 122 48727853
48598956 120 48853515
48655518 294 48946000
48656155 842 49067566
48726245 611 49273020
48807591 47 49290572
48870289 518 49328586
48888393 148 49401078
48989917 727 49474589
49049477 911 49648511
49070921 242 49761960
49137253 197 49932650
49295792 359 50006006
49329818 574 50029707
49330828 582 50100957
49430756 761 50217285
49514801 160 50228422
49625164 999 50449739
49662113 851 50486270
49695765 673 50493032
49739928 656 50631408
49909466 464 50650758
50015218 335 50712784
50146399 629 50826428
50446298 591 50949552
50463459 774 51075868
50783467 571 51089927
50946782 495 51182665
51010149 744 51686740
51080962 805 51689926
51116163 234 51714186
51140316 311 51742406
51247643 24 51833097
51383533 472 51959700
51661152 370 52099769
51696338 365 52239127
51742103 555 52327844
52183053 393 52336733
52329285 184 52558803
53015963 643 53015963
53215389 343 53215389
53232758 112 53232758
53264324 75 53264324
53413642 553 53413642
53419113 759 53526085
53708653 806 53708653
53763325 517 53763325
53818562 232 53818562
54067801 826 54067801
54121056 530 54159778
54147263 87 54179043
54251106 663 54251106
54306819 309 54327947
54415834 500 54690563
54611226 439 54812665
54680538 381 54816228
54705034 192 55022456
55246652 279 55246652
55247802 525 55247802
55291769 645 55575314
55387958 83 55590238
55622876 253 55739496
55802300 890 55815030
55818426 643 55993101
55850018 107 56087520
55939345 413 56211624
56060501 579 56269212
56081744 497 56335869
56113828 409 56346696
56304915 947 56362461
56451333 560 56451333
56486397 762 56486397
56629456 853 56629456
56696990 83 56696990
57512686 121 57512686
57515148 233 57515148
57685596 865 57685596
57715118 964 57715118
57840776 311 57840776
58066870 453 58066870
58186477 715 58186477
58194698 714 58194698
58281689 815 58281689
58284387 53 58284387
58607721 889 58607721
58636356 623 58636356
58932033 795 58932033
58933103 954 58933103
59078146 421 59078146
59085877 467 59085877
59266630 471 59266630
59406665 371 59406665
59447783 653 59447783
59704388 200 59704388
59755602 435 59755602
59799068 402 59799068
59923050 821 59923050
59942642 619 59942642
60101298 771 60101298
60267185 406 60267185
60395724 339 60395724
60452323 712 60452323
60559381 189 60559381
60833219 406 60833219
60886013 917 60886013
61242559 458 61242559
61299397 237 61299397
61302078 416 61302078
61353154 679 61353154
61388387 620 61388387
61413760 910 61413760
61449269 720 61449269
61470144 575 61470144
61549116 872 61549116
61560169 482 61560169
61607406 308 61607406
61693499 841 61693499
61936561 255 61936561
61967938 865 61967938
62019130 540 62019130
62035912 762 62035912
62188191 430 62188191
62234608 471 62234608
62236353 83 62236353
62265916 786 62265916
62265925 926 62265925
62278409 993 62278409
62532805 638 62532805
62572562 699 62572562
62811716 746 62811716
62861925 72 62861925
62894352 929 62894352
62901188 538 62901188
62959991 925 62959991
63035908 394 63035908
63137009 621 63137009
63163369 730 63163369
63211674 959 63211674
63215571 189 63215571
63251165 278 63251165
63278985 485 63278985
63330420 833 63330420
63394279 896 63394279
63407019 492 63407019
63546620 175 63546620
63560575 987 63560575
63617427 251 63617427
63660552 502 63660552
63666463 331 63666463
63738038 841 63738038
63896476 558 63896476
64017116 693 64017116
64293457 912 64293457
64360763 764 64360763
64496550 893 64496550
64500293 862 64500293
64672769 48 64672769
64748203 820 64748203
64920765 933 64920765
65046656 581 65046656
65090415 868 65090415
65111049 182 65111049
65323321 489 65323321
65342812 527 65342812
65348797 756 65348797
65349026 586 65349026
65693035 326 65693035
65723691 679 65723691
65794750 771 65794750
65888946 401 65888946
66050484 652 66050484
66131701 239 66131701
66304916 726 66304916
66410834 701 66410834
66430984 240 66430984
66496685 903 66496685
66604335 678 66604335
66699901 395 66699901
66769358 25 66769358
66876733 459 66876733
66889252 329 66889252
66956147 417 66956147
67013889 800 67013889
67085194 456 67085194
67162131 243 67162131
67163066 399 67163066
67246662 132 67246662
67298681 630 67298681
67343992 486 67343992
67398233 873 67398233
67577156 633 67577156
67779236 930 67779236
67918770 927 67918770
68138141 893 68138141
68301251 5 68301251
68302477 818 68302477
68359569 934 68359569
68437548 71 68437548
68439139 281 68439139
68455944 41 68455944
68471254 600 68652296
68725199 762 68725199
68911428 880 68911428
69181423 693 69181423
69282569 436 69282569
69300805 414 69300805
69684124 803 69684124
69728954 556 69728954
69790075 912 69790075
69830762 79 69830762
69935747 944 69935747
69948783 127 69948783
69980824 101 69980824
70145921 393 70145921
70317010 543 70317010
70369908 399 70369908
70459832 755 70459832
70619932 528 70619932
70623724 983 70819931
70724614 701 71066204
70790633 33 71094374
70819256 257 71214560
71168478 657 71302531
71401313 217 71426416
71477027 687 71477027
71477646 546 71477646
71522081 70 71522081
71585781 799 71585781
71621529 99 71837825
71670558 79 71934475
71687228 907 71990416
71960118 591 72057040
71990751 743 72162238
72167891 588 72173208
72234320 112 72282025
72381397 934 72381397
72582229 34 72582229
72663298 302 72663298
72704960 97 72704960
72743467 996 72743467
73175042 453 73175042
73193272 850 73193272
73414323 482 73414323
73712889 437 73712889
73996268 730 73996268
74014689 527 74014689
74026804 188 74026804
74039588 412 74039588
74134574 878 74134574
74199813 980 74199813
74316959 696 74316959
74344316 144 74344316
74369607 389 74369607
74420313 293 74420313
74616619 305 74616619
74655338 571 74655338
74768557 408 74768557
74839985 813 74839985
74868814 398 74868814
74911774 858 74911774
74987235 692 74987235
75010424 168 75010424
75080503 381 75080503
75106032 649 75106032
75190622 578 75190622
75280056 636 75280056
75339279 692 75339279
75586783 571 75586783
75648082 708 75648082
75758444 406 75758444
75841561 808 75841561
75941132 639 75941132
76093853 654 76093853
76233008 137 76233008
76262064 636 76262064
76312079 16 76312079
76605120 356 76605120
76652453 546 76652453
76669303 112 76669303
76875588 746 76875588
76907834 556 76907834
76930476 798 76930476
77501613 760 77501613
77518916 521 77518916
77652890 100 77652890
77693160 265 77693160
77751276 882 77751276
77848418 507 77848418
77927588 680 77927588
77996303 831 77996303
78244119 454 78244119
78408071 790 78408071
78527618 52 78527618
78672055 2 78672055
78681270 857 78681270
78711009 972 78711009
78850750 532 78850750
78906316 819 78906316
78923127 91 78923127
79114189 498 79114189
79230917 482 79230917
79241065 825 79241065
79285604 988 79285604
79293504 841 79293504
79476697 124 79476697
79525247 924 79525247
79681332 693 79681332
79689103 415 79689103
79702935 138 79702935
79776406 781 79776406
79893553 741 79893553
80018110 279 80018110
80049675 216 80049675
80354405 31 80354405
80445692 850 80445692
80541981 724 80541981
80630473 231 80630473
80723030 838 80723030
80723501 917 80723501
80738806 993 80738806
80849060 971 80849060
80896036 599 80896036
80986467 994 80986467
81033887 874 81033887
81082749 939 81082749
81090336 602 81090336
81110767 356 81110767
81188784 142 81188784
81265280 415 81265280
81441682 772 81441682
81463901 421 81463901
81611459 145 81611459
81722264 931 81722264
81763123 525 81763123
81772923 610 81772923
81905914 815 81905914
82136578 503 82136578
82179759 203 82179759
82199775 463 82199775
82213253 215 82213253
82255356 975 82255356
82358020 789 82358020
82455584 30 82455584
82688474 633 82688474
82722825 260 82722825
82754458 59 82754458
82815561 323 82815561
82900187 606 82900187
82988204 182 82988204
83094638 52 83094638
83170973 284 83170973
83223927 14 83223927
83480477 793 83480477
83495281 260 83495281
83496629 460 83496629
83556461 613 83556461
83643745 620 83643745
83657102 900 83657102
83804740 9 83804740
83816118 608 83816118
83921033 234 83921033
84043902 488 84043902
84088512 990 84088512
84185387 917 84185387
84273234 741 84273234
84383023 588 84383023
84388468 670 84585217
84539961 265 84797035
84576238 928 85070067
84641839 441 85204738
84790431 929 85247345
84838141 499 85268807
84982919 942 85271288
85006033 468 85385070
85014431 587 85463779
85038921 783 85608489
85086949 816 85615359
85262463 708 85809549
85348255 480 85815537
85577882 903 85842933
85635898 836 85844899
85664600 338 86023050
85977852 406 86303145
86167948 688 86321503
86281215 64 86394184
86413749 66 86413749
86609389 531 86609389
86641170 791 86641170
86658970 983 86667342
86695391 869 86874501
86696041 15 86954812
86722764 504 87037944
86857122 236 87089129
86963852 353 87113309
87002486 178 87113733
87087904 466 87139004
87252170 814 87252170
87370018 920 87370018
87394003 479 87394003
87449305 468 87449305
87670604 593 87744908
87688757 312 87836572
87790952 438 88179478
87971998 803 88204990
88036739 172 88347788
88182102 876 88453587
88265760 231 88497638
88503028 342 88596345
88642180 512 88709639
88681536 228 88722923
88794992 288 88794992
88825602 401 88864795
88858870 334 89159725
88902527 249 89215204
88926082 341 89297097
88984996 250 89351733
89027457 676 89353565
89042675 386 89561511
89361916 726 89603155
89402640 55 89816167
89558086 130 89859954
89570634 306 89955252
89645047 339 90224545
89712957 872 90283260
89785671 760 90502181
89847084 15 90644045
89885949 688 90786493
89911382 372 90827082
89973515 710 90908804
90110583 792 90982824
90336346 168 91034245
90607177 339 91060661
90618891 894 91249329
90671771 750 91443577
90850274 488 91540722
90901549 542 91766883
90913681 379 92086678
90943030 220 92100213
91058667 207 92150575
91083893 905 92156389
91100749 238 92205481
91243480 835 92239920
91399308 379 92309664
91488047 521 92401560
91778491 129 92407076
91839884 936 92681108
92019119 295 93001994
92158019 727 93241328
92233588 953 93487859
92393815 26 93641398
92434602 429 93682619
92585183 385 93848849
92608696 8 94064379
92665514 668 94107503
92765436 585 94119922
92795323 43 94244450
92961405 435 94291441
93210583 519 94307204
93298100 933 94503920
93442529 647 94643441
94059447 900 94684748
94068308 287 94717690
94356943 742 94764643
94810353 304 94900804
95333827 647 95333827
95344715 669 95344715
95371729 586 95371729
95510317 953 95510317
95848230 554 95848230
96111005 199 96111005
96118996 375 96118996
96227090 850 96227090
96249564 264 96249564
96254077 178 96254077
96299376 956 96299376
96461456 61 96461456
96473978 613 96473978
96550987 998 96550987
96648202 889 96689552
96780278 512 96780278
96972760 734 96972760
97147710 351 97147710
97219383 440 97219383
97226841 354 97226841
97254122 345 97254122
97338136 124 97338136
97391629 140 97391629
97822861 680 97822861
98176690 909 98176690
98199301 521 98199301
98308315 401 98308315
98468347 439 98468347
98475962 523 98475962
98753967 800 98753967
98894822 98 98894822
99024281 470 99024281
99066069 291 99066069
99315984 976 99315984
99466233 631 99466233
99475249 230 99475249
99514485 88 99514485
99569632 994 99569632
99571046 337 99571046
99659513 923 99659513
99685005 334 99685005
99782496 467 99782496
99862676 398 99862676
99997120 580 99997120
