1000 999
723 967 297
565 363 593
375 336 259
468 42 596
483 852 999
698 214 837
924 236 447
720 835 406
302 855 726
533 873 812
326 814 221
606 690 802
60 398 402
597 384 741
663 261 574
52 637 707
666 82 210
122 54 521
650 284 93
744 605 780
64 341 187
69 902 258
440 517 529
905 137 774
436 641 279
326 302 944
248 814 752
363 773 886
981 113 825
894 994 970
274 602 555
493 95 316
621 407 641
22 100 454
545 709 639
431 101 439
395 877 87
654 838 584
974 5 908
950 813 521
542 373 787
144 389 657
601 183 543
254 409 115
687 74 365
983 204 369
732 598 757
979 501 814
75 440 410
28 189 588
154 12 335
72 432 486
299 382 264
119 859 368
437 475 326
334 507 79
481 803 413
918 785 755
846 504 796
234 922 988
950 342 352
775 631 264
733 585 624
328 653 549
923 865 482
888 47 271
439 133 164
353 106 162
591 630 226
925 298 513
913 432 362
347 563 787
359 888 896
239 913 606
277 761 612
473 769 659
187 909 961
685 762 585
208 168 552
890 305 265
610 435 385
264 97 976
71 494 607
466 641 211
836 245 652
688 835 706
643 625 281
263 174 152
85 980 294
636 806 808
421 158 354
159 215 776
2 93 773
767 301 863
683 44 359
578 54 461
957 485 161
438 364 434
787 702 137
892 118 426
984 688 0
74 64 295
112 380 14
867 779 816
995 694 441
660 728 308
662 275 664
200 250 94
972 284 275
914 152 248
353 854 924
672 384 602
246 830 329
937 704 836
451 166 245
816 171 485
192 721 279
761 746 791
70 567 687
557 554 584
499 257 52
995 254 944
844 955 291
698 630 813
580 49 270
255 633 989
739 742 515
110 974 893
902 985 952
881 657 676
768 933 826
235 558 249
849 172 575
161 486 603
914 583 967
364 330 439
238 126 226
996 68 219
924 389 652
719 213 417
71 290 923
214 413 820
316 979 441
296 128 479
543 605 709
616 530 358
22 859 1000
289 895 768
388 694 138
729 465 29
376 485 863
554 189 892
317 863 999
897 56 667
449 372 580
611 632 695
38 740 964
464 772 931
665 885 574
734 471 761
528 219 80
110 9 493
899 875 833
441 978 333
690 68 876
402 300 26
840 96 685
922 986 823
716 745 684
652 785 984
567 18 998
693 839 466
358 679 927
736 198 776
137 861 293
176 982 864
297 458 650
573 298 226
492 280 335
663 424 23
763 876 346
400 556 107
434 657 974
715 640 165
117 686 91
200 493 341
629 476 73
135 200 827
417 111 41
289 202 615
963 398 226
344 943 510
180 1 599
835 386 83
267 258 793
849 499 581
853 981 181
322 468 330
524 206 114
544 395 534
478 92 425
317 185 152
220 618 474
624 565 214
377 481 305
698 536 513
295 364 294
929 101 79
247 170 360
103 490 746
720 540 843
564 867 624
576 15 639
325 59 885
563 497 81
876 120 332
368 703 108
908 371 708
665 306 360
987 737 978
99 776 390
698 78 340
394 502 215
743 337 231
500 406 407
754 468 335
758 522 664
467 227 884
94 531 485
199 426 178
953 284 504
959 163 650
804 228 580
103 677 921
450 180 183
137 756 60
489 27 792
105 526 95
937 246 310
108 723 765
552 136 265
17 862 290
813 653 376
656 356 464
190 118 358
614 936 716
683 795 399
416 63 282
535 277 809
492 444 653
82 20 444
589 267 887
519 836 673
322 187 893
811 580 962
39 365 340
445 994 799
425 273 248
544 829 345
590 586 797
341 937 934
430 230 473
154 140 184
885 456 598
971 619 705
233 674 243
880 399 866
625 795 992
297 963 153
288 128 316
724 357 80
447 111 587
216 167 497
152 758 675
215 581 935
323 78 431
840 532 260
206 604 2
878 879 412
783 902 40
722 331 197
8 255 865
9 155 644
691 578 805
958 815 610
311 837 133
980 43 896
187 443 914
333 162 333
367 730 586
766 668 372
281 939 642
829 784 861
401 144 502
707 964 675
958 999 771
261 442 723
319 360 468
335 167 942
464 44 132
552 706 574
247 565 282
623 338 525
419 582 271
682 19 313
989 212 180
483 355 686
244 819 394
496 364 807
436 824 49
256 545 310
240 644 220
936 733 259
57 672 25
810 224 67
482 958 468
261 81 278
731 320 503
92 513 97
234 857 143
592 136 655
422 595 454
421 801 522
992 314 519
91 31 262
940 317 3
49 749 90
447 869 135
570 457 835
562 833 867
892 333 858
746 622 759
81 242 357
491 607 914
261 416 727
725 490 434
670 825 902
260 322 542
884 793 479
515 939 960
742 484 90
673 297 954
737 603 912
765 132 290
457 420 16
728 600 754
561 669 473
146 77 535
352 241 359
1000 536 111
941 102 171
254 183 909
498 699 107
262 981 196
390 416 24
102 840 900
402 766 797
62 4 52
730 136 359
284 324 869
93 773 532
810 276 877
661 547 674
526 337 799
964 767 730
538 745 629
915 408 159
883 784 668
186 568 364
701 299 57
828 469 159
503 889 935
908 568 728
821 682 437
920 42 214
703 883 592
384 7 143
846 208 570
508 769 119
561 147 906
705 602 468
580 470 966
494 437 57
543 741 134
740 117 759
421 143 715
774 472 630
750 628 41
429 346 726
720 11 108
130 91 581
457 870 86
423 934 158
768 533 90
643 430 627
981 638 95
899 389 6
841 34 756
631 101 679
880 713 725
251 980 942
368 388 922
366 921 75
515 91 658
334 79 369
527 462 65
387 203 218
832 376 932
765 817 297
190 650 175
800 817 786
241 406 312
675 753 243
959 711 491
418 3 658
968 138 130
327 250 803
808 618 305
679 48 400
84 562 256
410 847 485
116 476 685
812 65 85
310 30 92
556 612 994
537 895 213
615 297 474
794 646 249
412 938 916
336 315 99
177 647 878
311 697 986
551 72 345
147 294 244
727 226 623
772 729 34
366 18 516
973 403 584
997 684 52
51 484 909
684 369 275
404 842 296
538 777 539
610 274 963
710 110 983
534 731 903
312 917 461
908 193 421
737 560 794
355 176 143
786 488 984
4 361 666
992 578 610
674 35 350
825 799 209
536 777 945
977 182 616
924 351 258
387 562 124
80 174 423
54 603 510
600 643 256
61 516 156
58 859 678
53 554 864
751 874 143
59 244 79
734 241 606
793 789 742
777 778 196
271 738 21
453 974 285
788 703 534
594 294 418
77 778 230
65 620 141
84 256 246
55 395 923
146 856 797
837 764 194
842 635 147
249 884 720
182 287 235
6 921 601
628 513 987
818 94 981
309 434 132
412 355 497
887 177 630
46 989 910
770 586 830
231 409 10
361 33 380
584 804 759
764 931 420
134 196 468
962 182 629
281 649 324
227 169 149
458 662 364
852 6 562
278 483 544
485 449 963
970 477 640
259 306 558
671 521 572
934 123 140
849 360 387
110 229 950
608 513 443
525 950 544
92 283 670
173 480 848
926 464 366
326 898 689
454 125 291
546 965 875
883 865 307
511 445 509
333 752 952
237 104 889
402 316 215
408 615 429
976 714 660
39 572 935
733 965 981
306 262 571
919 222 49
661 799 917
280 96 133
562 896 690
516 549 305
575 838 45
77 901 880
1 970 455
676 266 272
529 553 200
446 217 522
607 910 650
211 827 471
268 363 765
14 949 919
680 491 344
45 991 382
961 783 146
403 528 537
673 889 400
945 796 806
488 381 533
342 741 936
718 252 457
866 845 950
524 482 496
274 308 437
354 654 172
573 303 50
773 868 727
617 628 317
355 415 558
946 15 391
432 820 241
365 824 864
939 988 139
835 875 230
539 861 268
740 359 119
822 3 127
263 807 53
277 265 864
266 935 117
85 805 101
142 211 270
891 201 1
840 579 340
193 955 805
562 293 651
498 838 406
655 952 596
912 343 424
969 264 144
210 406 975
726 32 747
425 501 854
541 887 248
213 783 795
939 903 628
792 569 547
518 564 727
436 487 767
530 125 959
207 62 188
131 660 818
790 392 17
151 26 260
990 506 742
352 762 433
109 529 613
873 268 277
737 67 211
515 419 389
380 338 924
798 765 912
141 783 799
990 86 283
201 10 21
416 120 898
463 282 268
961 774 79
850 153 852
862 812 539
681 428 204
226 649 244
989 206 175
16 310 670
509 102 165
781 335 119
596 223 233
779 264 856
354 653 652
99 886 88
304 230 117
189 411 560
568 423 91
370 205 379
924 906 940
595 553 929
685 451 1000
957 157 474
34 793 643
597 21 344
505 841 548
600 218 435
397 675 2
845 756 144
830 109 717
864 316 521
938 36 405
510 140 66
392 912 782
221 740 290
634 650 183
37 362 968
275 393 554
249 975 811
309 194 260
848 134 108
151 512 957
248 559 315
286 499 523
150 339 76
689 747 154
327 7 896
56 437 282
25 766 781
441 716 147
622 692 361
627 987 28
587 107 285
457 614 463
592 607 414
475 4 160
909 617 448
404 502 649
932 619 261
629 125 828
569 176 702
997 8 246
87 729 999
357 623 174
699 558 184
175 148 970
417 797 144
165 634 138
862 400 737
792 83 122
652 195 544
463 29 600
69 537 590
388 124 489
450 96 200
826 809 173
57 520 856
947 337 28
166 188 954
938 659 428
236 159 962
643 976 916
715 197 982
24 626 957
285 509 693
967 301 455
542 385 714
523 404 395
214 396 727
854 339 490
828 247 561
783 872 205
993 138 267
631 654 458
98 43 97
546 565 496
951 187 703
803 106 352
335 344 50
175 254 16
308 757 842
566 23 333
298 235 322
619 581 600
689 101 435
203 970 84
357 505 617
618 381 90
145 192 38
332 966 304
656 921 933
460 533 208
423 452 630
945 41 62
809 314 319
785 622 270
329 745 113
288 230 841
68 86 931
109 616 90
678 822 748
977 248 332
495 345 239
904 217 333
360 509 947
426 11 240
531 340 220
490 760 822
531 706 482
112 960 505
8 782 873
479 789 341
305 762 424
457 40 448
222 428 321
936 205 52
386 916 995
257 137 571
240 113 849
348 331 436
264 200 19
675 960 803
287 223 638
315 333 214
872 21 928
123 472 158
485 696 460
712 263 650
839 989 369
15 114 873
107 583 615
169 184 358
548 76 196
927 680 310
418 604 707
834 526 693
230 121 492
383 972 977
653 549 352
495 752 655
237 771 339
468 358 90
789 555 131
693 82 680
778 802 117
593 717 45
336 107 264
548 471 49
439 697 209
58 79 643
735 723 287
518 708 197
50 427 526
639 716 312
948 641 668
210 480 819
318 605 467
278 269 802
204 378 560
459 211 415
642 310 420
587 599 360
379 544 505
111 720 406
353 449 104
202 433 718
731 843 214
983 26 861
337 602 585
341 35 381
441 563 25
710 40 596
1 846 340
349 362 481
647 88 478
598 907 487
13 758 642
848 806 757
175 743 15
811 850 638
138 486 337
14 206 455
978 826 2
117 237 151
207 522 698
501 374 415
365 473 870
529 29 2
335 651 587
878 718 390
100 767 127
401 722 977
221 541 42
518 23 292
700 755 237
44 421 675
916 911 927
900 783 383
728 636 642
147 851 863
407 486 375
734 29 906
58 243 782
838 232 884
161 421 692
321 179 421
786 880 889
57 19 16
294 859 439
592 176 650
871 304 935
705 99 39
261 882 271
305 307 12
70 519 800
646 917 440
66 326 158
337 825 37
210 788 71
838 219 145
954 392 320
732 279 901
156 846 390
332 646 664
37 364 722
946 679 369
129 86 64
84 571 674
548 998 86
129 270 636
378 127 367
429 572 744
500 671 405
236 819 453
937 645 840
219 857 756
550 568 339
796 597 0
216 438 467
439 574 707
786 478 180
764 340 188
139 233 310
138 780 628
609 666 347
268 922 168
371 865 696
179 651 309
770 790 841
976 73 62
956 668 555
95 658 509
106 445 869
942 292 562
488 474 494
34 87 46
145 345 41
93 514 382
438 892 988
450 428 977
677 360 212
871 140 22
271 759 101
323 761 508
434 40 327
350 576 815
957 26 729
27 372 595
637 238 136
779 201 679
455 433 291
788 32 926
373 50 585
717 29 238
80 930 887
127 238 203
648 90 704
209 481 830
506 26 119
205 651 393
897 592 716
736 999 421
164 371 820
712 810 787
518 366 357
615 272 770
789 501 92
800 801 723
178 180 121
484 64 908
753 554 316
312 852 734
709 400 69
279 332 162
240 180 551
206 831 584
299 219 378
163 708 789
458 556 136
814 461 853
29 664 551
414 716 693
271 723 497
319 893 880
493 15 97
577 944 569
421 217 781
65 391 751
100 722 884
803 804 380
858 297 460
536 791 888
648 667 66
640 405 210
24 326 886
787 460 101
823 755 19
863 45 719
42 611 234
391 667 732
727 803 609
215 191 398
898 577 957
283 410 505
318 160 250
224 767 962
291 269 176
604 347 64
860 460 640
310 74 549
154 267 956
876 525 488
484 755 267
808 596 512
613 708 688
588 230 885
50 880 129
227 482 921
928 52 397
777 64 758
171 684 122
212 805 23
320 307 583
601 292 891
527 810 102
563 436 942
42 89 590
269 879 339
448 658 980
874 889 502
748 641 866
719 676 542
816 888 915
246 211 557
655 801 55
313 484 178
769 820 51
405 746 413
228 869 824
172 251 826
343 284 39
317 92 398
555 573 124
313 149 986
225 759 753
735 997 373
599 695 488
716 253 63
115 585 73
873 236 496
850 652 444
181 863 34
744 517 847
523 633 31
1000
55798 896 55798
181209 592 181209
246721 351 246721
253832 143 253832
328990 6 328990
382120 352 382120
389139 237 389139
515265 26 515265
602614 666 602614
749071 801 749071
751447 91 751447
769141 559 769141
776931 70 776931
839364 478 839364
877914 243 877914
987023 79 987023
998703 210 998703
1003981 451 1003981
1081457 992 1081457
1090692 576 1090692
1120360 580 1120360
1152976 483 1152976
1218300 130 1218300
1234510 562 1234510
1241509 840 1241509
1244029 428 1244029
1251497 708 1283579
1272229 701 1313520
1345895 242 1345895
1375627 329 1375627
1483327 351 1483327
1517324 174 1517324
1681491 474 1681491
1711451 728 1711451
1729936 173 1729936
1732408 95 1732408
1799133 271 1799133
1804897 342 1804897
1854642 665 1854642
1887280 192 1887280
1910899 807 1910899
1941194 543 1941194
2142690 29 2142690
2144857 770 2144857
2226318 50 2226318
2246766 746 2246766
2298636 355 2298636
2309036 379 2309036
2465508 899 2465508
2476778 46 2476778
2540773 383 2540773
2551922 381 2551922
2669668 588 2669668
2694221 449 2694221
2786492 47 2786492
2875655 210 2875655
2891282 7 2891282
2891733 236 2891733
2920215 924 2920215
2933694 29 2933694
3011686 270 3011686
3017870 217 3017870
3018892 27 3018892
3092586 835 3092586
3099197 625 3099197
3109419 941 3109419
3136285 479 3136285
3551338 967 3551338
3619408 751 3619408
3707176 286 3707176
3763275 123 3763275
3804895 124 3804895
3820323 16 3820323
3821389 348 3821389
3864771 365 3864771
4164418 882 4164418
4189123 108 4189123
4225311 385 4225311
4337597 786 4337597
4413784 229 4413784
4449942 772 4449942
4464485 764 4464485
4514818 587 4514818
4770118 418 4770118
4862034 995 4862034
4867258 918 4867258
4875403 415 4875403
4899055 949 4899055
4968223 723 4968223
4970608 994 4970608
5013303 265 5013303
5134919 972 5134919
5147695 194 5147695
5167859 493 5167859
5209235 718 5209235
5261373 225 5261373
5269430 670 5269430
5269819 802 5269819
5309216 121 5309216
5401259 907 5401259
5493136 299 5493136
5518231 87 5518231
5538882 433 5538882
5540146 109 5540146
5544758 374 5544758
5580953 733 5580953
5612648 119 5612648
5646528 519 5646528
5703874 793 5703874
5781944 222 5781944
5787891 850 5787891
5801148 38 5801148
5822242 890 5822242
5856276 606 5856276
5886066 952 5886066
5911525 531 5911525
5920348 672 5920348
5962618 264 5962618
6021616 17 6021616
6164708 968 6164708
6223680 521 6223680
6262588 728 6262588
6282344 422 6282344
6363891 308 6363891
6405402 682 6405402
6471826 966 6471826
6537394 573 6537394
6604206 149 6604206
6742845 670 6742845
6819019 916 6819019
6842667 273 6842667
6865688 785 6865688
6875310 838 6875310
6895626 660 6895626
6923681 572 6923681
6939105 623 6939105
6973547 252 6973547
7017177 66 7017177
7029429 39 7029429
7084564 751 7084564
7125315 539 7125315
7164124 41 7164124
7263100 492 7263100
7301764 767 7301764
7315620 862 7315620
7354587 357 7354587
7430300 737 7430300
7431200 640 7431200
7483301 532 7483301
7500753 680 7500753
7589920 253 7589920
7662260 747 7662260
7672893 430 7672893
7736636 649 7736636
7737393 28 7737393
7892925 243 7892925
7959629 630 7959629
7987799 365 7987799
7995461 87 7995461
8007912 848 8007912
8023563 442 8023563
8051592 914 8051592
8074777 279 8074777
8099430 242 8099430
8240290 551 8240290
8290007 418 8290007
8298656 638 8298656
8299250 867 8299250
8403309 72 8403309
8472826 599 8472826
8472938 577 8472938
8606912 594 8606912
8673894 642 8673894
8691751 718 8691751
8721344 731 8721344
8747154 370 8747154
8813225 552 8813225
8940290 243 8940290
9007066 34 9007066
9020375 445 9020375
9111829 766 9111829
9137715 401 9137715
9142359 471 9142359
9200611 698 9200611
9233403 506 9233403
9311423 887 9311423
9325695 49 9325695
9340370 577 9340370
9405487 823 9405487
9415478 818 9415478
9464890 18 9464890
9664700 199 9664700
9691872 116 9691872
9738022 696 9738022
9769340 944 9769340
9815028 636 9815028
9841771 133 9841771
9887374 255 9887374
10002085 209 10002085
10070715 285 10070715
10088351 829 10088351
10095298 209 10095298
10238091 416 10238091
10245173 993 10245173
10301967 349 10301967
10352985 733 10352985
10380297 49 10380297
10413421 995 10413421
10442169 924 10442169
10465332 426 10465332
10519575 912 10519575
10694327 698 10694327
10760340 614 10760340
10794740 245 10794740
10829424 9 10829424
10931005 321 10931005
11021568 15 11021568
11204488 274 11204488
11304799 521 11304799
11308146 336 11308146
11312694 837 11312694
11408469 825 11408469
11489839 439 11489839
11503217 823 11503217
11568538 124 11568538
11654740 943 11654740
11688321 743 11688321
11697907 287 11697907
11715239 208 11715239
11892144 944 11892144
11967378 847 11967378
12026330 491 12026330
12030905 323 12030905
12038053 564 12038053
12074999 348 12074999
12079394 923 12079394
12086618 194 12086618
12131697 824 12131697
12177993 973 12177993
12217716 700 12217716
12241557 802 12241557
12266205 564 12266205
12300897 493 12300897
12369144 450 12369144
12464162 959 12464162
12495423 718 12495423
12583340 620 12583340
12598334 170 12598334
12655489 710 12655489
12687354 872 12687354
12728609 50 12728609
12735445 75 12735445
12830989 199 12830989
12854953 936 12854953
13014577 272 13014577
13014638 983 13014638
13061370 346 13061370
13076174 674 13076174
13161391 313 13161391
13161715 938 13161715
13166838 544 13166838
13222161 749 13222161
13263278 360 13263278
13311033 796 13311033
13407375 340 13407375
13459953 95 13459953
13468889 460 13468889
13470372 548 13470372
13706095 296 13706095
13712445 289 13712445
13726797 293 13726797
13785229 438 13785229
13797002 527 13797002
13839221 789 13839221
13848811 425 13848811
13872943 793 13872943
14106062 437 14106062
14126066 450 14126066
14193307 564 14193307
14224708 328 14224708
14294147 572 14294147
14420480 861 14420480
14448631 876 14448631
14450612 368 14450612
14493691 516 14493691
14526017 65 14526017
14558279 840 14558279
14570470 918 14570470
14646167 775 14646167
14652477 274 14652477
14684111 823 14684111
14719657 272 14719657
14829553 417 14829553
14911283 467 14911283
14930625 656 14930625
14933483 911 14933483
14977412 647 14977412
14985959 783 14985959
15211603 577 15211603
15270601 784 15270601
15319587 561 15319587
15372076 264 15372076
15476627 681 15476627
15501337 284 15501337
15575169 2 15575169
15606580 695 15606580
15608716 760 15608716
15767835 565 15767835
15788507 491 15788507
15821126 746 15821126
15853952 832 15853952
15870357 87 15870357
15879690 597 15879690
15893592 337 15893592
15904302 295 15904302
15908951 998 15908951
15915025 467 15915025
15931711 440 15931711
15933132 580 15933132
15950810 118 15950810
15968721 530 15968721
15994490 732 15994490
16086384 607 16086384
16161065 405 16161065
16217071 45 16217071
16320005 557 16320005
16320898 355 16320898
16354314 694 16354314
16398728 449 16398728
16406893 995 16406893
16438310 224 16438310
16474445 297 16474445
16531651 344 16531651
16589699 488 16589699
16637119 643 16637119
16646782 203 16646782
16689803 311 16689803
16744343 47 16744343
16770425 166 16770425
16778465 978 16778465
16848712 255 16848712
16949638 611 16949638
17005100 316 17005100
17036982 861 17036982
17084386 541 17084386
17167242 816 17167242
17193942 519 17193942
17372679 169 17372679
17523654 34 17523654
17539920 107 17539920
17565115 231 17565115
17601065 233 17601065
17642957 829 17642957
17661228 71 17661228
17662373 943 17662373
17667057 346 17667057
17953100 557 17953100
17981908 292 17981908
18010243 583 18010243
18069339 855 18069339
18069905 85 18069905
18154177 802 18154177
18156677 834 18156677
18288498 277 18288498
18300892 438 18300892
18411504 470 18411504
18481531 966 18481531
18491486 401 18491486
18511763 385 18511763
18520089 490 18520089
18586594 207 18586594
18608326 86 18608326
18655145 510 18655145
18793033 795 18793033
18841184 527 18841184
18842033 403 18842033
18872824 610 18872824
18880911 204 18880911
18888748 944 18888748
18990891 684 18990891
19013390 644 19013390
19154798 23 19154798
19199499 436 19199499
19230979 469 19230979
19235894 555 19235894
19244023 96 19244023
19309698 659 19309698
19315829 188 19315829
19346463 249 19346463
19375095 108 19375095
19391078 997 19391078
19440895 943 19440895
19453269 701 19453269
19483977 983 19483977
19658878 696 19658878
19684110 704 19684110
19707096 6 19707096
19771706 395 19771706
19812519 654 19812519
19876184 826 19876184
19898990 345 19898990
20057456 72 20057456
20084428 450 20084428
20086444 784 20086444
20128133 866 20128133
20158125 357 20158125
20167936 611 20167936
20261839 349 20261839
20271879 493 20271879
20340491 160 20340491
20452441 166 20452441
20456627 457 20456627
20494649 449 20494649
20511353 283 20511353
20641346 811 20641346
20715917 2 20715917
20726223 778 20726223
20809407 481 20809407
20857358 106 20857358
20879122 366 20879122
20894433 584 20894433
20896470 800 20896470
20976193 555 20976193
20996589 362 20996589
21031607 786 21031607
21064146 807 21064146
21199315 389 21199315
21264008 197 21264008
21279806 114 21279806
21290479 409 21290479
21293543 512 21293543
21329555 455 21329555
21388090 684 21388090
21428786 36 21428786
21439957 203 21439957
21464790 749 21464790
21489998 466 21489998
21557053 850 21557053
21616949 290 21616949
21642691 38 21642691
21643876 303 21643876
21779413 354 21779413
21801629 734 21801629
21889570 56 21889570
21956732 493 21956732
22015990 36 22015990
22060061 43 22060061
22090406 997 22090406
22091560 568 22091560
22150608 814 22150608
22210369 480 22210369
22244068 438 22244068
22301234 539 22301234
22337072 261 22337072
22347069 284 22347069
22443253 776 22443253
22513073 144 22513073
22517334 638 22517334
22556894 957 22556894
22594433 80 22594433
22670910 642 22670910
22710073 156 22710073
22773596 563 22773596
22778990 342 22778990
22787444 56 22787444
22827198 40 22827198
22863022 426 22863022
22871036 413 22871036
22904334 885 22904334
22917070 31 22917070
22984035 415 22984035
23031274 77 23031274
23189022 932 23189022
23228481 777 23228481
23233735 915 23233735
23311009 177 23311009
23316684 337 23316684
23466355 697 23466355
23516574 379 23516574
23541996 399 23541996
23575132 984 23575132
23599687 35 23599687
23623007 290 23623007
23634621 975 23634621
23647731 270 23647731
23702055 533 23702055
23737607 474 23737607
23760593 845 23832296
23789924 630 23930014
23894948 746 24007771
23905423 593 24033731
23983997 627 24059618
24034483 800 24073743
24083578 923 24083578
24221807 664 24221807
24225698 837 24225698
24253816 793 24253816
24423291 451 24423291
24427119 121 24427119
24441119 111 24441119
24469037 207 24469037
24539115 49 24539115
24556153 457 24556153
24662838 894 24662838
24675070 278 24675070
24856512 314 24856512
24890938 858 24890938
24902031 774 24902031
24932719 437 24932719
24962951 385 24962951
25071217 349 25071217
25089873 531 25089873
25144685 30 25144685
25180899 141 25180899
25254902 945 25254902
25255235 228 25255235
25342342 752 25342342
25342512 845 25342512
25369448 988 25369448
25470895 207 25470895
25507851 224 25507851
25608304 479 25608304
25616412 945 25616412
25631633 874 25631633
25759380 487 25759380
25820001 484 25820001
25823139 840 25823139
25941857 986 25941857
26054776 199 26054776
26169059 119 26169059
26282862 293 26282862
26330417 198 26330417
26392469 984 26392469
26469907 602 26469907
26518049 598 26518049
26519928 174 26519928
26559551 480 26559551
26593016 150 26593016
26683243 91 26683243
26726869 44 26726869
26760543 649 26760543
26813989 394 26813989
26855373 158 26855373
26858707 375 26858707
26918559 615 26918559
26930442 604 26930442
27009910 406 27009910
27189271 216 27189271
27300696 45 27300696
27484590 39 27484590
27541215 508 27541215
27560786 239 27560786
27648402 901 27648402
27652695 467 27652695
27681241 807 27681241
27821125 888 27821125
27865540 216 27865540
28098989 960 28098989
28130200 225 28130200
28316221 990 28316221
28353871 59 28353871
28480101 75 28480101
28509093 563 28509093
28595720 712 28595720
28653149 45 28653149
28668768 949 28668768
28696108 926 28696108
28741442 724 28741442
28938479 349 28938479
29020826 403 29020826
29104716 513 29104716
29225031 858 29225031
29281148 477 29281148
29332667 150 29332667
29342750 805 29342750
29374513 570 29374513
29596027 345 29596027
29658116 521 29658116
29675219 687 29675219
29677414 307 29677414
29695084 936 29695084
29829979 984 29829979
29847140 683 29847140
29916157 498 29916157
29984559 943 29984559
30000244 127 30000244
30014631 549 30014631
30016123 337 30016123
30322523 359 30322523
30347306 617 30347306
30374405 869 30374405
30464499 160 30464499
30499612 635 30499612
30500235 311 30500235
30524150 926 30524150
30575826 851 30575826
30579196 679 30579196
30614893 661 30614893
30784841 372 30784841
30947395 786 30947395
31063088 439 31063088
31194302 796 31194302
31201601 655 31201601
31220220 481 31220220
31243134 429 31243134
31261704 382 31261704
31278465 174 31278465
31288018 970 31288018
31325553 758 31325553
31351278 142 31351278
31421038 738 31421038
31442691 682 31442691
31658580 274 31658580
31758138 431 31758138
31804104 276 31804104
32179450 832 32179450
32231677 238 32231677
32233333 493 32233333
32292144 70 32292144
32295164 964 32295164
32375328 898 32375328
32395508 795 32395508
32453993 133 32453993
32482537 549 32482537
32498548 349 32498548
32502082 722 32502082
32590180 170 32590180
32620996 692 32620996
32660033 880 32660033
32662649 716 32662649
32689446 2 32689446
32826658 817 32826658
32836774 121 32836774
32844646 736 32844646
32891332 53 32891332
33032855 65 33032855
33081087 410 33081087
33094231 835 33094231
33168230 143 33168230
33179619 134 33179619
33185819 729 33185819
33188238 631 33188238
33205035 793 33205035
33225935 78 33225935
33242527 349 33242527
33255906 975 33255906
33262825 527 33262825
33348199 668 33348199
33397392 328 33397392
33417553 531 33417553
33481977 592 33481977
33512244 43 33512244
33530813 908 33530813
33640742 124 33640742
33665466 278 33665466
33674904 446 33674904
33680304 954 33680304
33750477 823 33750477
33754193 188 33754193
33782206 851 33782206
33790406 865 33790406
33807029 655 33807029
33820555 696 33820555
33825544 366 33825544
33828949 272 33828949
33861969 154 33861969
33884843 979 33884843
33888462 442 33888462
33943454 988 33943454
34023138 100 34023138
34044600 321 34044600
34252707 911 34252707
34266060 250 34266060
34275174 473 34275174
34329309 532 34329309
34375195 566 34375195
34391548 194 34391548
34393315 874 34393315
34439470 293 34439470
34453616 742 34453616
34511363 495 34511363
34524225 414 34524225
34544495 882 34544495
34583446 917 34583446
34583896 332 34583896
34670862 262 34670862
34815747 760 34815747
34855814 716 34855814
34917387 611 34917387
34972906 389 34972906
34976448 171 34976448
35065595 649 35065595
35157641 636 35157641
35240392 40 35240392
35269717 544 35269717
35279589 224 35279589
35354348 545 35354348
35373917 664 35373917
35389775 373 35389775
35455641 617 35455641
35527508 580 35527508
35546461 147 35546461
35563610 205 35563610
35575679 962 35575679
35579579 750 35579579
35770161 562 35770161
35785831 153 35785831
35812576 779 35812576
35819560 139 35819560
35825450 364 35825450
35873409 192 35873409
35930259 864 35930259
36053355 129 36053355
36125634 610 36125634
36240371 469 36240371
36326999 415 36326999
36366782 535 36366782
36648621 496 36648621
36698997 663 36698997
36700865 256 36700865
36729463 123 36729463
36766644 793 36766644
36844488 820 36844488
36845283 375 36845283
36856096 994 36856096
36876216 13 36876216
36992506 623 36992506
36999507 55 36999507
37002603 362 37002603
37009281 321 37009281
37053295 315 37053295
37196409 317 37196409
37224117 154 37224117
37311909 561 37311909
37425847 154 37425847
37459061 957 37459061
37567515 25 37567515
37591726 964 37591726
37608969 208 37608969
37648802 259 37648802
37675242 929 37675242
37681309 199 37681309
37718082 87 37718082
37741728 767 37741728
37787340 818 37787340
38031355 396 38031355
38067333 121 38067333
38094974 460 38094974
38194474 496 38194474
38240105 727 38240105
38264078 378 38264078
38412732 332 38412732
38521085 746 38521085
38604280 668 38604280
38704036 617 38704036
38718063 88 38718063
38744363 671 38744363
38759527 429 38759527
38814998 825 38814998
38900885 89 38900885
38910209 213 38910209
39066557 566 39066557
39206486 492 39206486
39222544 613 39222544
39265713 334 39265713
39280683 627 39280683
39513673 543 39513673
39561407 887 39561407
39576419 66 39576419
39613582 703 39613582
39684382 860 39684382
39690309 800 39690309
39705712 952 39705712
39798980 413 39798980
39804470 73 39804470
39843368 549 39843368
39850865 742 39850865
39924285 749 39924285
39949614 677 39949614
39963158 536 39963158
40014492 84 40014492
40031728 633 40031728
40038809 476 40038809
40078710 985 40078710
40142144 122 40142144
40174688 547 40174688
40280003 337 40280003
40371444 571 40371444
40388910 869 40388910
40415777 717 40415777
40439555 320 40439555
40462712 255 40462712
40509486 270 40509486
40515426 451 40515426
40649322 466 40649322
40663531 719 40663531
40679160 46 40679160
40705143 927 40705143
40709497 472 40709497
40714278 922 40714278
40726737 154 40726737
40784138 964 40784138
40843729 835 40843729
40904333 583 40904333
40909260 103 40909260
40910360 920 40910360
41026611 358 41026611
41037941 721 41037941
41107943 448 41107943
41192794 488 41192794
41248606 169 41248606
41292820 685 41292820
41313116 179 41313116
41391388 397 41391388
41416155 614 41416155
41453134 312 41453134
41529130 276 41529130
41564339 137 41564339
41625534 29 41625534
41664901 364 41664901
41693046 844 41693046
41695162 529 41695162
41724607 660 41724607
41818666 34 41818666
41836824 995 41836824
41841206 760 41841206
41874532 433 41874532
41983129 603 41983129
42050101 783 42050101
42061613 338 42061613
42140711 160 42140711
42153637 16 42153637
42189814 16 42189814
42203542 619 42203542
42391783 119 42391783
42477391 566 42477391
42494388 186 42494388
42526394 615 42526394
42535243 947 42535243
42552180 286 42552180
42555974 180 42555974
42632577 112 42632577
42645506 646 42645506
42655284 828 42655284
42685402 479 42685402
42717100 497 42717100
42774234 480 42774234
42861521 558 42861521
42911109 900 42911109
42960809 981 42960809
43046922 558 43046922
43060515 4 43060515
43120367 438 43120367
43155484 680 43155484
43222637 103 43222637
43273468 760 43273468
43414269 335 43414269
43447636 692 43447636
43493365 793 43493365
43494538 960 43494538
43528656 838 43528656
43547539 83 43547539
43579495 707 43579495
43597514 482 43597514
43603377 257 43603377
43713423 792 43713423
43731131 904 43731131
43747936 783 43747936
43782854 555 43782854
43837255 770 43837255
43882480 232 43882480
43905440 373 43905440
43969900 736 43969900
43996899 770 43996899
44080075 405 44080075
44127361 409 44127361
44259379 443 44259379
44370567 447 44370567
44407694 176 44407694
44416480 749 44416480
44433580 990 44433580
44456624 742 44456624
44458703 974 44458703
44465425 639 44465425
44476442 78 44476442
44535482 571 44535482
44564209 829 44564209
44605431 857 44605431
44612168 491 44612168
44654567 956 44654567
44691767 384 44691767
44746381 937 44746381
44748264 980 44748264
44757839 973 44757839
44773798 898 44773798
44807790 712 44807790
44881091 501 44881091
44884331 172 44884331
44899530 234 44899530
44971393 914 44971393
44996637 936 44996637
45053208 721 45053208
45090447 146 45090447
45121447 400 45121447
45302925 77 45302925
45303841 907 45303841
45316016 805 45347293
45395395 165 45462555
45491793 166 45492746
45524388 517 45582706
45587360 69 45715770
45615228 705 45724296
45623494 2 45740384
45678816 373 45780439
45754396 791 45845481
45849569 160 45852136
45857572 593 45857807
45915268 35 45955768
45971702 390 46186173
45978140 786 46299085
46006147 122 46334371
46098995 389 46342045
46169160 170 46440958
46176002 657 46469223
46232699 673 46473817
46256699 147 46504858
46355029 627 46543987
46398315 931 46721354
46407810 815 46790142
46607825 897 46812564
46618644 828 46822704
46705621 466 47003921
46736280 863 47008897
46773903 175 47066796
46785008 355 47085136
46850411 401 47183891
46851106 556 47209515
46944321 289 47218136
46954365 142 47273775
46974700 901 47328239
46995631 145 47346334
47038217 994 47381706
47059727 266 47530443
47087448 698 47618745
47174153 101 47637811
47221114 490 47693108
47228488 766 47701645
47241524 544 47910407
47267947 120 47940818
47278800 635 47995008
47301137 450 48000156
47329782 444 48038756
47371802 498 48061782
47420486 832 48101890
47450710 771 48114688
47469024 348 48196676
47742297 5 48244580
47950940 114 48266732
47960779 798 48381037
48009107 9 48409249
48079837 225 48462248
48118767 112 48463014
48131116 382 48465633
48172876 217 48495142
48331953 415 48496038
48332739 475 48518444
48334014 884 48588927
48386407 889 48603230
48489606 431 48611105
48533836 120 48613178
48632268 234 48632268
48646763 724 48709209
48681919 219 48871820
48751739 701 48925126
48907692 610 48931888
48942152 366 48973780
48987383 262 49019385
49074699 47 49074699
49139835 516 49139835
49184371 945 49192306
49266001 255 49266001
49272803 891 49272803
49323867 56 49323867
49370165 174 49375178
49395725 371 49395725
49447532 516 49447532
49497827 256 49497827
49560928 559 49560928
49578023 432 49706749
49639678 910 49745367
49659206 915 49751172
49669896 177 49768081
49669909 35 49842974
49811042 787 49847067
49848299 395 49873836
49848648 510 49937037
49871012 521 49941149
49896315 966 49978731
49927899 711 49985918
49944855 957 49988156
