1000 999
850 656 892
804 174 981
749 373 737
241 191 189
482 666 829
824 822 88
999 982 203
41 195 874
111 199 696
579 295 534
304 859 192
117 825 783
792 257 718
164 563 367
457 334 935
536 361 494
111 455 294
910 887 598
785 109 100
553 941 459
733 167 636
652 919 989
59 320 218
160 180 220
553 632 766
662 722 274
878 808 887
895 187 785
530 775 604
515 908 755
444 756 221
531 152 721
219 977 536
696 552 551
397 889 929
254 196 134
803 418 66
40 43 284
958 970 256
871 426 261
215 722 563
223 59 246
389 723 518
452 962 668
390 789 545
574 11 149
632 583 224
631 268 953
306 873 597
363 506 938
149 927 112
321 924 985
217 186 546
182 279 678
808 77 585
197 479 829
587 888 911
240 915 64
734 365 991
260 145 362
993 766 606
928 772 835
616 693 758
339 921 166
932 109 663
674 483 393
329 261 143
691 177 794
109 622 291
150 861 396
327 546 931
959 907 293
769 582 388
990 4 318
773 760 293
265 258 600
173 744 555
362 635 151
514 345 822
989 472 983
305 990 254
932 169 812
535 904 630
282 280 585
329 684 459
440 491 916
592 219 893
802 935 197
216 67 512
836 849 840
954 632 121
230 197 349
860 188 163
747 604 956
740 816 289
416 245 980
917 750 131
288 247 243
59 671 176
984 481 830
238 449 220
812 772 650
537 481 714
241 27 317
264 252 893
742 834 571
257 75 634
694 239 627
588 58 260
147 501 545
344 543 422
312 682 634
870 739 257
853 146 727
133 828 851
338 223 214
964 910 199
308 993 769
938 19 318
667 174 387
302 315 711
995 725 749
509 715 451
888 439 208
190 104 266
522 381 893
862 166 349
620 31 531
309 235 964
726 426 690
585 240 317
596 799 839
765 348 289
94 825 932
211 813 16
446 77 729
794 500 873
118 983 853
650 486 830
870 654 649
691 190 490
812 3 855
34 237 734
291 716 609
554 234 712
866 493 923
794 356 936
611 228 510
65 32 806
653 623 867
339 464 838
153 393 373
490 390 384
122 480 831
456 879 136
116 672 497
293 594 312
178 36 295
991 322 432
872 886 929
247 753 260
883 905 709
319 856 624
532 23 854
545 426 36
505 943 738
971 667 489
302 785 692
446 85 350
873 834 687
591 870 318
26 954 487
454 167 18
245 150 334
369 209 424
180 598 142
305 691 170
49 821 449
113 599 345
657 627 553
13 12 207
711 301 557
520 386 121
358 810 928
448 192 842
959 343 380
9 869 345
143 760 908
307 296 555
547 103 457
969 757 680
41 128 115
466 855 432
299 645 465
279 704 515
374 43 573
114 319 720
373 130 981
865 773 545
994 852 807
937 243 726
714 529 55
158 195 57
521 413 835
957 612 192
751 136 365
525 728 720
649 594 250
850 273 517
509 168 228
598 832 323
244 298 580
521 278 246
842 522 700
40 329 37
456 511 475
354 637 757
767 431 989
125 538 934
665 66 570
692 484 282
285 778 47
778 62 23
571 22 137
176 805 767
660 562 601
575 137 519
434 391 180
165 791 139
524 527 37
925 636 98
600 683 799
78 750 43
991 173 694
276 5 474
479 246 624
834 564 374
948 268 657
428 631 87
725 33 386
370 552 354
801 345 706
35 194 573
121 25 8
396 761 934
764 340 488
3 138 105
337 461 602
281 713 840
566 471 353
251 10 365
1 185 203
857 727 8
895 924 228
858 119 625
461 528 153
30 578 625
135 433 907
771 777 302
537 363 759
798 207 880
720 462 966
131 823 15
669 497 760
840 443 81
686 347 916
634 162 238
680 398 974
956 351 387
432 551 678
148 736 332
636 514 88
609 939 455
344 715 302
754 170 400
371 405 838
874 951 24
516 801 885
330 552 149
645 512 36
404 910 471
748 305 806
913 707 131
218 673 299
740 410 866
949 531 0
414 425 578
462 54 652
626 333 881
699 46 767
22 369 351
427 807 361
92 97 624
676 903 772
17 309 715
886 804 0
978 182 558
108 395 139
756 900 659
368 712 626
38 384 924
106 502 188
603 837 553
71 141 132
116 437 249
434 229 418
671 915 756
833 494 385
663 743 818
658 128 563
478 529 225
291 923 839
280 995 174
915 30 807
995 700 641
486 110 753
637 267 771
883 884 139
438 132 992
115 447 537
60 213 893
488 306 426
415 407 935
560 767 817
842 896 699
646 212 582
235 885 754
875 602 0
601 740 125
171 656 555
827 505 63
714 711 730
399 976 78
290 960 537
826 263 988
769 450 785
996 676 431
882 334 908
370 172 804
458 798 837
428 770 261
557 441 787
985 288 982
609 495 1000
504 716 842
483 902 363
760 422 997
84 395 972
8 795 370
312 428 870
79 810 446
65 310 575
867 705 790
29 372 64
732 546 441
331 230 632
918 683 280
272 134 246
532 742 211
208 694 26
983 485 770
721 565 981
565 244 845
200 568 567
968 266 511
376 705 269
805 321 542
122 47 12
270 10 934
664 79 849
335 786 188
310 255 200
568 572 547
771 234 721
694 947 629
407 313 200
548 991 125
663 619 593
701 920 51
262 54 805
661 862 409
842 931 880
366 624 530
731 573 528
607 556 453
2 136 451
115 944 704
355 557 390
948 22 783
167 288 434
898 896 762
561 999 666
308 699 878
698 690 690
201 96 250
564 225 616
752 78 844
979 561 941
986 276 961
612 36 697
675 123 462
974 266 573
420 758 353
946 342 33
830 506 244
450 658 563
70 571 322
409 453 301
762 693 162
962 36 916
774 726 210
685 183 171
867 768 844
985 630 57
507 907 62
416 665 490
802 711 325
760 305 353
928 809 192
436 621 258
737 626 389
297 507 745
378 268 261
485 852 61
666 680 0
497 902 622
550 279 728
118 406 220
220 199 441
576 443 347
349 422 498
748 921 795
232 921 124
697 73 42
468 847 200
863 890 195
741 951 745
63 587 881
960 465 981
253 596 736
650 243 523
316 471 854
622 873 353
336 391 282
982 181 452
403 729 204
207 192 439
951 249 613
920 972 709
615 669 778
668 483 106
169 972 173
277 709 875
893 515 213
194 420 500
259 656 431
27 384 397
875 300 20
463 244 387
573 98 231
615 697 465
87 924 602
998 416 995
183 871 340
522 425 20
492 550 843
469 295 265
32 138 58
405 736 332
386 902 343
126 65 778
312 1000 677
775 89 712
99 224 420
953 650 29
415 880 964
956 852 816
789 899 617
934 991 862
765 110 8
536 956 568
556 24 711
135 987 688
312 295 127
80 892 875
372 253 249
870 967 638
82 160 920
550 768 70
677 128 784
687 124 659
16 536 466
441 379 130
144 538 357
774 728 63
314 250 623
810 237 433
140 18 782
660 403 137
581 400 328
20 811 131
440 229 834
224 143 224
451 431 547
7 623 456
436 742 355
280 642 338
796 730 729
51 590 41
41 707 725
685 870 977
660 952 459
275 884 712
887 534 576
344 717 243
292 923 979
176 796 310
448 362 116
285 651 791
205 926 853
198 646 815
202 625 394
692 151 249
781 22 756
300 274 191
667 89 353
849 294 280
418 503 971
48 911 843
934 130 739
540 388 870
262 57 556
783 157 181
473 619 88
279 989 908
385 391 251
913 120 139
156 818 854
78 437 453
709 402 116
734 882 4
686 495 395
250 523 103
12 995 265
289 948 719
52 106 855
761 531 302
285 886 302
148 806 834
670 509 228
669 15 224
895 81 876
890 136 786
305 49 958
25 256 886
803 775 655
591 610 888
999 466 666
261 903 520
596 394 559
146 53 236
477 174 695
797 30 522
855 643 890
961 854 461
422 310 657
206 933 75
220 142 309
714 709 468
922 245 374
765 518 579
797 902 453
489 640 886
489 622 83
802 191 357
267 454 188
341 712 433
199 121 936
652 819 805
298 969 973
831 35 242
978 513 268
263 387 269
510 880 489
235 295 632
735 309 962
969 742 286
139 133 124
798 757 683
377 498 76
537 165 718
196 545 935
66 687 122
93 287 723
757 641 950
50 346 725
572 810 888
485 414 355
951 788 497
224 659 990
56 952 588
326 702 758
524 188 217
138 430 804
901 5 729
442 562 810
476 222 238
544 699 356
997 398 230
838 741 147
141 131 66
411 891 651
841 969 437
941 894 604
47 154 164
642 724 780
35 511 24
561 862 800
486 14 793
294 495 190
973 42 642
97 37 497
806 633 158
19 664 439
113 803 471
659 55 334
366 912 670
51 952 956
189 582 730
186 775 340
518 258 924
588 688 29
238 848 164
877 644 183
989 75 534
95 630 111
962 83 203
991 859 742
828 401 427
645 839 489
901 114 581
713 584 290
916 198 662
790 743 241
757 710 125
93 51 247
526 323 154
403 736 391
805 311 444
371 892 128
936 241 318
886 970 250
971 408 449
879 107 608
957 603 214
930 356 65
572 626 597
927 97 466
130 555 353
267 627 354
250 625 82
147 360 419
814 549 346
934 271 972
477 620 454
140 534 718
101 560 462
606 262 73
720 489 136
652 782 684
682 353 527
741 197 828
675 690 310
459 205 173
519 555 254
899 161 264
639 718 727
747 505 418
682 215 424
539 2 114
741 973 227
646 245 388
45 586 855
46 231 592
195 568 105
991 891 71
112 129 195
206 258 207
567 632 437
673 517 439
233 217 487
733 889 679
981 249 66
995 40 910
466 594 170
357 125 214
154 493 930
39 634 436
64 811 313
139 503 563
539 1 733
90 52 392
793 605 553
321 746 272
348 725 786
723 544 903
868 818 226
955 754 812
127 883 128
522 156 449
875 709 888
357 782 509
478 152 884
19 980 373
342 641 556
277 199 530
951 395 752
100 596 584
346 709 344
581 695 919
799 129 352
958 467 391
83 475 89
999 570 294
250 994 637
297 831 993
546 703 84
159 127 599
154 963 557
574 445 121
77 762 521
74 32 972
23 61 333
204 395 634
392 979 453
269 473 824
45 418 628
470 107 658
826 440 423
589 139 406
633 559 233
577 85 514
48 944 905
411 805 145
218 183 610
508 577 562
141 297 880
607 862 305
350 137 295
725 793 892
412 468 61
203 511 659
110 380 205
510 831 465
334 995 211
727 20 888
622 904 984
431 28 435
829 990 243
388 533 277
845 42 769
997 951 411
614 8 82
326 769 981
179 656 174
585 359 946
424 770 856
68 56 776
975 476 374
526 64 756
738 32 39
636 679 472
683 966 46
643 186 339
367 676 363
878 545 783
48 502 621
706 777 287
268 580 37
79 844 180
902 965 140
769 315 416
924 869 880
10 5 259
284 791 223
455 102 118
167 283 939
975 995 755
619 296 542
741 880 646
429 322 38
947 468 453
596 617 919
795 896 587
457 556 829
838 498 843
775 613 677
375 698 57
315 541 32
951 76 444
787 817 594
764 328 499
137 648 795
629 97 618
253 88 455
926 900 425
252 929 339
822 776 192
779 794 11
103 613 882
1 193 716
340 23 268
417 969 818
248 147 432
324 495 335
292 496 914
212 881 360
624 256 24
731 105 553
549 166 894
817 35 924
703 227 959
346 800 594
590 317 605
848 336 574
654 325 177
590 388 393
457 303 498
545 459 243
708 775 351
161 103 75
210 488 323
957 487 704
94 820 355
145 597 714
651 322 825
894 969 788
551 464 91
620 499 201
719 771 591
836 536 807
134 31 688
132 741 491
832 697 529
101 201 898
897 425 235
647 343 465
327 597 321
574 977 255
825 906 35
961 516 420
123 554 954
259 29 929
242 715 435
754 938 299
830 921 319
883 575 222
285 317 92
797 230 851
828 239 581
86 405 804
657 219 127
617 162 985
149 745 783
337 10 593
366 228 896
238 419 638
945 462 748
53 918 807
748 644 549
542 290 98
123 775 308
282 876 548
992 940 464
169 352 438
976 493 391
681 988 863
723 412 675
628 634 547
593 405 614
331 588 860
364 655 195
507 786 143
27 618 889
542 885 511
370 563 635
264 763 777
503 460 887
159 642 391
856 558 434
18 78 745
859 851 87
514 600 257
335 717 442
539 833 680
70 44 731
192 91 37
427 882 329
788 153 45
950 443 31
20 192 674
370 181 781
569 865 44
326 446 531
582 604 6
394 72 516
101 370 719
286 522 243
113 423 246
318 734 648
835 258 746
236 352 456
221 527 961
396 717 375
460 252 159
784 881 923
378 184 702
783 631 490
100 443 527
368 42 89
78 837 798
81 782 120
214 281 727
638 524 662
213 606 77
86 276 35
147 866 510
944 438 399
464 916 56
442 119 333
788 299 936
943 179 339
47 439 612
766 683 578
381 216 773
543 742 436
139 163 666
316 196 417
218 846 299
780 790 985
731 490 483
917 595 99
332 309 687
438 864 16
185 155 345
382 138 395
303 572 547
678 384 238
564 619 296
689 839 474
239 813 511
646 992 211
6 175 243
19 816 292
659 474 192
914 379 804
824 162 733
843 868 720
705 238 220
955 608 555
226 512 5
116 759 844
383 47 54
418 655 639
488 779 988
787 21 751
288 932 956
149 637 515
214 192 295
669 309 197
213 421 220
755 834 1
935 7 592
546 498 79
385 80 253
368 681 144
683 987 731
363 116 998
337 117 18
515 261 145
435 922 299
612 199 814
815 157 227
536 909 485
12 291 474
942 806 509
69 596 701
674 6 97
493 804 835
608 441 129
141 968 850
638 809 990
631 484 237
718 156 41
733 409 573
90 581 38
413 818 661
481 795 62
568 2 350
1000
553 185 2081
42025 550 42025
48437 383 48437
51995 678 51995
60454 354 60454
91192 60 91192
93310 567 93310
97489 929 97489
103842 948 103842
108562 185 108562
109381 465 109381
110255 510 119708
126095 12 126095
128971 495 128971
138954 53 151804
145135 404 158277
173164 527 173164
174856 796 174856
178874 965 188464
202649 531 202649
227416 721 227416
229715 954 229715
230831 283 230831
256665 468 256665
259541 299 259541
260183 69 265228
268703 927 286534
274220 153 289614
277539 17 308725
292779 242 318545
320891 862 320891
325883 421 351687
326921 588 363600
357217 91 364252
361779 621 388482
371251 885 411924
378581 398 414882
380029 739 448345
406304 929 458457
414080 908 460183
425011 184 465920
440218 951 466447
445270 832 476978
461246 985 478937
469688 188 509974
478473 940 511968
497970 268 525490
502014 538 526795
521792 419 542969
524898 289 543838
562341 817 562341
569565 522 569565
579835 141 579835
592413 544 592413
627148 665 627148
628411 950 628411
630156 463 630156
671766 390 671766
689172 652 689172
696152 880 696152
704303 959 704303
745094 268 745094
749978 648 749978
758770 687 758770
760475 769 760475
762221 279 762221
765210 279 765210
770311 55 770311
779164 755 779164
788066 84 788066
799002 520 799002
808403 244 808403
809145 736 809145
823681 850 823681
826918 360 826918
839840 439 839840
844886 365 844886
860417 780 860417
863044 911 863044
875295 589 875295
890477 728 890477
893756 51 893756
898122 408 898122
898324 214 898324
903859 582 903859
918931 705 918931
919811 857 919811
920197 462 920197
925119 386 925119
938396 56 938396
950796 15 950796
966197 108 966197
986710 540 986710
990276 526 990276
995080 757 995080
997696 118 997696
1000070 641 1000070
1001860 467 1001860
1020135 212 1020135
1023170 741 1023170
1030926 138 1030926
1048730 886 1048730
1055512 39 1055512
1075886 48 1075886
1089583 334 1089583
1089648 690 1089648
1099218 148 1099218
1100514 592 1100514
1104841 709 1104841
1105586 999 1105586
1137812 780 1137812
1139375 176 1139375
1152332 542 1152332
1154532 314 1154532
1156569 328 1156569
1156842 719 1156842
1171868 580 1171868
1195832 318 1195832
1201358 910 1201358
1204970 19 1204970
1209267 724 1209267
1215336 260 1219906
1226522 954 1228953
1229386 172 1231392
1230397 578 1234048
1236805 628 1238100
1263348 464 1263348
1263661 570 1263661
1268270 917 1268270
1280358 206 1280358
1295250 528 1295250
1296252 842 1297517
1305524 533 1305524
1306868 168 1314226
1308603 384 1327478
1328176 208 1330296
1344594 854 1358254
1347875 83 1381763
1353725 278 1389258
1354808 551 1395856
1359986 849 1398536
1363486 978 1404221
1372282 952 1404836
1372940 99 1405665
1373916 978 1408870
1383654 217 1425499
1384409 921 1448707
1404378 538 1449331
1409694 64 1459733
1410378 745 1460190
1418862 215 1472043
1431723 913 1503037
1439278 662 1506320
1448766 904 1512963
1467568 587 1525426
1470153 296 1534236
1475135 353 1536818
1498936 7 1552055
1503733 577 1569333
1539755 710 1584927
1563450 368 1595088
1564890 986 1606430
1569317 403 1607280
1614069 880 1614069
1619024 154 1619024
1642499 749 1642499
1651493 942 1651493
1652374 86 1665816
1661665 957 1672293
1674869 422 1679544
1685263 453 1685847
1714040 657 1714040
1719740 812 1721398
1723447 300 1728358
1757702 696 1757702
1759843 573 1759843
1766248 346 1766248
1784808 377 1784808
1796693 136 1796693
1803087 782 1803087
1813687 441 1816896
1821308 715 1821308
1826053 756 1838108
1835880 844 1846626
1853978 814 1853978
1866648 796 1866648
1868555 211 1868555
1897440 58 1897440
1909320 323 1910030
1933395 341 1933395
1939100 526 1939100
1942260 281 1942260
1951695 55 1951695
1962982 141 1962982
1984762 302 1984762
1987850 971 1987850
1994500 372 1994500
2001413 624 2001413
2022636 606 2022636
2029867 633 2029867
2039143 14 2039143
2052180 619 2052180
2070843 558 2070843
2074920 382 2074920
2075716 723 2075716
2081906 407 2081906
2097847 406 2097847
2148511 563 2148511
2149292 191 2149292
2149416 221 2149416
2156737 262 2156737
2175100 978 2175100
2176540 718 2176540
2202222 674 2202222
2211698 611 2211698
2216605 740 2216605
2246880 761 2246880
2251977 324 2251977
2258396 45 2258396
2273974 271 2273974
2283715 921 2283715
2289531 806 2289531
2300975 646 2300975
2301980 654 2301980
2317981 740 2317981
2321925 82 2321925
2322977 651 2322977
2329029 509 2329029
2329401 597 2329401
2330342 207 2330342
2355120 885 2355120
2365172 276 2365172
2369495 826 2369495
2371386 648 2371386
2378233 953 2378233
2396301 35 2396301
2402815 800 2402815
2405595 249 2405595
2408356 845 2411396
2409654 877 2412863
2411134 683 2419164
2416398 305 2451251
2418799 289 2451908
2422733 293 2452160
2429222 304 2466242
2433589 778 2467789
2446471 517 2476872
2453611 486 2493126
2467167 34 2500449
2488078 830 2505904
2500758 403 2513295
2508297 908 2513718
2510758 288 2523579
2513812 982 2524788
2514379 259 2527553
2519452 493 2534335
2528559 549 2539377
2528645 503 2563598
2548678 413 2567445
2560393 1000 2592471
2562463 133 2595664
2568686 288 2598803
2572662 384 2599560
2631284 863 2631284
2633277 67 2633277
2662762 447 2662762
2672462 971 2672462
2692447 138 2692447
2701795 189 2701795
2709047 12 2709047
2711797 780 2711797
2714006 108 2714006
2723298 306 2723298
2724647 229 2724647
2734020 312 2734020
2734662 353 2734662
2764182 68 2764182
2764751 969 2764751
2772413 213 2772413
2776117 98 2776117
2778995 378 2778995
2808389 943 2808389
2830930 760 2830930
2843753 260 2843753
2847535 82 2847535
2856206 402 2856206
2859388 188 2859388
2865317 531 2865317
2868900 239 2868900
2883060 818 2883060
2891248 598 2891248
2899366 277 2899366
2915261 555 2915261
2925983 7 2925983
2926249 711 2926249
2932699 611 2932699
2952301 933 2952301
2979802 52 2979802
2985248 587 2985248
3007105 530 3007105
3014968 528 3014968
3017079 438 3017079
3031784 516 3031784
3045238 236 3045238
3061502 411 3061502
3074266 236 3074266
3080194 515 3080194
3091546 923 3091546
3094499 858 3094499
3096513 588 3096513
3128842 398 3128842
3129059 254 3129059
3132078 454 3132078
3137733 761 3137733
3157637 271 3157637
3163853 736 3163853
3179290 202 3179290
3180108 914 3180108
3182108 594 3182108
3186380 400 3186380
3194028 631 3194028
3196805 306 3196805
3212534 72 3212534
3214781 680 3214781
3233771 905 3233771
3246342 960 3246342
3266551 517 3266551
3287052 548 3287052
3291573 682 3291573
3295528 183 3295528
3311783 755 3311783
3315856 471 3315856
3342956 649 3342956
3343984 2 3343984
3345524 39 3345524
3346231 284 3346231
3352971 579 3352971
3356510 610 3356510
3387999 765 3387999
3406280 416 3406280
3426897 722 3426897
3442592 735 3442592
3448724 874 3448724
3472717 703 3472717
3487169 97 3487169
3501771 848 3501771
3501856 917 3501856
3538997 596 3538997
3549032 727 3549032
3549196 185 3549196
3575685 356 3575685
3578988 406 3578988
3588791 625 3588791
3593551 556 3593551
3599716 37 3599716
3606528 457 3606528
3619072 172 3619072
3621244 221 3621244
3630979 394 3630979
3647268 828 3647268
3653110 52 3653110
3659429 835 3659429
3669372 886 3669372
3675719 589 3675719
3689113 334 3689113
3691336 26 3691336
3705201 961 3705201
3727110 633 3727110
3733629 318 3733629
3753644 566 3753644
3765687 324 3765687
3776206 339 3776206
3784680 452 3784680
3795376 218 3795376
3811181 47 3811181
3821726 648 3821726
3842060 276 3842060
3869737 534 3869737
3889816 525 3889816
3904657 711 3904657
3917816 838 3917816
3930585 93 3930585
3934847 44 3934847
3960962 706 3960962
3963139 160 3963139
3979734 777 3979734
3980557 420 3980557
4013431 869 4013431
4027321 931 4027321
4056567 845 4056567
4058187 665 4058187
4063833 814 4063833
4065053 194 4065053
4078500 793 4078500
4079539 118 4079539
4081240 316 4081240
4105984 314 4105984
4108888 102 4108888
4131756 426 4131756
4136966 446 4136966
4137036 50 4137036
4153243 47 4153243
4154899 951 4154899
4159836 539 4159836
4168527 578 4168527
4179772 660 4179772
4193395 483 4193395
4194512 224 4194512
4194665 854 4194665
4211791 940 4211791
4214939 602 4214939
4231718 388 4231718
4238740 701 4238740
4247712 335 4247712
4255638 719 4255638
4261674 175 4261674
4274904 46 4274904
4284195 83 4284195
4288048 951 4288048
4321262 304 4321262
4328180 954 4328180
4328285 203 4328285
4328902 633 4328902
4334308 998 4334308
4355261 656 4355261
4358448 522 4358448
4367572 743 4367572
4377452 867 4377452
4389608 542 4389608
4398600 669 4398600
4404890 167 4404890
4407765 999 4407765
4414357 153 4414357
4464248 387 4464248
4471927 672 4471927
4472088 501 4472088
4478981 882 4478981
4481652 260 4481652
4482514 231 4482514
4488462 286 4488462
4498807 254 4498807
4508120 853 4508120
4511864 171 4511864
4526431 642 4526431
4536975 173 4536975
4543461 437 4543461
4557032 117 4557032
4572515 331 4572515
4587490 96 4587490
4588431 493 4588431
4593734 609 4593734
4603572 511 4603572
4615321 404 4615321
4618713 149 4618713
4637086 878 4637086
4639165 745 4639165
4685302 39 4685302
4689751 488 4689751
4690692 163 4690692
4692987 293 4692987
4707726 575 4707726
4714129 387 4714129
4719933 688 4719933
4743175 356 4743175
4754412 631 4754412
4754532 677 4754532
4759306 70 4759306
4768962 573 4768962
4770015 872 4770015
4790731 297 4790731
4790761 362 4790761
4830371 277 4830371
4831235 468 4831235
4845298 279 4845298
4845729 694 4845729
4879215 219 4879215
4880774 308 4880774
4886313 640 4886313
4890451 928 4890451
4896902 271 4896902
4931540 271 4931540
4942478 455 4942478
4948639 582 4948639
4963691 377 4963691
4964153 501 4964153
4969669 499 4969669
4992062 320 4992062
4992335 697 4992335
5001567 24 5001567
5019816 414 5019816
5026571 836 5026571
5029654 847 5029654
5041928 581 5041928
5060802 353 5060802
5064521 527 5064521
5069492 267 5069492
5069881 230 5069881
5075978 83 5075978
5076070 236 5076070
5086594 188 5086594
5088063 849 5088063
5092003 720 5092003
5146957 98 5146957
5159989 178 5159989
5161503 232 5161503
5174492 984 5174492
5177064 419 5177064
5187077 963 5187077
5202980 263 5202980
5207621 738 5207621
5247837 223 5247837
5248128 414 5248128
5260130 597 5260130
5261762 355 5261762
5270880 429 5270880
5272022 353 5272022
5284799 556 5284799
5289945 666 5289945
5293069 387 5293069
5296590 611 5296590
5298555 737 5298555
5313681 152 5313681
5317499 403 5317499
5326960 245 5326960
5336553 992 5336553
5345048 334 5345048
5356368 98 5356368
5364758 220 5364758
5373771 409 5373771
5387915 564 5387915
5397646 674 5397646
5402218 601 5402218
5407170 7 5407170
5425545 598 5425545
5425584 862 5425584
5428257 239 5428257
5456562 210 5456562
5458169 809 5458169
5467339 29 5467339
5479242 996 5479242
5480898 349 5480898
5484048 824 5484048
5494936 32 5494936
5499580 625 5499580
5509510 267 5509510
5550906 852 5550906
5556133 441 5556133
5572196 895 5572196
5574407 405 5574407
5576384 539 5576384
5576665 239 5576665
5579331 749 5579331
5580882 545 5580882
5586496 580 5586496
5614546 141 5614546
5621483 59 5621483
5628623 120 5628623
5635790 676 5635790
5642857 821 5642857
5645021 443 5645021
5645525 675 5645525
5652368 742 5652368
5656411 830 5656411
5668997 288 5668997
5671702 943 5671702
5676746 5 5676746
5686518 733 5686518
5696200 287 5696200
5697047 904 5697047
5705672 29 5705672
5734992 98 5734992
5741646 817 5741646
5750092 356 5750092
5752550 836 5752550
5761376 868 5761376
5763876 469 5763876
5790334 719 5790334
5799756 558 5799756
5800588 341 5800588
5810657 636 5810657
5841453 203 5841453
5842298 464 5842298
5853086 191 5853086
5857210 675 5857210
5863606 667 5863606
5866955 996 5866955
5869547 750 5869547
5874889 376 5874889
5884509 659 5884509
5905892 355 5905892
5906227 167 5906227
5914199 199 5914199
5929536 516 5929536
5929698 556 5929698
5941292 518 5941292
5948422 578 5948422
5980268 723 5980268
5983834 221 5983834
5985714 384 5985714
5993333 33 5993333
5994411 331 5994411
6000206 289 6000206
6007981 361 6007981
6026966 167 6026966
6029672 977 6029672
6045347 375 6045347
6056125 667 6056125
6065482 230 6065482
6065522 664 6065522
6072551 695 6072551
6088966 536 6088966
6094687 736 6094687
6101486 88 6101486
6103894 987 6103894
6117738 495 6117738
6120269 686 6120269
6121264 95 6121264
6127529 434 6127529
6131166 633 6131166
6141971 327 6141971
6150530 37 6150530
6155010 646 6155010
6179222 893 6179222
6179574 294 6179574
6185740 566 6185740
6189562 762 6189562
6192649 293 6192649
6194563 838 6194563
6202696 17 6202696
6205343 904 6205343
6205827 772 6205827
6231155 717 6231155
6234450 54 6234450
6236181 584 6236181
6250949 981 6250949
6254402 249 6254402
6273103 461 6273103
6274542 130 6274542
6275990 179 6275990
6276603 537 6276603
6285490 280 6285490
6294665 475 6294665
6306838 265 6306838
6338081 237 6338081
6347228 192 6347228
6365870 370 6365870
6366088 94 6366088
6376780 785 6376780
6405193 49 6405193
6410761 725 6410761
6419135 507 6419135
6424645 70 6424645
6427009 651 6427009
6427044 972 6427044
6449576 446 6449576
6471854 803 6471854
6483733 475 6483733
6492274 711 6492274
6513159 142 6513159
6518326 992 6518326
6522201 152 6522201
6529383 158 6529383
6534775 499 6534775
6581788 569 6581788
6585242 988 6585242
6605478 912 6605478
6606276 543 6606276
6608417 362 6608417
6617378 242 6617378
6623108 316 6623108
6633918 864 6633918
6637346 974 6637346
6643197 247 6643197
6643236 362 6643236
6651267 956 6651267
6661098 565 6661098
6671556 128 6671556
6676968 577 6676968
6690804 150 6690804
6690882 33 6690882
6722078 122 6722078
6748274 884 6748274
6767743 685 6767743
6769209 713 6769209
6769941 569 6769941
6791702 369 6791702
6792772 606 6792772
6810932 523 6810932
6837647 578 6837647
6842276 784 6842276
6849277 669 6849277
6854017 125 6854017
6855255 297 6855255
6861612 757 6861612
6864025 420 6864025
6874646 223 6874646
6902583 850 6902583
6908903 523 6908903
6915448 378 6915448
6924334 279 6924334
6941549 57 6941549
6945031 298 6945031
6949940 896 6949940
6950781 471 6950781
6963172 638 6963172
6966623 524 6966623
6972412 64 6972412
6982127 73 6982127
6993254 624 6993254
7019878 686 7019878
7034905 863 7034905
7046260 98 7046260
7047761 603 7047761
7060624 59 7060624
7060903 427 7060903
7061151 930 7061151
7070439 97 7070439
7074333 193 7074333
7086685 225 7086685
7087907 518 7087907
7092630 709 7092630
7097528 734 7097528
7099079 850 7099079
7110143 401 7110143
7112263 502 7112263
7119386 521 7119386
7138227 619 7138227
7138550 541 7138550
7156771 166 7156771
7158933 864 7158933
7163705 786 7163705
7166710 569 7166710
7174132 224 7174132
7177671 21 7177671
7178908 974 7178908
7196415 665 7196415
7204188 4 7204188
7204293 674 7204293
7211006 851 7211006
7213259 449 7213259
7231114 575 7231114
7248650 754 7248650
7264611 656 7264611
7276972 48 7276972
7286545 60 7286545
7298332 583 7298332
7311482 372 7311482
7311998 960 7311998
7315719 60 7315719
7321859 607 7321859
7324186 923 7324186
7328028 303 7328028
7348750 538 7348750
7350771 944 7350771
7353826 429 7353826
7368103 523 7368103
7369768 611 7381451
7384410 681 7386849
7402662 971 7405856
7408397 103 7410644
7418490 638 7432502
7420957 564 7442241
7445599 617 7446473
7446346 721 7478983
7448088 857 7497405
7453972 749 7500721
7460102 376 7501087
7462788 22 7508814
7465544 103 7522793
7469053 166 7523912
7473370 752 7529320
7480156 473 7557144
7483833 198 7563382
7496953 870 7567138
7500974 246 7570270
7521984 921 7578067
7550751 105 7583255
7551942 354 7599536
7552861 122 7603385
7557940 445 7616465
7559991 419 7622965
7574667 758 7629716
7587731 637 7634307
7606347 588 7641704
7617308 455 7641793
7639830 281 7670507
7645059 442 7684464
7650292 925 7686875
7668352 678 7689203
7699850 800 7700807
7706365 517 7719504
7712026 975 7727122
7722065 111 7733096
7728647 593 7741920
7734474 27 7753284
7743167 12 7759870
7745352 156 7763401
7759114 21 7777041
7762978 421 7778389
7772833 199 7789756
7798331 516 7800224
7804160 818 7805006
7821140 220 7824211
7823632 361 7840009
7830588 746 7853842
7838782 32 7859292
7867687 571 7885038
7869287 999 7905657
7879983 274 7912609
7915984 389 7915984
7928953 23 7928953
7938521 966 7938521
7951073 803 7951073
7964026 453 7964026
7971022 142 7971022
7984291 5 7984291
7987817 396 7987817
7993324 457 7993324
8008965 434 8008965
8027646 790 8027646
8048578 520 8048578
8050215 669 8050215
8083592 931 8083592
8093095 91 8093095
8098622 799 8098622
8115011 523 8115011
8120695 162 8120695
8172191 278 8172191
8172462 647 8172462
8181920 745 8181920
8186636 872 8186636
8192532 645 8192532
8195948 713 8195948
8221533 227 8221533
8241671 874 8241671
8269250 77 8269250
8273783 557 8273783
8288536 714 8288536
8296130 340 8296130
8298306 897 8298306
8326423 753 8326423
8336105 199 8336105
8353269 646 8353269
8383835 758 8383835
8385200 392 8385200
8393771 739 8393771
8402122 327 8402122
8409396 777 8409396
8426806 910 8426806
8465422 231 8465422
8467553 327 8467553
8474903 293 8474903
8483709 888 8483709
8485540 224 8485540
8499979 911 8499979
8518622 231 8518622
8543880 750 8543880
8545266 658 8545266
8546472 897 8546472
8546826 736 8546826
8587229 54 8587229
8587402 857 8587402
8596200 152 8596200
8598145 35 8598145
8598525 853 8598525
8602506 47 8602506
8604484 54 8604484
8613388 819 8613388
8615668 230 8615668
8626022 481 8626022
8636921 62 8636921
8637658 466 8637658
8639321 177 8639321
8656210 423 8656210
8656589 617 8656589
8674085 254 8674085
8678833 993 8678833
8724472 16 8724472
8725008 173 8725008
8732407 464 8732407
8738614 53 8738614
8739996 741 8739996
8758671 826 8758671
8760587 769 8760587
8769559 467 8769559
8778013 212 8778013
8780013 739 8780013
8791139 984 8791139
8798791 21 8798791
8815124 997 8815124
8828164 189 8828164
8853740 419 8853740
8862048 226 8862048
8862742 892 8862742
8883859 820 8883859
8890997 625 8890997
8895480 93 8895480
8903668 370 8903668
8905309 439 8905309
8927783 169 8927783
8933666 381 8933666
8936643 696 8936643
8941313 955 8941313
8953877 748 8953877
8958181 751 8958181
8990791 815 8990791
9000778 902 9000778
9002673 211 9002673
9009963 974 9009963
9013288 899 9013288
9015143 847 9015143
9030240 91 9030240
9031694 280 9031694
9042750 328 9042750
9047618 54 9047618
9074395 82 9074395
9078334 689 9078334
9104638 31 9104638
9114082 593 9114082
9136043 255 9136043
9142420 977 9142420
9152262 879 9152262
9163677 904 9163677
9168341 852 9168341
9173203 231 9173203
9182801 535 9182801
9207132 138 9207132
9218170 502 9218170
9229118 526 9229118
9232087 521 9232087
9236073 543 9236073
9245640 339 9245640
9263113 402 9263113
9263392 349 9263392
9269949 723 9269949
9274139 937 9274139
9277132 994 9277132
9286439 89 9286439
9294144 762 9294144
9310771 867 9310771
9324930 892 9324930
9325440 227 9325440
9353662 891 9353662
9378339 503 9378339
9399086 206 9399086
9401802 611 9401802
9419486 962 9419486
9455368 845 9455368
9475625 423 9475625
9476037 558 9476037
9494378 189 9494378
9494600 785 9494600
9502854 79 9502854
9517830 947 9517830
9520902 240 9520902
9526312 82 9526312
9529201 957 9529201
9549948 443 9549948
9558385 166 9558385
9562264 220 9562264
9566904 59 9566904
9582775 183 9582775
9591700 888 9591700
9601554 480 9601554
9604081 405 9604081
9629442 489 9629442
9664073 75 9664073
9674482 380 9674482
9680533 351 9680533
9710746 93 9710746
9714744 239 9714744
9718476 942 9718476
9723951 744 9723951
9729354 953 9729354
9731109 852 9731109
9731615 44 9731615
9732098 288 9732098
9752845 867 9752845
9768944 958 9768944
9773026 596 9773026
9824732 861 9824732
9831682 729 9831682
9831932 155 9831932
9844615 180 9844615
9855965 359 9855965
9870499 940 9870499
9873712 13 9873712
9874519 731 9874519
9884020 478 9903302
9885383 133 9903391
9890230 558 9904293
9890756 83 9911601
9925315 744 9925315
9930012 165 9930012
9932790 844 9932790
9934574 201 9969272
9935284 711 9972950
9947266 418 9977063
9971087 961 9993133
9992579 651 9995918
