1000 999
389 908 776
453 698 964
977 585 751
90 329 866
725 481 69
438 622 373
55 619 777
904 64 703
897 682 135
858 527 182
739 981 736
723 133 44
534 920 673
339 148 210
541 959 138
510 148 491
186 124 908
528 299 632
846 97 342
828 574 905
371 139 809
317 72 949
454 866 145
143 854 592
602 379 247
957 790 740
936 900 668
73 301 373
409 479 997
533 376 554
969 4 676
860 138 360
601 105 828
533 103 408
869 896 445
608 111 992
906 403 930
184 984 6
805 515 767
241 102 317
556 434 857
969 904 1000
31 298 109
117 590 18
615 285 823
917 774 463
329 889 860
766 70 259
592 191 478
655 251 111
968 259 783
482 951 408
744 354 138
674 971 294
852 574 861
306 158 52
562 531 833
772 350 146
428 564 672
477 914 76
668 976 452
983 844 427
508 192 128
46 887 435
115 621 742
600 67 795
752 122 980
356 759 428
165 91 418
838 580 949
589 307 319
894 170 591
213 358 781
659 886 329
791 734 461
270 524 210
115 90 360
761 758 625
370 637 876
377 6 284
298 646 23
257 898 1000
650 183 38
254 638 259
398 185 855
775 594 389
957 106 596
915 721 257
242 165 153
483 522 244
872 620 231
312 184 80
911 747 218
12 18 561
781 972 338
271 221 668
859 128 765
96 142 444
286 236 225
98 712 40
635 200 249
802 489 174
38 258 793
787 646 941
456 715 670
828 122 749
914 779 265
918 814 265
466 448 722
770 381 203
184 566 19
941 849 731
625 146 860
870 254 322
962 836 327
432 328 596
820 282 555
879 520 197
280 649 153
402 288 916
317 721 905
545 602 84
462 27 934
901 2 860
530 53 384
281 212 109
993 326 988
959 816 171
338 388 399
489 652 41
931 822 245
963 334 31
937 679 82
44 409 172
587 20 514
938 960 772
273 475 214
398 851 967
28 774 823
783 163 907
448 794 1
940 634 39
426 996 395
84 546 861
459 712 944
652 37 815
76 261 551
74 72 404
905 674 731
98 996 159
253 252 923
168 654 535
979 326 301
664 79 718
577 655 848
811 302 468
318 376 899
772 584 556
92 390 281
925 618 621
944 282 433
426 926 110
654 504 275
43 162 83
54 935 97
325 775 290
430 363 4
231 874 360
270 921 930
601 549 324
94 809 832
399 798 916
690 984 189
827 804 498
853 131 615
458 82 104
356 2 851
48 306 612
39 854 234
91 431 179
112 182 535
160 827 216
884 321 572
929 712 728
684 908 677
771 716 195
196 450 482
942 128 912
480 707 272
410 456 962
204 995 420
695 812 535
264 138 944
257 997 22
605 970 637
90 401 244
936 125 680
10 709 948
590 290 12
297 857 84
349 540 886
595 874 798
947 909 84
826 10 279
352 891 717
988 512 338
597 780 171
703 111 173
606 965 367
121 366 755
469 159 301
17 855 665
280 267 649
823 246 327
574 731 598
604 113 214
862 733 118
18 115 968
962 332 799
140 286 973
494 680 622
599 962 572
989 520 883
265 926 24
805 172 397
881 887 68
536 287 369
810 985 147
305 877 527
679 464 591
111 41 949
888 300 655
997 648 482
372 449 756
810 756 628
676 468 591
999 946 95
487 7 181
406 915 892
557 966 658
163 314 436
920 883 522
843 318 706
437 107 604
169 245 104
829 522 860
563 491 952
457 421 0
395 875 18
739 765 911
657 945 568
786 542 415
610 552 500
490 655 135
619 457 257
893 621 361
669 713 669
547 296 692
355 473 322
686 298 446
264 710 469
286 754 118
497 80 811
792 688 562
771 932 53
374 116 225
334 287 753
935 785 530
725 754 463
553 170 320
946 437 203
743 65 171
686 150 859
75 606 978
308 998 762
903 145 26
143 89 597
673 355 189
209 1 606
104 963 453
745 997 61
204 226 220
373 139 245
87 146 905
848 516 415
697 693 704
933 702 852
147 387 541
613 457 282
576 762 424
271 44 181
248 568 924
268 774 251
506 693 430
131 506 74
542 147 184
580 455 350
103 930 661
310 199 973
559 259 768
451 408 371
488 956 501
629 951 770
762 656 355
737 422 11
417 869 405
561 205 669
23 983 693
20 13 460
632 81 234
784 526 96
776 356 136
496 463 501
618 416 242
589 22 372
438 604 742
755 862 433
707 617 869
949 131 349
698 873 557
706 660 875
863 616 354
789 896 845
378 246 687
579 990 816
859 681 505
609 984 470
328 359 679
911 495 20
379 847 795
541 654 321
464 944 796
583 211 364
644 558 435
382 56 393
793 386 864
141 75 833
746 706 351
589 876 608
690 283 505
913 318 323
8 604 921
433 633 735
865 537 918
382 320 825
378 752 803
885 11 468
585 462 834
35 778 244
614 860 564
88 737 152
357 513 789
376 336 704
498 259 206
537 741 729
397 28 682
207 24 921
243 482 651
405 391 203
672 541 466
608 680 611
186 154 990
94 761 380
871 154 328
176 546 343
521 750 464
178 983 342
3 987 442
277 502 500
586 651 994
120 732 25
542 911 670
147 492 626
457 180 511
394 676 281
867 728 20
906 278 490
733 374 340
35 511 271
450 396 581
750 970 680
588 135 643
424 655 278
148 608 667
423 717 121
202 246 3
329 623 86
569 688 218
77 773 317
646 876 978
761 817 767
27 96 673
465 532 309
797 274 658
298 667 736
581 298 719
407 902 761
162 254 229
112 61 630
70 718 562
694 23 323
695 394 933
523 649 465
964 278 239
590 160 953
489 29 554
277 478 604
237 973 878
759 800 990
12 210 165
219 724 902
95 159 275
353 429 611
373 348 130
962 934 296
716 892 741
870 396 503
183 500 855
624 894 896
971 851 483
375 214 10
152 223 473
768 551 402
702 861 231
411 369 371
680 744 683
917 627 865
17 673 211
781 747 531
301 603 916
434 818 888
721 238 335
235 524 582
181 21 880
681 479 579
260 760 621
938 620 475
864 729 146
86 579 354
372 797 934
467 126 935
19 20 560
729 561 919
316 617 525
510 782 338
208 312 430
110 204 282
388 59 519
416 142 398
362 354 594
641 577 357
395 101 914
943 918 470
575 965 854
228 821 146
391 568 179
919 881 571
840 666 52
446 378 223
674 554 264
286 179 781
477 20 854
827 383 240
752 696 392
518 282 779
857 853 900
330 933 954
848 456 668
655 153 38
742 246 543
633 63 115
169 231 901
19 956 959
684 763 250
702 964 942
227 161 433
334 348 386
817 358 776
356 327 778
226 778 863
819 404 683
626 771 908
16 527 349
625 344 876
767 889 860
564 900 578
849 14 147
703 665 204
224 520 199
120 645 494
886 412 661
297 245 913
42 388 286
753 41 648
427 673 596
320 130 322
620 9 800
444 255 999
927 377 452
449 794 433
545 496 809
442 189 902
909 345 957
279 704 897
311 561 46
307 1 924
804 576 384
273 399 249
318 88 555
77 255 683
296 216 291
546 648 441
531 884 695
859 270 417
187 193 43
498 74 989
975 473 591
3 244 753
191 574 845
743 643 184
260 622 84
186 628 515
366 841 382
757 958 346
184 331 585
206 587 926
610 218 58
872 987 898
961 233 112
178 325 418
270 970 801
738 924 181
136 485 97
299 543 966
476 200 691
513 367 863
220 621 711
47 201 85
801 664 613
194 19 799
425 620 605
815 327 746
492 435 264
896 119 630
518 14 659
176 335 820
578 151 181
952 962 523
642 811 541
14 167 517
931 840 824
48 573 515
771 889 42
482 924 988
841 77 413
785 376 996
101 540 338
45 21 148
118 880 492
752 593 960
175 504 907
631 605 115
996 958 72
225 691 891
726 73 81
235 173 293
687 999 118
532 30 625
483 223 500
867 360 904
243 525 129
47 727 187
950 448 185
591 830 839
570 93 412
714 643 332
75 277 449
173 661 73
754 50 792
115 555 829
48 929 777
571 749 242
215 377 676
853 491 604
735 702 164
850 170 410
234 448 350
881 406 203
936 460 964
393 189 985
43 386 713
136 831 242
419 766 206
142 161 217
127 528 733
301 342 847
813 955 955
671 719 650
10 411 979
722 124 874
187 272 93
438 269 169
452 427 951
484 308 698
250 427 152
248 202 712
448 34 816
202 469 581
954 352 927
25 313 192
390 224 619
265 582 17
685 992 473
155 801 216
702 907 91
499 36 4
909 216 215
316 377 5
326 342 573
979 118 37
708 544 134
292 724 108
403 407 823
110 444 502
709 502 748
149 405 221
72 402 421
392 386 802
683 293 602
804 992 520
83 143 670
940 162 59
845 706 808
249 725 81
593 922 390
327 651 333
740 262 29
895 390 864
440 886 610
700 392 92
70 730 13
668 569 66
10 948 436
645 496 746
911 832 822
992 571 762
630 121 685
503 460 424
770 254 108
352 613 409
235 195 111
22 415 456
790 243 858
514 779 468
649 347 515
585 212 122
519 932 596
751 421 21
315 733 128
806 565 806
66 971 989
897 413 490
565 957 234
456 233 369
57 384 889
899 367 406
781 109 671
32 639 780
405 436 91
897 600 432
341 884 779
378 987 428
883 327 603
340 679 569
914 560 979
548 541 747
445 77 139
553 696 32
450 590 695
867 746 580
11 457 717
110 448 340
636 144 277
618 85 266
38 590 996
195 632 680
445 126 696
720 36 7
166 582 854
810 536 620
659 418 380
352 443 622
364 691 716
633 52 805
705 409 581
108 524 351
600 317 480
294 699 128
24 104 925
916 926 582
187 568 132
722 139 659
520 689 505
153 211 326
321 407 237
243 853 992
689 837 331
991 192 644
248 267 648
118 263 259
880 612 766
871 343 905
103 777 24
820 626 130
192 141 934
217 661 978
908 461 478
170 51 643
796 228 740
847 229 472
863 850 845
982 85 90
110 25 617
382 328 1000
710 363 482
195 429 223
654 659 434
344 341 878
837 680 167
771 437 355
243 992 20
265 247 491
370 272 923
346 720 589
134 923 898
906 40 866
275 279 734
869 470 915
63 926 378
961 972 312
498 69 101
766 905 493
714 285 471
512 916 892
825 908 692
350 190 613
762 878 423
337 571 787
7 526 284
657 364 644
361 422 50
934 130 18
749 740 829
231 15 96
693 32 21
157 366 114
261 701 969
658 805 839
571 769 382
910 851 112
912 718 437
764 851 425
765 788 571
224 663 383
351 171 374
251 475 595
693 662 31
322 458 667
123 531 130
194 840 92
657 553 115
100 759 799
838 404 310
974 688 939
60 408 995
403 529 470
342 580 718
111 375 394
228 427 119
244 132 666
84 962 260
229 976 764
870 460 369
172 336 361
949 570 509
640 362 66
748 757 166
897 653 747
165 986 248
423 677 789
266 994 228
501 747 662
779 480 984
291 254 400
711 728 883
428 97 527
199 317 498
317 240 937
700 68 522
115 100 661
423 736 333
380 817 408
323 276 739
5 44 821
359 833 975
156 426 805
706 708 448
943 840 219
125 414 394
251 1000 547
476 644 913
80 680 586
469 174 614
958 575 509
517 187 362
538 680 608
441 114 67
558 309 341
472 135 577
299 138 838
3 458 203
210 507 676
990 293 772
394 795 173
496 578 451
921 692 825
888 527 268
390 509 755
678 896 112
175 675 270
998 33 60
713 528 316
177 865 161
678 473 995
159 803 626
567 259 254
783 509 709
582 614 222
287 763 393
973 302 730
365 243 478
981 166 648
903 400 706
864 833 227
813 128 484
692 261 185
519 647 45
155 169 302
681 24 441
292 354 570
23 530 462
145 699 638
320 609 892
288 380 468
220 727 742
411 471 174
547 994 5
30 565 454
618 171 426
146 346 495
902 456 671
943 484 275
713 456 404
551 324 911
26 329 895
78 833 512
368 824 123
598 985 37
581 795 308
4 908 643
197 530 348
433 274 501
454 611 704
634 472 492
323 294 395
177 139 772
494 572 170
834 550 532
589 492 381
568 23 678
604 953 152
421 102 361
273 416 510
182 964 745
340 279 260
228 714 266
535 44 18
256 712 934
527 179 178
441 942 332
518 867 252
388 32 169
158 367 546
235 489 420
133 717 696
600 729 216
164 457 979
482 978 236
745 7 615
839 939 631
890 409 831
833 99 989
137 876 898
914 239 339
561 607 209
339 431 757
960 980 589
560 71 324
454 904 412
323 119 919
310 273 449
599 612 796
856 555 180
393 756 189
160 284 398
972 698 158
866 303 216
780 718 924
684 58 240
478 203 889
789 91 968
733 373 479
923 49 244
222 19 415
12 485 388
104 671 881
237 440 248
913 835 981
349 634 78
998 545 707
723 237 324
774 575 726
21 815 815
420 272 37
548 350 607
82 333 571
866 289 771
848 142 611
66 267 21
447 760 322
928 981 117
434 464 377
21 381 821
142 57 700
692 821 765
768 38 26
347 345 540
143 922 410
84 474 438
821 601 648
591 882 544
228 194 87
575 755 927
240 539 635
696 302 227
401 829 661
151 253 143
996 591 309
690 552 359
241 639 143
648 505 117
994 319 751
917 799 510
49 77 409
58 230 844
422 967 453
659 888 167
672 62 807
402 683 983
44 304 303
966 823 559
550 325 814
807 473 642
305 157 49
842 523 83
404 439 528
596 125 961
559 824 236
751 493 409
52 188 834
767 808 664
734 828 89
408 210 476
318 441 38
57 144 288
702 232 1000
556 269 131
670 212 249
48 486 993
876 220 43
198 780 148
295 687 998
868 141 620
939 572 495
193 402 500
309 229 382
239 385 915
129 226 206
853 183 265
1000
308 492 769
480 521 1818
788 337 2597
1440 717 2654
3508 765 3508
4344 862 4344
4699 543 4699
5256 462 5256
5448 217 5448
6267 466 6267
7575 191 7759
7899 535 8756
8752 474 9069
9008 476 11680
9458 396 12811
9902 14 13260
11161 806 15010
11344 483 15195
12860 81 16896
13211 551 18444
14489 462 18868
15179 665 20385
15394 175 21137
15883 771 22180
17546 781 24738
18324 84 24829
18802 293 26360
18895 691 27357
20627 121 27608
20778 987 28500
20951 102 28963
22339 276 29186
22798 595 30765
23800 54 30997
23961 683 31146
26018 418 31641
26200 723 31700
26520 748 32312
26780 440 34056
27238 382 35011
30344 655 35382
30774 47 35820
31041 451 35894
32117 628 36737
32158 740 36747
32555 201 36946
34895 621 37644
36103 906 38878
36860 8 39004
36968 367 39020
37980 180 39364
40667 857 40667
42266 81 42266
42999 748 43316
43855 571 47116
44927 302 47181
45417 652 47211
47619 561 49531
47663 893 49833
51005 760 51705
51941 206 52223
53801 226 53801
56610 122 56610
61204 519 61204
61381 149 61381
61608 404 61608
63295 246 63295
65214 514 65214
65413 76 65413
68551 841 68551
68665 243 68665
71830 458 71830
71843 543 71843
73319 840 73319
75607 556 75607
77825 321 77825
82702 572 82702
83014 356 83014
84449 218 84449
85438 853 85438
86608 681 86608
87559 19 87559
88248 177 88248
90085 313 90085
90122 574 90122
91620 977 91620
94192 636 94192
94284 843 94284
94507 324 94507
94954 757 94954
96114 322 96114
96253 416 96253
96823 803 96823
97261 254 97261
97318 116 97318
98632 586 98632
98891 74 98891
100008 846 100008
100054 673 100054
100849 363 100849
100918 577 100918
101136 903 101136
101549 804 101549
108450 45 108450
108524 570 108524
109099 334 109099
109181 19 109181
110999 420 110999
113014 998 113014
114890 678 114890
116604 35 116604
117021 390 117021
117733 528 117733
118655 902 118655
118837 316 118837
118858 48 118858
119973 224 119973
121381 67 121381
122736 456 122736
123301 262 123301
124113 122 124113
126262 197 126262
126630 50 126630
130780 832 130780
131112 826 131112
131555 334 131555
134110 7 134110
134189 566 134189
134253 576 134253
134721 394 134721
136823 590 136823
139644 1000 139644
140997 229 140997
141772 540 141772
142000 126 142000
142820 45 142820
146383 589 146383
147527 74 147527
148803 743 148803
151105 57 151105
151712 104 151712
151779 656 151779
153334 723 153334
153807 35 153807
154172 968 154172
155284 71 155284
159227 116 159227
160410 820 160410
163159 914 163159
163218 100 163218
164851 214 164851
166091 257 166091
169632 540 169632
170222 549 170222
170553 729 170553
172278 894 172278
172479 957 172479
172707 398 172707
174221 488 174221
175633 927 175633
176044 772 176044
177489 772 177489
177605 328 177605
177611 340 177611
177954 863 177954
178003 942 178003
180010 995 180010
180523 777 180523
181500 78 181500
182717 890 182717
185582 67 185582
186563 461 186563
187880 245 187880
188893 175 188893
188936 274 188936
191290 18 191290
193647 249 193647
193654 480 193654
193717 912 193717
194028 655 194028
194249 168 194249
197556 600 197556
199465 606 199465
200692 915 200692
202649 13 202649
205741 306 205741
207159 707 207159
208223 9 208223
211428 90 211428
211630 880 211630
212463 777 212463
215183 365 215183
216890 204 216890
217653 420 217653
217887 287 217887
219446 480 219446
219496 128 219496
222911 331 222911
223952 175 223952
225989 902 225989
229546 470 229546
230345 220 230345
231166 392 231166
231515 524 231515
232181 613 232181
233119 301 233119
233910 187 233910
235196 414 235196
236254 523 236254
236779 630 236779
238634 548 238634
238650 981 238650
238979 811 238979
244455 344 244455
244736 475 244736
246416 81 246416
247400 201 247400
247484 875 247484
249463 304 249463
250215 118 250215
250257 66 250257
250321 852 250321
250458 800 250458
251248 793 251248
253257 275 253257
253325 31 253325
253514 256 253514
255112 427 255112
256915 648 256915
257365 57 257365
258346 475 258346
259288 130 259288
261119 619 261119
261870 681 261870
262040 607 262040
263041 166 263041
264375 796 264375
265832 831 265832
268234 232 268234
270956 94 270956
274351 945 274351
274833 810 274833
275665 59 275665
275962 517 275962
276334 717 276334
276717 290 276717
277310 555 277310
279304 46 279304
281176 948 281176
281333 424 281333
282245 673 282245
283633 122 283633
287494 754 287494
288617 487 288617
292506 938 292506
293553 535 293553
294121 518 294121
294261 499 294261
294645 787 294645
295685 549 295685
298888 306 298888
299153 877 299153
299407 713 299407
300473 462 300473
302307 10 302307
302924 834 302924
303381 52 303381
304397 85 304397
304568 495 304568
304605 497 304605
305117 144 305117
306122 899 306122
306389 556 306389
308545 491 308545
309924 241 309924
310841 508 310841
312157 522 312157
313379 978 313379
313936 388 313936
315106 915 315106
315220 193 315220
316148 257 316148
319697 765 319697
320096 522 320096
324711 507 324711
324997 14 324997
325280 109 325280
325641 775 325641
326664 259 326664
327365 826 327365
329053 5 329053
329793 926 329793
330207 211 330207
330625 530 330625
332156 313 332156
332162 121 332162
334461 34 334461
336136 122 336136
337703 677 337703
338613 323 338613
341452 490 341452
342087 644 342087
342315 398 342315
343753 162 343753
345365 388 345365
345471 399 345471
345494 155 345494
345533 378 345533
349377 632 349377
349658 28 349658
350795 725 350795
351758 426 351758
352711 9 352711
352944 718 352944
353150 769 353150
354667 357 354667
354848 659 354848
355832 275 355832
356912 173 356912
358182 498 358182
359109 768 359109
359866 643 359866
360044 69 360044
360523 208 360523
362942 166 362942
363247 933 363247
363308 176 363308
364002 957 364002
364060 109 364060
364205 256 364205
364717 805 364717
364753 978 364753
365396 422 365396
365664 965 365664
366246 176 366246
366261 484 366261
367664 640 367664
369295 997 369295
369722 414 369722
370869 20 370869
373076 749 373076
374172 139 374172
374938 936 374938
375294 761 375294
375778 805 375778
376927 671 376927
377056 75 377056
377490 594 377490
377537 69 377537
379984 928 379984
379991 2 379991
381095 341 381095
381386 341 381386
381808 223 381808
384681 385 384681
387763 773 387763
388721 504 388721
389978 869 389978
390070 370 390070
390152 516 390152
390413 551 390413
391273 205 391273
391856 777 391856
392399 136 392399
393236 385 393236
394246 392 394246
394640 319 394640
394757 158 394757
395000 268 395000
395134 706 395134
396877 96 396877
397148 851 397148
397311 947 397311
401584 687 401584
402196 593 402196
402983 206 402983
404140 141 404140
406001 598 406001
406854 358 406854
407834 210 407834
408849 807 408849
409156 953 409156
409656 725 409656
411304 933 411304
412628 183 412628
413310 953 413310
414001 925 414001
415790 988 415790
416428 941 416428
417126 50 417126
417944 861 417944
418050 96 418050
418516 951 418516
418540 72 418540
420045 784 420045
420298 807 420298
420359 553 420359
421670 915 421670
421845 410 421845
422413 599 422413
423507 691 423507
425143 133 425143
426118 112 426118
426187 937 426187
427664 515 427664
428895 68 428895
430849 360 430849
431345 823 431345
431557 290 431557
432054 379 432054
434073 212 434073
435316 497 435316
436142 669 436142
436292 168 436292
436809 250 436809
436948 486 436948
437667 234 437667
438372 959 438372
439526 380 439526
440636 643 440636
441202 816 441202
443717 62 443717
445378 209 445378
446444 350 446444
447198 779 447198
447671 63 447671
448690 79 448690
449697 490 449697
449836 982 449836
450953 949 450953
451617 301 451617
451883 813 451883
452034 780 452034
452251 216 452251
452326 515 452326
454166 926 454166
454983 893 454983
455548 572 455548
455875 570 455875
458102 907 458102
459198 695 459198
460174 532 460174
460869 701 460869
462177 357 462177
462505 507 462505
463367 396 463367
463677 774 463677
466540 901 466540
466991 819 466991
469371 636 469371
472372 712 472372
474379 58 474379
475145 307 475145
475465 799 475465
475788 69 475788
475828 448 475828
475990 745 475990
475992 149 475992
476592 974 476592
477114 489 477114
478185 419 478185
479901 576 479901
480651 16 480651
481143 20 481143
483676 833 483676
484036 697 484036
484788 89 484788
485411 228 485411
485790 35 485790
486335 960 486335
487177 506 487177
487924 57 487924
487963 737 487963
488242 628 488242
489798 426 489798
490219 118 490219
492408 550 492408
494849 5 494849
495001 174 495001
495441 881 495441
497329 463 497329
498849 107 498849
501433 694 501433
501677 985 501677
501760 198 501760
503861 858 503861
504056 121 504056
504990 187 504990
506672 530 506672
508015 853 508015
508092 488 508092
508847 317 508847
510023 768 510023
511329 843 511329
511456 513 511456
513733 499 513733
514300 285 514300
515352 556 515352
515875 778 515875
516167 736 516167
516928 604 516928
518107 114 518107
518768 137 518768
519741 682 519741
521640 47 521640
523212 228 523212
523515 942 523515
523946 671 523946
524221 508 524221
524705 872 524705
525733 692 525733
526000 862 526000
527053 197 527053
528046 707 528046
530154 133 530154
530696 971 530696
533594 533 533594
533721 183 533721
534178 927 534178
534529 660 534529
535164 196 535164
535184 700 535184
535810 513 535810
537369 2 537369
542251 528 542251
544041 369 544041
544139 649 544139
544692 442 544692
544749 101 544749
546500 229 546500
546761 936 546761
548186 282 548186
548395 475 548395
549329 730 549329
549438 580 549438
549590 649 549590
550484 151 550484
551221 157 551221
552038 626 552038
555298 446 555298
556814 771 556814
557253 342 557253
559057 225 559057
560999 553 560999
562276 312 562276
562691 899 562691
563018 23 563018
564008 687 564008
564054 372 564054
564933 159 564933
565273 857 565273
567040 810 567040
567198 12 567198
567334 268 567334
567783 450 567783
569417 356 569417
570384 163 570384
570662 514 570662
571079 845 571079
571852 582 571852
573936 984 573936
576035 433 576035
578023 814 578023
578144 63 578144
582694 648 582694
583614 319 583614
583968 881 583968
585226 777 585226
585654 229 585654
586148 114 586148
586519 477 586519
587041 230 587041
587524 66 587524
588202 945 588202
589096 270 589096
589138 954 589138
591042 931 591042
591163 117 591163
593869 655 593869
600104 133 600104
602245 264 602245
603715 969 603715
605743 926 605743
606019 225 606019
608507 743 608507
608955 252 608955
608962 460 608962
609081 485 609081
610035 210 610035
610359 953 610359
610537 420 610537
610783 496 610783
611043 671 611043
613247 987 613247
616077 81 616077
618683 388 618683
618816 32 618816
619139 960 619139
619468 148 619468
619780 699 619780
620475 91 620475
622217 492 622217
622260 60 622260
622607 745 622607
622617 651 622617
624865 941 624865
626050 315 626050
627737 663 627737
628334 910 628334
628557 640 628557
630027 811 630027
633853 95 633853
636744 529 636744
638668 466 638668
639072 191 639072
640386 557 640386
642297 621 642297
643105 939 643105
643165 659 643165
643713 141 643713
644789 991 644789
645101 609 645101
645886 70 645886
646986 794 646986
648939 9 648939
649226 508 649226
649348 698 649348
649908 431 649908
650723 955 650723
653204 748 653204
657071 858 657071
658126 777 658126
658360 290 658360
658642 764 658642
660908 417 660908
661016 556 661016
661063 188 661063
661676 672 661676
662294 55 662294
663028 157 663028
665684 731 665684
666251 455 666251
667088 72 667088
667855 563 667855
668156 817 668156
668686 724 668686
668928 231 668928
670462 104 670462
670918 765 670918
672332 877 672332
673106 209 673106
674519 646 674519
676126 500 676126
676381 862 676381
676482 560 676482
676491 389 676491
678721 35 678721
678738 292 678738
679156 752 679156
679482 355 679482
679892 2 679892
680091 251 680091
680808 971 680808
681815 371 681815
684418 77 684418
686871 742 686871
687372 245 687372
688395 883 688395
690083 786 690083
690893 792 690893
691449 574 691449
692173 8 692173
694716 578 694716
696656 883 696656
697485 170 697485
697743 672 697743
697991 610 697991
698162 165 698162
698983 551 698983
699882 790 699882
699997 372 699997
700597 293 700597
702329 909 702329
702467 103 702467
702970 777 702970
703192 856 703192
706478 446 706478
708345 312 708345
708838 521 708838
709063 848 709063
713440 97 713440
713983 832 713983
714031 810 714031
714061 77 714061
714224 789 714224
714286 990 714286
715200 586 715200
716987 767 716987
717627 634 717627
719231 998 719231
719705 417 719705
722646 948 722646
723674 750 723674
726488 396 726488
731063 729 731063
733577 979 733577
733704 251 733704
734778 774 734778
735202 14 735202
735337 482 735337
736293 171 736293
736548 151 736548
736759 540 736759
737100 357 737100
737354 229 737354
739378 622 739378
739683 586 739683
741200 341 741200
741351 443 741351
741824 825 741824
742261 329 742261
742980 100 742980
743417 957 743417
743428 763 743428
745341 118 745341
745521 182 745521
746177 189 746177
746366 299 746366
749283 751 749283
750136 498 750136
750750 803 750750
752529 371 752529
756246 307 756246
756438 74 756438
758172 931 758172
759798 104 759798
762888 258 762888
763048 929 763048
763597 314 763597
763855 616 763855
764650 491 764650
765236 809 765236
768971 755 768971
769026 374 769026
770916 54 770916
773839 827 773839
773982 676 773982
774937 354 774937
775180 122 775180
775319 6 775319
776733 823 776733
776950 114 776950
777477 969 777477
777538 951 777538
778108 332 778108
778327 827 778327
780014 495 780014
780119 391 780119
781835 195 781835
781930 475 781930
783308 847 783308
783700 854 783700
784065 570 784065
785023 507 785023
785578 672 785578
785725 958 785725
786012 267 786012
786189 467 786189
787047 852 787047
787395 107 787395
787575 423 787575
787584 517 787584
788742 860 788742
789972 289 789972
790357 899 790357
794355 668 794355
794477 552 794477
795874 446 795874
796068 866 796068
796991 372 796991
797039 58 797039
798209 179 798209
798879 972 798879
799184 31 799184
800247 300 800247
802708 419 802708
804799 670 804799
806621 80 806621
806686 212 806686
807198 293 807198
807611 546 807611
809455 847 809455
809557 442 809557
811651 961 811651
813416 301 813416
814224 160 814224
815385 789 815385
815719 741 815719
815747 412 815747
816559 324 816559
816965 785 816965
817221 845 817221
819340 816 819340
819421 892 819421
820883 608 820883
821836 777 821836
825523 458 825523
826238 14 826238
828250 687 828250
828889 395 828889
829272 545 829272
830705 713 830705
831918 580 831918
832741 400 832741
833402 626 833402
833893 365 833893
834173 154 834173
839933 951 839933
840987 462 840987
841646 31 841646
841790 461 841790
841871 683 841871
843796 410 843796
844398 59 844398
846437 145 846437
847596 866 847596
848093 124 848093
848142 767 848142
851888 839 851888
852940 281 852940
855397 44 855397
855620 480 855620
857535 712 857535
858341 914 858341
858989 379 858989
859072 277 859072
859492 102 859492
859532 396 859532
860089 564 860089
860955 254 860955
861504 891 861504
861746 816 861746
864221 880 864221
864255 894 864255
864458 636 864458
865283 334 865283
865514 859 865514
865694 862 865694
865802 279 865802
865914 221 865914
867606 813 867606
867792 141 867792
870145 850 870145
870949 96 870949
871539 735 871539
871556 973 871556
873725 41 873725
874367 364 874367
875066 424 875066
876504 47 876504
878878 376 878878
879095 626 879095
879636 792 879636
880658 962 880658
880781 127 880781
880920 713 880920
881891 88 881891
883990 43 883990
884248 115 884248
884259 251 884259
884983 534 884983
886149 780 886149
887330 259 887330
887566 620 887566
890108 551 890108
890472 155 890472
892054 912 892054
892630 679 892630
892697 665 892697
892698 362 892698
892889 157 892889
893440 474 893440
893782 184 893782
896469 428 896469
896987 738 896987
898523 832 898523
898568 165 898568
898670 435 898670
899893 654 899893
900404 939 900404
901687 216 901687
901932 465 901932
902027 181 902027
902560 796 902560
902893 624 902893
905006 383 905006
905018 314 905018
907446 690 907446
907983 446 907983
909577 768 909577
911283 201 911283
912606 733 912606
915019 508 915019
915058 460 915058
917637 712 917637
918168 311 918168
918276 223 918276
918447 271 918447
919881 381 919881
920239 413 920239
921497 931 921497
921632 580 921632
922190 298 922190
922446 759 922446
922457 628 922457
923345 567 923345
923858 924 923858
926957 689 926957
927966 192 927966
934954 349 934954
935158 320 935158
935337 73 935337
935375 653 935375
936912 506 936912
937600 193 937600
937637 407 937637
939465 69 939465
939577 557 939577
941467 548 941467
941672 148 941672
941789 104 941789
943094 332 943094
946797 90 946797
947697 983 947697
948956 802 948956
950204 511 950204
950235 549 950235
951445 774 951445
951545 566 951545
951761 167 951761
952642 628 952642
954494 483 954494
954936 643 954936
955420 532 955420
956219 423 956219
959163 642 959163
960291 270 960291
963011 165 963011
963141 863 963141
963223 201 963223
965457 138 965457
966404 307 966404
967168 851 967168
968132 343 968132
971402 164 971402
971971 894 971971
972886 775 972886
973394 638 973394
974263 62 974263
977730 328 977730
977920 74 977920
978348 976 978348
978634 105 978634
978665 302 978665
978710 882 978710
980218 460 980218
982455 785 982455
983210 54 983210
983370 907 983370
983772 40 983772
985399 242 985399
985500 685 985500
985960 489 985960
986359 792 986359
986494 803 986494
986941 531 986941
987528 930 987528
987539 878 987539
987872 205 987872
987988 523 987988
988426 385 988426
988447 310 988447
989062 931 989062
990082 524 990082
990388 643 990388
991596 697 991596
991821 919 992334
991861 434 992439
991956 306 993997
992252 682 994452
992639 901 995841
992809 629 996402
992969 624 996903
994019 405 997744
994736 92 997747
994947 737 998160
995551 321 998738
996918 200 998836
999045 743 999816
999454 430 999922
