1000 999
493 145 56
620 386 774
920 735 99
812 537 668
166 780 548
433 183 983
125 472 265
404 677 315
662 997 776
593 515 12
557 142 744
594 133 694
701 27 341
46 322 717
240 325 966
517 842 468
362 28 974
656 226 659
268 182 278
497 738 925
926 540 917
882 692 139
564 568 573
111 206 125
372 733 258
98 104 336
513 531 413
206 685 869
81 566 601
424 347 954
479 425 560
694 957 619
208 124 820
401 101 808
964 655 513
897 905 624
34 717 694
303 867 785
212 606 269
406 72 650
46 448 838
13 502 742
637 953 773
610 910 253
503 275 58
958 348 537
818 48 566
411 972 825
474 249 595
464 744 745
941 303 353
924 558 146
440 308 131
375 109 132
452 525 950
182 960 665
745 384 185
639 265 982
79 295 859
381 62 813
723 763 321
275 731 531
573 433 313
171 524 537
539 806 544
590 338 12
184 843 427
779 186 194
808 337 514
552 225 985
581 707 588
207 900 595
630 991 217
593 975 757
107 534 310
643 91 856
407 349 721
782 669 271
344 503 648
704 691 715
432 155 29
131 523 709
410 241 388
881 530 975
489 242 867
823 512 611
579 48 679
624 601 701
284 329 194
518 209 641
33 295 456
486 818 627
716 54 338
671 332 4
861 800 349
16 529 539
631 366 684
521 388 86
542 492 407
932 147 404
341 817 868
796 130 997
762 376 187
120 550 819
283 306 770
566 350 105
39 580 431
228 659 214
996 393 132
608 569 545
468 233 524
463 382 9
984 783 24
592 671 58
399 803 485
248 194 956
336 71 214
79 30 868
801 470 267
737 202 83
286 370 899
176 129 399
296 722 828
130 302 4
251 204 440
587 461 659
658 915 610
809 209 861
21 43 65
9 226 694
767 415 397
922 194 690
502 320 778
942 885 696
615 983 722
893 67 292
561 636 68
68 594 780
863 26 925
700 145 478
12 525 505
697 597 216
837 286 609
332 925 637
2 820 414
800 295 912
466 255 220
8 309 630
115 138 36
294 126 989
63 864 967
154 620 771
276 481 112
902 187 320
215 513 654
648 536 442
911 620 391
249 164 590
883 280 322
434 423 303
775 161 72
717 879 556
531 469 682
640 771 208
263 198 320
886 31 552
641 402 139
310 85 494
3 412 291
398 736 717
805 891 876
647 737 378
756 558 491
330 687 471
982 258 212
207 658 722
189 138 711
451 585 958
193 828 571
553 316 33
434 334 112
487 685 1
119 545 236
117 600 754
998 723 515
125 532 328
490 610 699
285 712 160
978 319 462
644 170 795
950 711 413
183 159 951
196 862 372
331 212 450
208 773 85
20 781 158
858 588 145
708 927 996
259 942 258
341 599 594
975 786 68
99 730 646
430 974 795
683 229 747
208 801 146
841 869 124
927 860 126
732 357 955
36 634 543
636 306 59
237 872 618
352 510 299
132 327 235
470 519 291
104 455 568
209 437 621
13 70 325
927 600 957
317 746 932
72 827 462
86 539 886
234 254 729
323 685 675
96 377 0
851 840 20
585 503 742
409 910 322
7 628 402
307 536 539
689 201 907
777 533 377
806 565 16
293 245 53
424 852 155
78 172 735
104 735 301
468 384 128
944 427 160
136 36 801
946 405 531
421 116 635
720 857 96
754 403 254
280 699 572
63 560 419
454 642 24
994 562 141
358 791 37
760 171 118
211 102 896
775 792 128
884 137 835
231 687 846
938 903 109
761 157 189
473 555 285
505 278 915
601 975 859
649 927 122
57 462 891
738 505 367
60 452 82
873 839 987
833 724 571
691 982 299
761 520 322
590 637 752
735 964 213
371 721 639
576 436 115
487 758 972
546 716 981
497 362 371
407 494 799
453 484 542
884 778 490
651 170 3
80 349 297
749 520 23
93 750 315
326 527 649
832 867 521
1000 735 61
55 430 105
849 148 894
261 132 107
696 658 812
994 803 380
571 167 585
607 313 924
739 770 650
444 681 452
193 747 269
184 411 862
926 802 341
986 816 964
63 986 122
106 832 434
335 590 877
981 956 852
525 896 53
461 24 953
184 742 740
900 614 176
921 301 432
383 848 353
652 366 730
918 735 763
356 735 541
54 318 10
732 768 248
705 997 594
992 930 209
358 23 193
25 416 946
599 186 344
794 177 471
891 439 795
95 263 309
243 971 928
912 564 157
683 698 250
902 127 985
855 630 798
155 933 667
121 131 807
158 218 115
313 50 280
402 549 753
337 393 191
615 76 816
722 923 110
613 91 850
723 856 290
180 650 763
889 303 723
196 367 441
52 307 52
64 713 209
351 709 582
443 222 684
685 516 187
219 999 96
738 959 847
639 679 848
931 542 429
52 858 806
157 529 283
691 420 206
959 528 650
345 57 316
810 256 70
364 445 361
739 330 227
36 412 666
938 450 979
941 23 75
321 65 19
757 14 293
813 857 389
76 82 468
833 257 667
459 243 760
223 604 421
262 502 540
506 814 642
856 421 198
474 405 251
660 134 236
464 83 58
375 785 956
200 257 127
228 812 296
263 292 169
459 66 109
751 971 566
923 145 868
76 80 883
686 616 504
408 210 111
6 211 515
889 476 396
317 977 453
872 641 398
720 485 146
675 30 764
598 948 523
640 597 773
803 782 151
341 646 424
54 771 484
133 252 177
205 489 622
892 541 279
751 347 172
427 527 320
985 926 398
567 346 682
645 599 609
354 242 625
125 352 756
10 420 178
500 410 652
38 524 948
124 355 900
386 92 380
232 137 466
90 52 589
159 795 768
433 830 50
957 454 376
875 713 892
323 340 647
836 118 23
61 39 405
459 865 962
18 788 266
380 522 165
140 333 566
188 233 211
253 259 891
464 129 344
712 534 338
595 4 553
973 667 170
148 611 918
16 140 122
393 965 396
270 455 145
469 668 675
365 976 788
453 960 243
289 458 831
936 169 971
47 406 612
90 281 213
411 347 755
680 621 326
939 535 975
91 901 785
643 281 172
985 148 867
369 58 100
376 370 422
649 175 499
273 197 308
271 760 279
386 486 590
511 589 799
318 765 207
61 328 596
850 309 432
935 647 93
625 713 972
680 908 39
264 246 951
602 227 847
174 460 213
652 605 585
156 7 266
185 783 828
928 653 256
539 871 552
466 512 352
269 948 760
678 60 87
396 876 69
467 90 199
167 632 404
674 175 26
629 496 552
190 32 153
980 232 109
943 122 398
225 11 630
390 916 898
887 888 82
382 871 266
343 50 706
626 847 909
84 754 284
377 100 113
324 531 938
944 488 398
808 860 468
662 363 362
683 342 429
84 633 407
186 790 931
101 1 49
969 622 387
816 666 150
933 965 406
287 361 179
898 40 67
135 181 884
706 880 821
473 9 583
100 689 168
144 318 529
839 479 92
635 266 861
125 932 823
464 153 556
327 464 314
339 128 25
378 189 382
868 647 583
880 210 312
835 449 32
899 738 4
155 603 297
244 132 225
175 398 369
304 979 267
895 924 782
350 743 606
127 836 27
329 189 770
365 480 62
697 700 283
710 964 347
987 766 571
357 970 799
186 762 889
627 152 625
226 753 776
811 43 762
947 179 249
308 145 629
952 848 202
940 149 570
820 242 762
327 838 551
333 699 213
498 785 364
982 107 412
760 158 620
770 499 519
170 962 710
807 258 399
707 618 826
978 128 367
293 887 546
354 734 834
514 664 130
599 238 804
535 478 959
773 928 245
360 525 968
694 1 525
366 664 29
202 5 697
441 746 682
472 774 330
49 824 381
737 391 431
458 58 432
262 815 608
990 42 855
930 542 154
351 424 266
273 436 154
505 817 599
329 823 446
629 182 832
35 294 153
78 757 119
204 625 788
197 498 166
570 52 44
853 976 598
803 103 199
529 888 453
93 481 413
43 987 191
906 366 958
293 177 432
333 440 390
305 713 745
598 869 119
471 661 958
485 723 976
306 479 605
271 11 580
273 991 298
612 375 951
596 592 260
600 844 827
683 666 950
112 519 702
981 117 144
45 966 284
310 123 989
759 833 237
2 484 267
213 491 787
66 373 45
161 372 421
881 393 647
551 243 236
980 60 64
848 360 72
948 50 79
116 239 598
810 616 834
596 196 423
780 813 791
210 931 462
99 87 309
163 173 366
282 797 822
261 450 731
108 898 920
214 548 630
942 56 800
905 262 349
830 507 832
827 693 597
584 206 38
363 253 697
298 120 68
926 495 476
429 719 842
252 108 681
460 429 995
392 859 400
874 190 656
989 666 931
680 673 153
622 444 80
71 839 85
845 676 747
638 618 555
363 435 389
582 593 966
527 416 646
90 277 520
438 788 690
569 976 486
400 151 559
516 828 528
415 547 936
526 596 585
880 439 68
38 119 734
785 963 177
281 913 238
229 338 198
701 260 157
501 300 426
64 455 945
199 809 452
102 661 466
288 725 436
199 711 435
920 733 922
141 889 627
650 392 975
797 110 664
476 743 113
75 482 710
615 412 932
264 634 1000
29 967 284
805 342 901
950 426 932
355 874 521
695 71 978
177 146 734
44 461 149
833 949 885
986 290 890
382 417 481
301 143 34
552 895 191
929 924 283
893 95 678
151 209 273
958 10 407
379 340 213
827 299 905
730 715 144
754 102 544
435 616 152
455 577 510
264 297 793
508 429 56
163 207 538
822 429 69
835 323 785
315 122 128
314 689 523
918 912 901
73 353 818
788 882 790
819 396 50
870 617 876
165 487 709
375 482 418
737 135 41
554 573 394
951 464 642
544 388 916
495 832 279
991 179 554
825 38 314
752 8 657
955 663 947
988 34 290
769 334 835
118 399 958
984 453 593
854 403 542
537 433 923
547 852 337
964 314 824
687 221 321
972 936 394
774 586 769
848 368 978
199 968 156
429 160 605
519 688 484
886 772 620
168 697 749
752 86 75
988 290 163
901 574 911
604 762 137
815 834 508
567 396 843
19 206 684
790 580 292
715 718 820
195 850 584
860 752 459
106 728 135
480 984 53
986 167 582
73 829 779
798 775 327
743 180 279
470 217 265
271 609 999
374 614 100
291 59 928
911 114 244
676 94 479
676 89 764
12 726 178
857 414 31
678 424 25
310 294 756
744 162 23
474 714 329
997 664 24
682 616 103
748 217 392
591 372 502
682 287 565
473 520 190
746 3 599
559 923 860
134 397 310
675 498 723
159 148 249
330 909 910
552 483 813
276 954 701
946 394 555
626 411 982
457 791 455
63 877 617
587 442 132
205 522 808
739 279 481
583 320 834
672 153 527
820 755 671
962 763 511
212 449 747
871 563 841
323 627 854
578 636 238
478 766 458
445 907 453
904 229 225
291 498 871
132 691 554
423 418 647
35 240 165
536 796 106
288 689 195
229 386 694
538 171 772
984 113 608
477 703 693
702 150 186
953 556 281
874 878 455
874 359 558
445 967 155
232 804 984
207 389 845
867 203 386
829 177 978
326 973 463
198 22 465
147 814 401
799 476 333
150 206 610
675 401 416
681 921 188
454 424 991
199 257 120
214 112 661
673 270 568
614 835 974
587 490 3
107 51 334
85 256 396
319 139 405
894 51 458
447 27 762
150 684 546
276 224 530
85 509 848
129 916 904
192 270 515
32 679 806
218 623 641
597 876 179
670 483 760
423 602 226
776 561 501
825 821 77
422 762 603
812 363 773
106 419 636
17 970 819
315 550 255
619 415 184
777 10 877
833 39 267
134 26 126
640 955 386
475 759 17
177 462 466
995 260 20
274 902 243
787 367 902
806 415 466
109 589 131
45 297 222
194 938 227
113 378 622
760 275 811
298 572 527
388 732 823
330 665 72
946 754 206
903 311 982
142 710 858
219 74 136
493 391 327
222 854 64
230 971 337
824 377 176
688 248 616
680 413 442
216 461 753
850 220 503
148 46 966
586 440 978
739 57 997
165 282 927
77 773 419
18 81 904
272 583 587
945 962 756
974 385 800
56 491 988
504 888 643
891 669 408
557 407 697
652 689 638
88 567 106
216 534 82
32 191 974
236 341 551
406 635 112
313 790 374
247 210 423
890 387 524
445 764 485
425 914 785
385 576 346
459 407 65
790 316 39
353 395 163
897 694 594
842 502 60
721 114 355
456 904 840
229 104 689
800 535 286
307 808 305
623 498 124
654 543 73
611 233 918
69 108 308
913 759 488
446 777 278
840 465 689
727 774 718
360 657 475
716 898 312
373 31 303
334 746 703
20 409 277
684 105 945
644 375 740
841 513 911
160 831 182
919 859 89
844 993 329
848 364 506
131 337 657
121 595 957
689 638 643
431 499 278
318 789 992
990 556 904
369 817 264
303 740 693
64 97 149
844 561 184
787 870 450
203 872 146
629 122 966
931 961 17
658 15 47
26 519 310
665 834 932
54 207 511
696 301 862
654 522 318
541 833 36
515 295 9
427 126 357
979 841 895
825 37 858
999 111 875
827 501 479
826 239 979
842 917 198
416 661 616
149 393 952
787 62 275
729 341 443
925 461 975
784 642 33
706 934 99
27 477 118
937 237 275
267 95 564
41 267 972
676 360 728
428 779 943
569 793 940
219 387 933
198 312 143
222 47 54
178 134 351
818 62 979
575 26 781
954 830 975
690 615 336
926 250 568
394 122 18
882 677 657
866 234 430
312 997 55
840 52 186
139 272 200
846 635 416
706 234 1
410 469 211
65 132 171
997 235 155
979 156 813
429 299 981
389 970 601
87 504 503
631 53 305
477 658 705
185 78 654
535 741 797
1000
16273 845 30142
59632 836 107071
64191 897 149116
108912 769 323103
384091 517 473844
391372 824 581997
452818 946 630986
727871 138 811235
752091 194 960484
982736 584 982736
1024002 132 1243873
1266604 639 1266604
1283037 420 1348789
1466641 131 1466641
1601096 846 1601096
1810749 898 1810749
1849922 186 1849922
2088673 728 2088673
2168777 561 2168777
2185793 614 2185793
2250052 955 2251518
2279246 296 2279246
2395802 139 2395802
2511907 217 2597181
2639919 709 2722752
2888605 116 2888605
2896714 471 2924623
3184902 900 3184902
3337110 206 3337110
3448153 681 3448153
3833927 44 3833927
3834321 670 3834321
4450672 73 4450672
4457778 355 4457778
4458986 361 4458986
4495882 287 4495882
4545054 792 4545054
4545853 850 4545853
4677817 676 4677817
4680395 943 4773394
4936149 526 4936149
5002376 642 5103839
5011211 967 5184247
5141340 343 5298043
5192937 753 5426270
5452384 199 5556704
5513059 892 5654929
5583324 593 5677973
5654037 103 5798512
5690305 761 6048601
6256327 222 6256327
6359599 452 6359599
6361020 214 6361020
6390707 766 6390707
6416709 431 6416709
6435045 664 6435045
6523728 715 6523728
6624987 240 6679796
6639674 409 6689435
6763574 236 6763574
6904560 234 6904560
6909928 302 6942128
7013315 592 7078082
7057329 407 7240901
7374236 997 7374236
7438598 304 7438598
7537716 273 7537716
7628263 911 7628263
7690624 187 7690624
7768400 816 7768400
7950756 325 7950756
7951249 588 7951249
7976727 321 7976727
8022469 34 8022469
8027125 909 8118555
8186147 477 8186147
8288523 777 8288523
8405210 571 8405210
8406893 886 8406893
8464283 540 8693112
8612358 113 8761365
8637762 336 8915221
8649442 436 9169680
8912138 295 9304513
9019337 877 9728065
9031701 279 9740798
9115199 793 9805141
9259487 520 9920615
9401437 851 10017908
9402960 952 10139222
9458196 87 10243869
9484737 379 10253969
9585510 716 10450547
9620978 136 10608617
9966223 904 10634353
9974750 589 10759910
10020851 963 11040632
10072976 214 11051752
10284467 11 11081268
10296718 629 11111769
10498432 481 11272615
10539686 506 11336787
10601820 327 11410030
10665011 156 11424899
10752009 26 11472202
10959179 890 11661542
10983923 176 11852704
10988595 27 11907513
11016025 260 11919607
11190644 287 12038047
11207135 749 12043137
11300739 932 12220212
11450610 824 12645711
11669504 330 12739539
11693940 397 12831327
11854938 585 12970737
11894905 621 13331629
11937526 764 13355775
11968737 354 13455260
11981040 530 13538506
11982377 621 13609719
12148983 95 13660124
12197838 151 13675567
12387912 643 13880171
12394628 615 14012441
12440055 730 14111699
12502135 556 14128583
12549476 934 14286554
12776657 241 14415476
12986817 440 14436300
13184942 616 14597097
13191095 421 14830881
13283191 916 14836631
13560617 748 14904819
13843265 342 15066154
13914441 600 15114301
14012105 711 15278472
14050066 82 15293162
14115526 737 15310326
14582733 743 15312284
14702175 214 15356356
14750521 624 15369017
14765717 198 15436518
14904232 197 15529933
14984313 568 15596481
15095044 53 15607948
15142902 56 15712221
15613904 443 15729094
15615290 290 15732507
15635923 310 15897935
15637183 698 15993155
15866061 479 16037628
15920791 697 16280363
15947450 184 16319886
15962585 734 16417738
16403073 396 16581960
16459480 678 16588079
16464360 920 16617224
16510009 242 16765987
16557989 264 16797216
16572681 550 16871317
16583051 70 17033093
16672893 402 17089275
16965081 769 17123535
17081527 249 17320874
17258569 41 17392780
17450470 279 17450470
17533109 810 17533109
17534606 870 17581696
17641820 175 17658985
17764000 940 17764000
17899330 412 17899330
18027395 596 18027395
18063081 678 18063081
18097239 291 18150615
18140602 349 18236846
18271527 530 18271527
18289945 757 18323097
18344042 489 18344042
18563702 810 18571718
18686250 479 18686250
18929280 28 18929280
19179452 517 19179452
19223735 867 19223735
19364166 767 19364166
19381078 39 19381078
19559207 518 19559207
19683728 309 19683728
19688178 595 19688178
19977332 602 19977332
20084986 931 20084986
20111279 284 20111279
20301440 570 20301440
20388180 592 20388180
20623105 854 20623105
21002819 85 21002819
21016970 859 21016970
21199130 947 21199130
21337848 969 21337848
21358926 216 21358926
21389843 586 21389843
21392989 162 21392989
21476173 908 21476173
21485516 815 21485516
21562419 309 21562419
21683924 530 21683924
21736493 394 21736493
21760375 277 21760375
21794910 788 21794910
21811955 854 21811955
21812797 914 21812797
21938155 50 21938155
21992003 227 21992003
22043616 273 22043616
22063401 408 22063401
22067533 185 22067533
22079230 96 22079230
22196982 221 22196982
22204776 796 22204776
22539250 150 22539250
22626790 381 22626790
22691662 590 22691662
22799496 106 22799496
22881037 610 22881037
22885616 754 22885616
22918279 599 22918279
23002218 771 23002218
23137734 389 23137734
23325648 343 23325648
23353068 571 23353068
23442292 135 23442292
23498427 868 23498427
23549336 482 23549336
23628302 626 23628302
23661954 588 23661954
23747055 334 23747055
23965051 91 23965051
24018510 342 24018510
24028674 737 24028674
24050833 976 24050833
24271033 67 24271033
24512818 780 24512818
24583951 212 24583951
24585476 17 24585476
24599808 973 24599808
24707644 102 24707644
24854265 910 24854265
25027557 371 25027557
25049581 746 25049581
25079132 547 25079132
25120489 918 25120489
25201787 907 25201787
25397997 747 25397997
25551116 514 25551116
25818839 348 25818839
25836428 465 25836428
26082617 390 26082617
26277168 276 26277168
26292903 427 26292903
26438498 958 26438498
26475473 176 26475473
26541048 156 26541048
26562926 676 26562926
26590705 125 26590705
26762361 477 26762361
27132140 996 27132140
27327111 300 27327111
27646168 316 27646168
27780038 850 27780038
27923752 918 27923752
27928233 321 27928233
27998786 497 27998786
28029377 662 28029377
28068339 742 28068339
28266008 366 28266008
28442485 882 28442485
28602778 703 28602778
28696780 204 28696780
28713070 810 28713070
28776199 572 28776199
28818734 647 28818734
28839636 980 28839636
28914522 434 28914522
29321652 506 29321652
29346731 24 29346731
29477929 79 29477929
29668798 195 29668798
29758440 781 29758440
29876128 69 29876128
29967419 318 29967419
30034736 619 30034736
30096903 142 30096903
30251576 47 30251576
30395704 571 30395704
30472377 447 30472377
30532904 591 30532904
30739299 762 30739299
30754902 874 30754902
30785757 688 30785757
30874198 392 30874198
30883002 113 30883002
31060091 558 31060091
31248752 399 31248752
31355174 538 31355174
31413617 622 31413617
31511444 691 31511444
31607603 919 31607603
31630595 372 31630595
31662495 456 31662495
31700875 276 31700875
31713881 128 31713881
31885740 296 31885740
31892605 795 31892605
31907473 447 31907473
32022273 885 32022273
32040597 379 32040597
32164509 532 32164509
32216869 189 32216869
32277896 13 32277896
32299868 946 32299868
32367178 88 32367178
32507419 212 32507419
32577186 823 32577186
32582140 934 32582140
32726026 28 32726026
32837350 708 32871935
33008373 275 33008373
33097452 231 33097452
33148477 949 33148477
33170762 320 33170762
33368007 927 33368007
33461762 747 33461762
33540103 245 33540103
33548338 91 33704456
33558230 220 33761554
33754334 968 34018142
33854991 518 34063066
33991904 657 34126400
34130989 644 34131410
34182932 805 34182932
34191828 38 34191828
34232014 999 34233625
34446902 58 34446902
35066899 678 35066899
35211135 691 35211135
35341105 772 35341105
35390431 514 35390431
35492562 78 35492562
35596011 646 35596011
35625832 596 35625832
35791211 58 35791211
35797258 827 35797258
36093639 278 36093639
36131521 587 36131521
36170530 100 36170530
36251928 55 36251928
36724841 936 36724841
36755068 507 36755068
36958704 630 36958704
37059594 508 37059594
37061124 602 37061124
37077516 611 37077516
37116010 82 37116010
37151384 146 37151384
37151578 640 37151578
37168557 704 37168557
37210994 501 37210994
37211099 601 37211099
37439801 48 37439801
37455464 23 37455464
37678746 49 37678746
37753928 74 37753928
37812058 325 37812058
37869884 779 37869884
37901623 964 37901623
38367261 952 38367261
38596222 713 38596222
38763116 152 38763116
38817465 274 38817465
38959247 548 38959247
38977010 414 38977010
39015064 567 39015064
39019861 724 39019861
39138903 961 39138903
39224812 772 39224812
39335814 33 39335814
39376188 880 39376188
39400317 769 39400317
39480211 489 39480211
39579372 901 39579372
39635691 616 39635691
39662039 493 39662039
40085044 265 40085044
40090117 127 40090117
40247792 771 40247792
40278119 856 40278119
40279812 987 40279812
40430892 225 40430892
40452317 368 40452317
40462880 91 40462880
40484558 215 40484558
40523486 302 40523486
40545466 605 40545466
40668068 722 40668068
41211952 150 41211952
41227127 621 41227127
41249230 329 41249230
41293536 591 41293536
41324911 181 41324911
41330317 20 41397336
41349285 359 41418576
41358681 438 41422208
41383494 472 41492605
41423921 258 41710140
41428093 959 41966131
41447833 875 42141256
41451156 243 42258393
41553255 777 42304560
41818756 201 42316203
41820852 820 42441599
41950961 456 42463573
41967400 412 42675445
42568075 63 42900048
42807172 477 42903800
42839230 597 43042045
43020090 473 43203634
43023972 548 43221757
43212174 4 43436907
43386112 404 43509154
43444193 332 43514485
43828536 754 43828536
43835214 93 43835214
43857097 675 43932101
43874102 178 43963202
43911391 253 44099071
43923896 348 44408746
43930413 893 44433092
43950702 908 44544531
43964041 393 44585945
44052081 851 44591442
44063002 62 44668607
44095692 361 44716549
44207319 130 44790191
44284950 7 44830466
44302700 716 44875700
44431307 551 45110024
44462383 737 45131845
44504529 606 45219813
44805485 584 45242859
44842417 808 45302470
44969950 208 45368371
45085187 656 45468270
45117496 25 45488973
45173089 81 45499604
45231121 441 45611899
45442318 814 45658376
45499785 791 45676395
45517973 598 45763811
45729039 956 45773153
45731665 455 45984050
45768116 172 45994829
45791148 767 46065600
45801191 912 46080887
46014774 200 46415162
46033965 949 46627908
46119623 111 46733296
46723271 439 46735777
46995780 772 46995780
47245752 856 47245752
47265987 803 47265987
47332579 343 47332579
47621012 937 47621012
47633352 860 47633352
47760105 261 47760105
47848882 904 47848882
47863289 911 47863289
48292396 228 48292396
48599311 52 48599311
48681155 346 48681155
48760238 413 48760238
48770986 9 48770986
48790979 419 48790979
48818582 483 48818582
48873663 837 48873663
48900372 805 48900372
49228128 558 49228128
49372632 410 49372632
49581532 524 49581532
49658877 860 49658877
49738410 771 49738410
49774878 101 49774878
49819060 505 49819060
49968458 531 49968458
49993495 169 49993495
50032704 382 50032704
50152787 303 50152787
50269816 947 50269816
50413385 915 50413385
50536864 706 50536864
50734040 441 50734040
50839544 359 50839544
50926785 261 50926785
51007698 256 51007698
51018040 644 51018040
51070635 236 51070635
51163399 433 51163399
51217490 716 51217490
51221762 585 51221762
51331634 29 51331634
51389150 496 51389150
51528211 980 51528211
51551047 690 51551047
51552820 859 51552820
51712681 382 51712681
51829694 505 51829694
52132763 565 52132763
52149468 355 52149468
52166411 4 52166411
52204094 509 52204094
52210567 445 52210567
52441043 544 52441043
52453007 313 52453007
52455748 65 52455748
52466308 456 52466308
52701789 761 52701789
52821490 979 52821490
53030453 506 53030453
53158059 773 53158059
53193774 577 53193774
53294413 341 53294413
53311060 969 53311060
53414531 351 53414531
53909086 488 53909086
54557323 866 54557323
54588133 228 54588133
54755244 337 54755244
54792565 536 54792565
54810074 4 54810074
54915589 840 54915589
54977125 842 54977125
55141765 302 55141765
55274415 686 55274415
55331999 543 55331999
55359877 827 55359877
55427370 542 55427370
55493711 135 55493711
55682546 263 55682546
55728954 824 55728954
56057924 854 56057924
56197678 772 56197678
56297959 90 56297959
56396994 565 56396994
56488309 46 56488309
56697220 804 56697220
56713651 773 56713651
56747019 542 56747019
56751142 490 56751142
56808314 693 56808314
56947404 909 56947404
56957330 276 56957330
56983428 950 56983428
57043368 719 57043368
57116866 879 57116866
57247616 935 57247616
57255141 203 57255141
57263138 467 57263138
57317509 97 57317509
57354022 934 57436563
57398363 657 57613912
57586110 378 57707340
57649777 507 57765493
57661463 865 57863866
57664568 99 57994232
57696679 907 58223369
57758288 561 58388105
57766230 333 58426736
57784676 231 58467308
57822200 647 58595719
57828196 871 58710260
57962819 325 58745393
58312637 173 58800644
58348927 759 58871402
58457918 149 58895517
58470596 339 58904108
58499523 186 59025409
58528481 183 59057755
58552746 660 59146797
58583685 790 59216328
58614674 107 59370736
58944321 704 59434358
59166753 132 59444109
59219678 746 59584594
59395064 951 59694167
59456657 375 59720280
59543875 696 59837652
59658934 15 59886303
59813812 822 59969956
60026471 931 60042752
60099699 969 60158607
60161729 283 60205248
60316077 44 60316077
60318666 459 60379926
60386538 519 60426008
60507176 378 60761067
60574904 219 61071135
61281200 81 61281200
61319439 169 61319439
61499822 58 61499822
61543827 749 61543827
61671394 81 61671394
61752298 268 61752298
61755253 909 61755253
61882732 317 61882732
61895534 119 61895534
62085769 160 62085769
62147783 934 62147783
62271521 354 62433636
62321249 939 62482658
62468235 671 62497819
62641553 29 62641553
62797684 255 62797684
62831362 38 62831362
62903705 721 62903705
62991385 301 62991385
63013749 931 63382361
63068955 457 63483721
63178142 971 63782033
63203305 746 63967990
63207161 86 64007783
63209469 766 64013801
63368510 11 64047047
63396356 178 64048322
63610822 152 64186708
63649210 452 64186951
63705322 99 64275488
63707045 527 64332228
63739577 414 64394537
63743673 88 64526398
63839877 140 64724545
63850393 989 64730448
63920029 37 64775058
63948286 984 65036860
63958805 530 65124785
63988455 477 65129913
64121194 994 65170771
64130061 505 65249380
64138404 303 65269357
64172770 373 65321942
64442665 585 65358848
64447055 949 65472706
64487072 620 65517505
64507267 38 65519412
64783573 951 65605504
64842614 664 65664248
64986255 116 65756900
65118801 206 65962237
65198196 615 66015203
65277014 406 66079352
65313401 839 66089344
65428897 111 66198548
65438693 601 66208770
65482612 197 66254245
65500068 130 66507208
65599759 838 66782937
65634665 986 66894978
65722348 10 66967133
65726468 57 66990121
65727037 382 67108908
65797285 826 67121490
65818671 443 67162036
65845980 244 67208696
65881590 796 67268735
65910368 203 67326035
66022347 170 67332278
66147304 667 67345638
66192603 887 67400379
66206922 294 67414200
66358108 734 67630038
66391049 971 67757476
66415488 278 67772024
66729924 61 67806422
66833954 256 67955300
67009476 9 68092280
67152062 933 68132069
67314223 680 68192926
67328688 393 68256058
67791780 363 68263915
68100437 843 68380313
68110626 392 68447144
68593357 718 68593357
68616767 518 68639362
68677089 394 68740063
68942367 647 68942367
68942924 773 68942924
69014492 283 69014492
69280651 147 69280651
69340825 992 69340825
69432527 869 69432527
69479079 619 69479079
69504084 997 69504084
69847767 789 69847767
69866251 332 69866251
69942546 783 69942546
69975128 673 69975128
70255977 861 70255977
70288175 266 70288175
70382324 257 70382324
70406482 908 70406482
70473848 772 70473848
70583792 856 70583792
70660230 453 70660230
71193524 622 71193524
71270671 989 71270671
71520450 211 71520450
71701537 808 71701537
72109843 714 72109843
72142460 541 72142460
72290411 550 72290411
72438790 41 72438790
72590935 390 72590935
72738450 249 72738450
72762906 749 72762906
72811578 429 72811578
72936785 877 72936785
73006606 680 73006606
73018748 364 73018748
73201830 55 73201830
73244865 677 73244865
73354628 244 73354628
73396448 234 73396448
73725282 710 73725282
73771474 197 73771474
73853823 428 73853823
73863576 458 73863576
73892884 29 73892884
74162203 10 74162203
74170184 909 74170184
74396958 542 74396958
74445174 997 74445174
74460177 550 74460177
74489789 403 74489789
74601712 675 74601712
74657452 110 74657452
74745841 110 74745841
74950873 971 74950873
75047849 197 75047849
75084632 67 75084632
75139554 936 75139554
75182883 584 75182883
75673948 907 75673948
75704968 610 75704968
75752596 593 75752596
75796096 961 75796096
75806510 726 75806510
75881192 609 75881192
75904371 384 75904371
76110988 974 76110988
76148104 104 76148104
76248592 524 76248592
76254533 459 76254533
76283232 35 76283232
76396874 232 76396874
76681398 523 76681398
76800132 642 76800132
76802198 57 76802198
76815356 493 76815356
76965317 504 76965317
77027391 522 77027391
77359738 913 77359738
77421622 892 77421622
77570077 398 77570077
77582267 472 77582267
77726700 634 77726700
77836612 577 77836612
77891670 20 77891670
77927050 772 77927050
78064184 540 78064184
78128889 945 78128889
78167697 720 78167697
78262287 279 78262287
78296976 19 78296976
78660965 919 78660965
78760991 985 78760991
78815020 738 78815020
78882110 204 78882110
79047986 996 79047986
79065207 981 79065207
79071692 683 79071692
79118662 49 79118662
79164998 42 79164998
79269595 904 79269595
79424482 278 79424482
79614967 786 79614967
79733779 495 79733779
79758287 715 79758287
79816567 879 79816567
79940992 928 79940992
79986006 258 79986006
80207105 243 80207105
80243435 363 80243435
80301965 966 80301965
80347283 77 80347283
80367931 525 80367931
80573180 206 80573180
80752909 273 80752909
80771159 839 80771159
80880899 826 80880899
80887428 596 80887428
81064856 998 81064856
81171158 830 81171158
81218064 629 81218064
81455785 508 81455785
81576074 811 81576074
81594473 572 81594473
81625751 912 81625751
81653714 732 81653714
81666025 407 81666025
81757663 572 81757663
81775284 594 81775284
81819569 96 81819569
81956259 547 81956259
82078742 405 82078742
82141439 519 82141439
82171692 475 82171692
82269088 83 82269088
82284071 649 82284071
82299045 362 82299045
82722949 55 82722949
82779208 43 82779208
82938585 15 82938585
83058602 954 83058602
83066642 772 83066642
83256087 397 83256087
83389210 456 83389210
83528424 78 83528424
83545573 806 83545573
83710944 2 83710944
83743895 637 83743895
83796522 271 83796522
83804681 282 83804681
83876168 225 83876168
84008065 898 84008065
84017602 946 84017602
84024489 213 84024489
84307467 434 84307467
84404163 360 84404163
84431975 798 84431975
84530293 819 84530293
84537426 84 84537426
85068322 877 85068322
85266970 694 85266970
85703102 339 85703102
85777729 238 85777729
85796575 263 85796575
85829287 570 85829287
86085266 918 86085266
86112708 23 86112708
86127889 734 86127889
86181347 484 86181347
86346344 679 86346344
86368072 137 86368072
86383002 289 86383002
86412867 420 86412867
86537495 32 86537495
86605727 344 86605727
86636449 296 86636449
86784935 707 86784935
86785718 48 86785718
87036932 210 87036932
87162950 986 87162950
87171591 185 87171591
87453682 699 87453682
87518674 85 87518674
87559933 422 87559933
87697601 783 87697601
87719974 823 87719974
88221565 988 88221565
88226517 720 88226517
88365839 333 88365839
88377626 863 88377626
88416227 926 88416227
88453013 820 88453013
88457615 597 88457615
88508548 716 88508548
88544656 748 88544656
88556647 245 88556647
88605921 264 88605921
88615368 830 88615368
88669937 610 88669937
88704974 767 88704974
88734394 31 88734394
88777609 292 88777609
88851233 861 88851233
88854108 881 88854108
88916356 308 88916356
89096075 32 89096075
89138941 304 89138941
89163674 26 89163674
89199869 100 89199869
89254517 122 89254517
89284664 9 89284664
89298328 359 89298328
89300134 926 89300134
89354367 282 89354367
89582384 394 89582384
89654583 25 89654583
89769525 35 89769525
89926058 660 89926058
90060135 2 90060135
90157168 611 90157168
90489174 51 90489174
90523234 42 90523234
90569443 563 90569443
90575405 173 90575405
90586065 550 90586065
90644368 203 90644368
90866466 329 90866466
91051047 289 91051047
91065659 403 91065659
91178017 62 91178017
91261349 433 91261349
91432672 286 91630636
91604805 485 91970367
91642037 41 92094707
91729883 299 92131731
91756532 545 92199380
92054213 556 92288194
92245808 787 92320005
92245856 102 92387621
92275806 36 92460330
92625943 835 92625943
92642722 650 92940282
92666899 55 93072389
92791432 201 93170187
92817026 632 93179766
92863007 946 93392072
92883378 322 93424155
92914699 641 93512162
93031367 231 93597614
93314136 406 93635000
93361421 209 93671383
93376411 734 93720226
93421337 771 93964128
93429836 632 94036227
93702982 339 94135829
93731856 519 94158720
93779854 722 94234548
93897565 372 94376372
93922420 59 94504839
93942104 514 94526249
94476004 21 94612392
94767681 503 94767681
94878870 310 94878870
94879296 618 94879296
95076466 945 95076466
95186684 959 95186684
95411515 42 95411515
95413957 506 95413957
95546940 444 95546940
95561159 866 95561159
95648652 59 95665293
95718834 311 95744614
95739844 204 95782763
95816494 729 95862912
95904561 293 96138815
95926349 257 96351911
95999177 724 96641588
96036956 858 96652932
96091537 514 96857953
96282663 490 96861534
96324559 480 96864461
96384556 790 96953930
96522537 920 97012976
96554669 598 97074610
96714195 827 97157052
96721613 975 97359563
96984810 428 97580933
96997629 487 97669184
97135722 450 97712468
97408141 425 97727509
97459057 7 97762764
97616023 431 97874851
97686945 909 97878759
97899783 192 97903308
97931411 836 98748268
98186434 401 98844458
98202436 484 99007535
98654514 250 99037031
98722988 907 99164120
98835011 407 99196751
98964100 400 99209709
99217336 660 99311059
99219070 185 99389944
99325130 245 99491617
99405054 808 99503214
99621698 303 99652465
99720508 823 99726108
99830364 468 99830364
99838752 773 99838752
99857743 411 99892106
