1000 999
461 986 560
727 529 734
808 263 642
232 979 934
202 308 118
442 312 830
869 661 967
716 436 425
442 579 418
431 228 858
224 697 371
230 773 7
981 470 387
910 671 329
37 637 753
636 32 585
262 384 782
902 221 741
163 14 754
281 240 577
633 259 527
979 125 871
152 450 528
589 391 547
778 626 70
471 960 178
526 674 87
855 411 285
420 707 449
430 729 559
722 996 582
92 132 821
659 434 12
79 865 894
825 246 695
369 788 312
466 854 96
674 515 676
882 366 342
531 880 951
341 418 287
972 523 997
11 480 81
743 673 720
625 14 671
467 690 768
288 843 10
827 562 884
66 747 113
493 747 289
984 782 546
214 272 2
664 142 384
390 728 591
845 891 452
875 310 305
639 123 107
171 174 394
811 579 327
542 485 272
852 60 995
123 19 404
137 170 88
853 461 813
117 88 101
871 74 258
949 41 867
683 398 175
504 980 197
932 795 280
737 927 125
463 763 149
748 318 893
940 342 219
5 87 24
230 990 47
995 28 359
910 806 375
419 715 278
684 840 794
497 408 49
144 589 748
413 694 901
946 704 276
230 362 815
672 55 271
777 954 211
788 441 62
673 753 932
858 386 695
579 31 101
47 198 298
179 797 974
84 930 135
67 597 997
273 467 176
218 521 644
971 343 24
762 689 566
775 613 949
430 416 145
582 14 196
755 33 307
109 890 703
821 938 807
510 754 358
489 646 695
633 510 376
620 469 523
203 732 123
82 915 341
68 663 38
937 968 673
166 96 769
12 481 230
319 830 994
272 22 9
817 417 503
667 460 189
171 984 347
149 910 69
778 314 39
223 373 545
295 380 449
270 768 935
591 985 485
9 375 870
957 871 299
525 893 249
85 734 921
516 940 736
832 544 246
18 228 297
897 235 286
877 986 553
452 632 147
575 552 422
444 133 551
655 211 656
447 934 827
441 988 865
539 74 423
195 489 897
697 34 697
627 79 355
56 914 473
851 643 651
781 759 789
837 207 285
532 912 781
39 570 134
340 898 643
562 927 313
484 267 428
438 812 131
288 943 667
730 539 512
144 201 202
387 110 101
339 871 169
849 208 232
587 423 116
981 1 263
485 78 215
246 853 992
255 18 602
682 87 923
294 50 441
896 759 937
413 816 390
31 958 579
448 278 15
881 740 114
913 685 966
313 642 84
942 121 623
4 230 66
908 139 105
297 628 911
552 134 966
599 615 691
999 56 109
440 259 956
879 723 523
444 105 391
296 441 497
762 608 159
255 695 983
906 428 712
42 100 756
349 198 532
685 658 601
554 276 953
422 741 125
36 406 240
107 972 64
679 793 851
420 920 686
666 86 250
803 669 969
923 879 931
137 89 671
964 687 94
425 773 470
598 801 434
535 960 329
885 817 382
663 958 178
14 909 334
575 980 485
299 595 266
131 155 54
557 167 318
919 879 267
747 2 990
266 641 194
351 665 149
860 8 398
48 138 652
976 825 820
151 98 548
922 279 402
300 27 702
708 925 588
589 750 979
94 104 84
770 408 702
236 670 490
287 944 991
721 35 325
159 812 607
20 24 536
284 544 767
887 907 826
371 233 582
146 915 243
824 563 296
290 177 722
541 539 57
653 761 653
677 658 425
426 350 514
578 269 970
886 793 478
870 553 548
590 588 663
705 403 901
40 824 822
789 31 841
289 585 133
782 570 715
76 993 895
667 509 515
380 294 506
262 415 120
821 838 879
59 948 752
178 308 179
105 432 270
799 540 483
243 261 940
669 123 603
794 888 48
404 912 868
548 372 21
495 306 147
917 941 142
1000 462 421
464 175 710
836 914 663
148 432 989
881 89 788
648 804 366
857 693 140
265 870 973
81 857 863
659 162 338
606 929 742
956 6 573
731 530 4
872 568 765
559 551 310
608 312 344
534 558 471
833 904 129
800 854 353
58 328 52
764 194 684
448 527 486
505 90 697
368 347 143
244 364 796
466 732 982
600 685 882
764 712 336
993 654 969
249 219 836
880 864 775
335 297 376
561 974 621
154 234 294
901 184 312
517 983 602
220 461 941
454 662 818
85 116 915
343 251 879
752 176 125
242 847 809
634 257 11
1000 787 607
546 345 885
785 399 178
320 883 14
846 653 442
719 630 570
35 778 37
200 708 803
694 719 205
335 692 81
286 544 26
226 638 194
992 895 778
785 206 846
644 497 729
185 232 528
956 824 571
118 452 863
290 869 468
736 152 862
3 567 479
148 867 623
426 944 505
303 670 225
724 882 168
462 603 503
417 478 473
811 766 180
68 459 964
396 249 604
257 536 389
823 554 844
17 471 267
269 768 818
908 693 912
928 420 830
826 381 688
756 241 650
870 108 806
397 479 546
389 326 812
978 543 272
776 69 288
531 57 295
822 921 575
345 285 265
518 538 252
315 474 365
722 172 723
989 650 970
552 823 30
408 809 685
930 148 707
688 988 831
428 412 212
890 625 263
478 397 52
299 334 741
161 415 349
577 119 231
14 564 836
507 758 794
665 865 712
678 176 349
992 751 187
809 111 698
580 877 797
717 325 775
586 354 350
96 925 192
103 830 296
195 581 283
529 936 212
249 844 894
28 451 961
480 374 416
603 409 104
207 525 164
296 861 56
792 889 240
647 198 249
894 792 710
726 543 117
430 329 356
121 382 336
592 666 864
42 867 190
556 767 76
665 681 42
393 375 232
410 193 48
187 528 363
480 502 959
678 619 725
615 522 243
164 622 401
969 670 707
583 718 51
919 81 553
688 869 152
101 494 783
19 684 174
214 813 536
784 917 808
497 44 860
238 802 951
91 47 852
940 201 508
291 799 494
140 23 541
394 99 793
634 1 963
683 604 148
507 512 415
158 131 529
149 683 829
384 127 430
297 355 335
644 841 985
937 93 603
744 872 515
314 546 826
457 763 679
126 160 225
876 636 242
466 292 133
54 826 682
978 993 165
140 866 764
780 591 182
332 232 80
280 595 0
532 964 631
130 306 175
877 569 482
913 447 704
641 804 906
577 964 606
669 722 515
951 338 221
491 690 100
732 640 871
426 396 762
526 222 508
322 578 935
522 948 944
198 675 670
941 167 274
782 476 812
930 187 296
112 176 699
51 388 294
702 24 983
419 814 575
536 791 43
497 87 876
368 304 150
855 602 402
545 3 993
870 239 234
121 521 511
265 574 539
683 875 759
288 501 482
509 434 332
720 344 447
372 610 306
479 953 390
334 874 687
817 711 736
511 504 945
926 548 36
461 952 963
490 743 444
8 270 999
31 234 724
504 788 93
156 318 534
21 790 979
798 492 236
436 447 863
620 217 385
445 772 437
21 170 764
516 630 690
420 901 184
336 302 913
254 680 725
588 153 652
933 325 277
385 679 433
652 383 276
199 610 337
379 805 734
535 762 214
27 322 902
543 272 257
451 648 574
933 327 502
746 618 544
59 210 933
330 367 304
302 748 248
916 656 408
517 900 492
720 906 259
830 864 313
947 611 699
911 403 457
396 216 564
12 460 365
251 714 173
842 80 183
645 710 859
289 215 749
10 107 869
525 884 668
613 515 795
985 570 657
49 293 810
437 296 65
545 196 541
124 989 380
53 643 455
652 488 256
798 179 889
388 759 750
524 209 367
566 745 900
518 481 244
48 401 942
803 350 17
65 162 114
183 520 422
569 57 27
681 157 747
792 649 245
945 508 642
551 667 328
930 959 637
308 26 180
846 429 653
472 569 200
151 245 48
242 354 749
394 458 88
894 966 871
168 384 192
608 190 715
158 272 63
219 264 641
627 120 69
767 115 804
471 945 831
358 191 831
878 904 435
49 771 722
284 85 827
904 313 434
519 378 882
773 39 702
144 739 805
731 646 707
785 405 393
757 958 737
495 572 397
409 612 781
421 1 502
349 864 578
594 101 32
666 998 543
75 633 459
392 948 71
484 816 548
519 952 463
709 728 925
362 954 130
32 601 530
282 673 569
704 503 153
25 868 101
458 576 277
168 377 87
810 864 892
253 544 590
969 13 656
30 24 123
439 138 348
799 178 603
794 831 429
343 676 68
402 226 361
889 133 60
141 760 232
36 343 220
712 565 705
696 189 209
605 964 431
732 29 296
227 644 929
815 151 972
587 328 744
195 380 411
269 231 653
505 710 756
361 518 621
982 769 792
741 743 914
397 920 356
464 169 571
847 704 600
196 924 353
999 995 133
572 408 951
710 818 68
310 635 445
699 569 266
318 436 433
844 884 549
398 594 509
997 90 577
642 420 917
668 513 747
850 114 428
208 85 326
113 91 140
500 156 488
332 850 227
592 15 983
815 379 794
250 150 61
78 949 726
674 976 47
114 383 397
203 737 544
786 436 230
511 135 40
253 279 307
373 899 139
892 595 715
883 948 166
984 180 850
443 827 735
197 314 405
604 836 385
98 209 229
951 412 404
232 182 771
769 529 253
702 311 544
960 457 773
624 284 347
818 160 702
621 561 64
931 301 32
348 718 943
152 857 357
340 369 377
134 673 815
615 828 878
205 907 379
372 409 326
547 995 198
77 321 566
499 53 603
879 961 506
340 696 434
45 482 555
419 326 493
696 492 315
126 942 391
395 237 962
611 275 576
485 706 762
691 32 294
486 815 12
410 9 372
962 112 591
173 600 716
516 358 547
478 774 845
233 237 731
539 83 918
373 167 728
991 190 981
377 756 914
657 569 857
182 108 729
323 429 202
79 520 464
604 327 650
118 943 111
907 866 687
364 497 927
686 72 675
159 333 236
90 128 475
313 820 323
218 761 760
627 918 793
290 448 866
614 242 260
902 277 475
943 762 193
666 651 731
143 622 258
341 424 434
920 254 598
236 796 988
916 959 320
754 352 726
590 111 97
618 698 517
809 108 932
650 602 186
252 494 118
729 714 602
521 255 230
539 283 958
424 724 615
623 376 256
905 767 138
109 145 577
55 16 261
792 231 601
133 204 781
931 49 469
610 975 512
545 229 160
864 404 320
458 703 476
477 894 17
573 946 929
165 798 339
426 537 922
263 907 240
2 256 890
923 61 830
551 248 756
495 725 352
946 893 800
698 438 527
79 975 697
453 884 541
566 261 488
263 366 258
584 499 855
298 863 754
859 230 30
337 332 518
479 343 531
890 10 214
895 117 689
192 963 799
970 508 174
277 479 341
106 891 591
576 686 530
330 242 38
990 702 800
598 75 666
849 43 213
62 549 873
299 760 723
496 981 257
517 852 985
973 715 268
905 370 164
181 550 692
950 257 840
483 247 531
764 313 554
684 92 559
260 314 851
313 104 526
623 273 89
603 749 38
754 979 795
550 523 379
96 779 735
9 897 509
344 848 243
903 652 460
783 604 700
358 974 190
566 644 688
391 403 499
867 938 525
71 631 572
412 900 931
234 449 905
715 127 171
182 202 591
597 407 541
260 129 365
728 428 283
863 215 363
315 56 451
348 147 640
466 317 719
192 379 486
202 209 45
569 292 434
334 939 714
71 617 349
359 763 590
354 400 486
46 324 10
581 858 752
181 73 715
446 191 997
55 738 605
360 747 92
664 921 741
235 560 19
314 863 458
711 225 166
365 167 795
491 339 134
93 363 458
621 410 323
186 350 821
936 307 421
276 117 994
835 117 373
112 819 442
935 570 910
175 631 393
52 497 534
406 309 152
984 831 457
736 262 469
214 60 191
735 28 886
256 432 443
454 884 179
407 904 625
174 977 140
675 965 510
920 33 122
246 929 992
771 498 749
381 238 755
495 568 821
378 146 53
532 650 570
531 348 665
354 655 919
135 949 419
662 523 908
807 229 281
514 11 412
499 253 495
911 555 551
191 533 13
834 573 128
780 64 65
921 574 919
86 684 147
814 730 156
112 149 126
240 641 324
606 305 29
475 768 842
99 950 66
650 297 789
562 607 606
150 513 204
520 778 147
784 969 842
106 840 922
924 170 239
353 103 540
550 697 658
638 258 831
868 579 987
752 956 804
324 102 173
617 265 125
32 435 323
247 172 983
306 357 582
46 830 231
967 231 295
122 316 590
491 331 938
188 530 825
328 307 867
486 862 832
692 80 320
540 274 185
158 800 51
482 905 879
940 765 50
758 162 871
498 412 43
227 203 994
986 58 657
382 95 199
237 125 960
508 618 63
571 917 562
50 819 674
260 174 986
68 356 849
258 759 386
930 221 768
173 876 936
573 829 62
499 717 391
136 593 201
361 131 9
433 10 250
791 742 229
413 823 373
1000 368 269
545 468 892
629 254 67
11 38 926
232 268 791
110 837 861
497 886 652
445 40 473
212 990 315
138 570 174
154 502 975
348 70 579
549 164 746
796 463 720
733 638 772
179 873 837
277 280 244
271 405 357
456 796 722
63 305 804
534 583 278
330 677 36
700 495 275
522 420 400
961 271 289
168 596 300
706 414 310
148 45 162
713 737 739
313 978 480
657 97 595
48 263 910
458 448 374
227 593 761
455 106 690
180 16 27
506 677 904
693 465 489
801 567 437
955 436 863
757 208 422
609 516 943
989 473 538
570 587 852
701 117 136
367 670 253
925 637 918
445 795 255
122 15 778
112 896 660
667 7 868
399 616 135
385 660 930
908 968 85
484 620 650
213 616 373
628 160 680
898 121 247
447 609 325
164 22 144
926 69 951
490 487 802
477 150 444
947 174 11
159 826 230
501 96 177
839 24 641
987 662 237
994 548 228
184 690 753
77 253 823
863 427 947
856 862 429
341 346 20
1000
83991 719 83991
108468 668 108468
110960 768 110960
156193 20 156193
196460 150 196460
240477 510 240477
255481 102 255481
305301 221 305301
365592 865 365592
422515 850 422515
456368 561 456368
461819 631 480047
540670 324 540670
647950 298 647950
651207 245 651207
657659 405 657659
850459 997 850459
864017 510 864017
882809 757 882809
980839 331 980839
1073078 464 1073078
1074093 766 1074093
1256892 484 1256892
1348666 371 1348666
1415155 706 1415155
1432540 204 1432540
1444428 955 1444428
1478357 987 1478357
1541227 552 1541227
1544996 828 1544996
1562372 792 1562372
1634518 174 1634518
1653119 584 1742761
1730537 654 1880215
1767751 532 1959799
1979841 997 1989045
1994960 378 2079082
1997914 511 2140849
2027453 477 2148705
2051879 958 2159697
2066500 731 2260743
2083246 399 2369472
2098055 494 2404104
2101666 536 2410295
2262752 569 2485274
2287301 608 2513787
2298341 969 2531751
2308770 689 2561420
2327285 433 2648748
2555374 446 2663127
2567994 64 2666945
2569466 301 2694581
2609021 524 2697320
2719958 122 2719958
2720105 917 2772360
2736752 801 2776691
2794882 77 2798409
2796189 654 2812824
2818620 312 2858061
2854268 710 2924167
2856850 628 2932903
2896658 181 2962668
2950851 785 3034096
2985553 322 3170230
2994231 181 3311954
3000835 937 3320842
3032097 661 3378338
3099848 748 3443582
3128900 111 3447507
3143699 582 3467263
3170267 327 3527974
3173542 616 3619790
3234013 564 3651213
3256628 447 3654228
3298186 132 3683192
3308829 79 3690013
3384679 89 3699593
3432193 552 3710605
3485796 182 3806446
3494863 954 3882368
3515456 776 3914679
3531879 747 3956389
3540347 720 3966135
3584268 779 4012376
3672384 799 4077271
3735666 683 4093304
3757219 705 4103507
3783232 408 4116740
3819609 702 4147225
3862945 519 4178930
3886274 289 4224797
3915681 367 4245454
4001040 985 4328647
4148239 765 4484556
4219535 481 4574920
4366349 880 4634654
4496912 232 4656543
4537971 34 4663054
4552171 314 4730662
4612906 311 4734376
4668528 198 4745571
4671986 311 4770171
4802266 895 4949800
4885273 480 4996452
4974744 276 5010557
4986800 786 5183440
5120883 753 5203287
5148636 39 5219471
5201849 862 5232740
5334200 615 5334200
5345796 117 5345796
5350532 794 5350532
5606802 904 5606802
5680209 761 5680209
5683197 824 5683197
5688854 750 5688854
5692959 918 5692959
5765292 766 5765292
5798724 62 5798724
5802041 850 5802041
5860057 342 5860057
5860859 978 5860859
5907221 933 5907221
5930334 403 5930334
5986436 674 5986436
5992076 760 5992076
6026583 144 6026583
6063877 349 6063877
6088140 918 6088140
6153399 933 6153399
6199916 734 6199916
6204189 377 6204189
6341312 157 6341312
6381868 196 6381868
6426821 177 6426821
6427185 283 6427185
6587427 609 6587427
6708861 577 6708861
6798569 679 6798569
6833244 937 6833244
6833432 405 6833432
6881178 351 6881178
6905292 684 6905292
6937838 917 6937838
7027410 93 7027410
7064172 122 7064172
7087497 254 7087497
7132586 769 7132586
7183537 915 7183537
7203174 102 7203174
7206904 222 7206904
7227594 724 7227594
7241654 123 7241654
7261210 13 7261210
7266575 907 7266575
7276783 520 7293624
7277040 644 7306273
7363735 845 7465639
7391116 318 7507956
7422342 172 7536692
7423910 392 7597089
7538636 450 7648389
7633134 522 7670667
7724150 981 7867461
7726882 773 7903533
7796856 490 7914709
7853492 519 7962575
7947076 108 8054926
8016976 394 8067176
8036417 738 8199766
8122075 965 8210411
8187059 599 8269115
8211827 420 8318522
8268480 157 8359698
8284883 779 8417029
8327231 191 8447277
8345320 106 8459839
8348383 950 8548355
8405586 979 8559992
8418401 681 8577149
8566808 419 8614506
8568967 371 8675156
8605553 487 8799714
8620371 689 8800299
8657255 521 8824032
8698124 460 8881699
8764862 530 8957120
8770163 28 8966010
8830275 749 9028943
8836306 713 9139243
8841877 158 9182221
8932455 708 9197051
9089549 365 9277603
9192887 730 9365688
9363908 326 9383867
9468674 166 9468674
9529439 116 9529439
9704492 577 9704492
9916778 519 9916778
9984688 823 9984688
9996412 281 9996412
10019808 535 10019808
10045751 180 10045751
10202448 552 10202448
10225145 219 10225145
10255493 442 10255493
10260682 515 10260682
10343921 440 10343921
10385753 481 10385753
10448757 136 10448757
10510397 782 10510397
10511892 722 10511892
10524624 603 10524624
10578050 195 10578050
10600666 485 10600666
10602979 548 10602979
10628682 821 10628682
10668126 226 10668126
10701517 245 10701517
10751741 313 10751741
10803826 468 10803826
10862604 89 10862604
10867771 773 10867771
10877496 518 10877496
11039754 921 11039754
11082926 893 11082926
11196389 482 11196389
11229988 662 11229988
11254957 258 11254957
11400210 67 11400210
11402302 375 11402302
11423649 907 11423649
11438665 553 11438665
11483810 886 11483810
11543881 576 11543881
11607016 556 11607016
11633191 687 11633191
11644464 855 11644464
11764704 912 11764704
11783490 972 11783490
11872063 242 11872063
11878509 999 11878509
11900449 202 11900449
11941308 304 11941308
12104162 422 12104162
12192080 437 12192080
12232843 469 12232843
12319896 226 12319896
12365413 436 12365413
12375360 303 12375360
12445212 227 12445212
12453150 939 12453150
12469047 161 12469047
12499284 422 12499284
12548374 805 12548374
12557319 964 12557319
12579194 81 12579194
12632832 774 12632832
12736927 296 12736927
12761990 181 12761990
12864546 53 12864546
12866019 571 12866019
12930339 626 12930339
12985815 50 12985815
13079190 63 13079190
13086136 657 13086136
13153373 527 13518860
13201013 403 13543794
13221310 428 13558380
13332892 152 13649667
13357876 642 13668802
13392757 911 13686341
13444831 772 13704343
13470227 742 13713284
13576574 715 13760600
13604824 763 13834291
13644486 54 13882782
13669146 142 13909302
13672617 786 13940564
13684848 751 13975998
13691072 335 13991193
13861972 539 14025468
13939964 567 14036363
13974096 384 14107837
14032145 282 14116476
14056881 221 14116952
14061866 853 14117993
14071477 534 14149616
14112917 713 14179809
14142135 831 14255844
14170676 701 14474152
14177134 375 14477859
14189461 926 14496818
14256701 697 14519385
14267124 686 14525525
14282692 120 14559435
14368099 964 14713616
14420970 831 14766012
14439852 180 14781027
14521136 369 14784890
14587074 503 14883232
14617049 62 14977846
14645691 453 14980443
14663893 278 14999042
14666876 135 15017427
14688694 683 15087090
14775997 60 15173951
14800897 926 15243305
14864029 854 15291955
14892764 645 15367453
14995143 863 15517663
15103531 531 15735669
15126998 542 15776533
15131943 448 15884488
15153587 232 15927800
15208268 155 15946756
15248467 684 15955461
15252980 65 16048837
15298908 877 16055127
15305726 846 16081291
15364361 190 16150477
15366897 344 16171548
15367633 32 16194957
15456094 159 16240628
15499313 451 16394058
15528824 109 16399345
15674281 758 16459658
15752108 873 16462340
15757512 121 16542362
15868214 540 16587490
15932930 575 16672454
15952201 547 16680375
15953485 708 16778536
15994994 161 16806589
16040647 529 16811108
16120669 959 16870648
16122401 182 16910831
16155054 893 16917232
16193404 940 16979962
16259290 738 17036697
16376135 377 17040432
16450611 919 17066858
16594499 83 17127155
16655345 787 17240534
16757709 554 17265468
16760757 11 17362441
16781747 462 17375760
16834923 199 17467862
16872405 176 17502778
16928420 790 17526183
16945606 82 17610163
16963242 258 17709255
17011990 450 17767096
17039622 44 17787544
17096644 34 17802112
17098547 674 17884695
17299705 978 17931483
17341394 477 17935824
17395254 795 17949090
17399279 625 18002004
17432041 50 18417438
17518237 190 18446623
17648426 236 18490629
17666625 501 18685058
17719972 174 18702134
17864466 970 18851681
17890499 93 18912651
17892137 275 18920800
17896196 848 18985276
17922712 239 19024208
17999151 448 19034426
18007235 551 19059104
18028660 802 19249621
18042177 836 19252423
18175834 951 19252857
18190229 917 19383081
18246100 356 19402962
18289778 122 19418309
18314790 536 19492817
18338173 274 19503007
18414503 195 19524231
18559818 270 19574299
18561516 465 19595060
18606080 492 19676090
18617740 414 19741625
18617894 205 19806593
18643756 64 19850383
18755892 953 19858771
18760161 230 19895415
18852774 320 19966008
18958060 563 19967832
18992473 225 19978425
19016486 758 20029750
19053478 188 20041958
19054884 949 20054712
19101132 419 20092658
19128014 382 20113115
19136845 133 20113832
19145104 426 20117065
19160127 366 20161026
19200642 103 20178549
19233481 864 20182800
19331803 694 20193056
19483106 496 20203732
19493212 128 20256443
19527411 743 20256904
19534310 816 20286112
19539370 851 20386391
19550419 35 20413069
19569860 686 20440194
19597296 781 20440782
19695147 227 20489387
19715095 396 20547451
19755949 936 20598596
19779395 268 20600109
19885071 912 20620683
19909976 793 20635768
19940309 578 20683915
19960563 785 20688016
20034547 45 20780490
20081070 495 20797031
20197926 539 20806983
20239788 189 20812126
20251101 555 21035015
20266737 69 21104180
20404008 643 21156074
20487187 526 21156493
20546239 707 21294464
20630145 488 21336123
20646888 138 21661199
20775148 553 21665550
20781556 5 21702086
20833568 110 21803518
20927286 398 22069006
20953341 468 22090837
20962996 59 22129616
20973973 413 22153388
21073364 883 22373616
21098013 927 22471919
21145972 414 22514342
21204056 905 22557971
21214459 797 22634520
21224961 751 22634686
21418430 939 22679656
21469228 110 22745138
21584060 678 22832782
21623535 717 22850833
21625495 354 22876632
21657262 143 22879606
21696549 185 22891273
21710674 260 22895590
21754542 288 22933399
21769799 903 22964499
21786177 687 23033852
21809073 719 23070889
21860609 941 23096770
21914358 29 23115287
21994384 903 23146912
22014737 435 23201278
22017792 821 23201855
22038171 75 23319075
22043819 45 23381288
22110042 445 23466551
22123884 354 23612893
22142964 505 23652541
22231993 417 23665840
22266901 213 23678811
22382051 810 23762317
22389327 252 23764870
22395882 812 23826966
22441538 649 23862663
22467939 55 23892171
22489923 53 23949008
22581266 707 23955467
22668598 271 23974575
22680829 782 23995632
22816132 56 24007866
22893252 399 24015580
23006928 609 24092099
23062220 256 24137296
23108869 776 24156516
23125715 466 24161034
23164471 84 24217836
23184069 873 24313570
23267785 778 24358606
23289016 865 24377068
23331188 627 24384238
23354174 907 24395853
23481902 93 24450997
23491637 915 24497735
23515419 748 24524156
23570962 369 24695847
23681153 392 24709410
23681613 852 24861949
23685833 538 24865040
23686056 815 24868242
23696087 914 24873501
23809335 207 24897027
23810553 983 24947323
23821261 716 24996446
23945743 667 25033027
24095036 768 25045163
24108272 175 25125254
24219312 234 25133747
24307350 802 25228035
24309278 614 25251032
24341128 629 25272936
24502287 801 25299823
24521199 999 25323800
24537149 161 25324585
24564047 430 25341837
24698005 343 25351683
24701192 886 25467401
24721185 654 25504408
24876997 659 25530449
25054541 736 25532217
25081225 135 25602741
25114995 249 25625816
25130517 372 25644823
25155695 179 25664944
25182639 638 25711015
25256086 111 25775729
25423369 890 25833571
25447474 416 25857130
25497990 432 26044019
25505030 830 26179168
25678369 521 26246601
25725351 123 26358787
25751678 49 26359016
25810267 54 26434510
25815724 483 26447447
25827533 663 26513489
25831770 66 26520078
25879641 339 26529591
25919501 373 26580563
25973994 819 26614482
25994037 140 26618715
26077508 941 26660744
26115285 318 26684967
26157549 642 26720939
26304705 144 26743554
26337044 990 26797669
26357578 333 26808445
26417144 637 26810632
26511464 340 26905374
26526957 627 26912623
26612706 376 26957987
26622549 389 27164226
26697596 745 27197635
26709886 854 27261201
26712298 745 27324330
26729067 51 27329692
26840724 309 27362950
26875225 601 27422478
27010696 834 27546495
27025276 225 27570741
27185771 944 27574316
27188113 48 27590773
27209812 662 27703190
27292725 242 27715982
27416875 468 27749442
27450336 780 27756073
27533965 278 27849502
27540772 915 27859796
27557814 279 27886765
27699739 991 28066465
27741156 369 28085203
27843277 877 28103154
27892763 852 28109475
27909858 174 28251115
27920244 627 28417861
27959635 928 28422019
28009185 576 28440876
28017708 622 28454152
28122531 996 28468718
28132077 787 28531389
28233956 366 28560015
28236555 410 28573566
28242773 915 28748997
28253843 813 28771599
28334795 596 28878944
28452499 100 28919091
28476178 732 28924122
28575719 839 29003695
28583616 722 29026559
28618934 302 29033430
28627162 861 29061493
28640605 904 29063829
28681022 191 29140792
28681994 344 29145517
28755370 365 29197352
28777994 499 29256310
28780588 502 29278568
28942931 235 29522348
28956036 891 29545779
28966908 45 29608186
28970794 839 29650828
29044393 880 29727324
29059358 830 29736077
29073191 438 29745195
29106998 412 29786018
29215793 548 29883498
29241592 268 29892377
29282903 725 29899120
29353794 508 29904128
29444902 990 29912123
29485384 951 29933318
29506271 292 29982085
29507724 295 29993867
29577034 809 29993883
29702784 512 30045258
29762800 379 30133970
29773373 682 30140360
29826189 81 30216822
29847022 99 30269114
29960783 988 30355959
29976825 898 30516192
30014908 951 30663638
30048352 834 30707799
30065311 559 30759164
30100365 53 30887948
30122689 404 30932005
30185191 775 30943292
30210475 175 30948777
30519165 730 30951059
30575311 940 30960396
30586664 988 31073396
30587738 672 31086888
30598257 314 31117890
30611414 48 31149961
30651966 800 31178327
30683494 198 31262043
30752222 149 31294549
30815055 76 31299199
30933089 275 31303872
30959258 882 31338623
30969151 548 31342468
31011843 743 31342778
31063290 944 31351753
31158283 823 31362833
31182132 777 31396107
31255148 995 31407264
31337489 880 31455861
31352876 189 31565218
31391992 863 31591128
31475555 299 31592045
31510254 453 31593405
31513724 485 31611954
31542325 736 31628612
31637343 724 31657880
31641786 66 31661951
31714481 577 31736908
31782099 785 31782099
31790710 360 31819480
31794098 571 31912328
31819119 228 31994308
31918289 603 32057536
31935186 169 32082345
31936130 822 32095851
31963572 544 32097359
32018862 495 32126277
32042361 856 32290165
32055438 623 32325711
32079261 428 32334943
32176712 242 32406950
32289780 673 32618231
32308753 573 32640815
32348954 718 32642074
32375368 188 32719708
32407769 330 32753857
32568308 867 32797737
32604916 511 32876045
32646629 781 32891493
32657222 801 32958484
32736973 981 33030058
32772217 391 33122240
32984146 144 33231300
33003666 602 33262754
33051836 356 33317882
33094316 242 33319124
33130232 581 33425470
33180207 203 33463101
33226431 565 33469846
33348019 373 33524785
33370739 704 33531354
33400404 765 33661107
33425104 667 33681748
33462691 338 33683368
33479490 284 33898283
33495626 221 33999152
33584879 688 34059188
33656099 711 34061306
33816211 35 34124195
33920155 106 34178592
34034651 420 34246417
34037190 646 34412635
34076383 402 34445722
34082027 680 34490351
34123751 102 34650396
34207723 631 34687885
34229318 984 34733718
34233390 650 34844054
34311128 652 34844874
34334737 54 34916926
34384302 899 34927620
34442906 247 35173013
34478332 883 35208702
34489798 705 35226882
34638847 723 35254336
34728331 249 35297340
34739186 434 35302620
34746030 449 35397064
34759447 469 35443506
34777401 930 35504283
34866290 592 35513973
34937252 600 35518699
34959666 49 35520000
34967572 574 35539835
35002667 530 35617116
35017206 9 35628324
35060473 23 35730476
35089645 830 35738231
35116268 939 35765495
35267059 599 35780323
35274720 281 35784589
35279296 420 35784937
35290274 475 35885955
35298929 521 35914784
35331949 870 36022901
35374632 996 36033715
35389209 855 36057391
35435899 526 36130213
35520290 109 36287480
35585906 592 36321044
35596904 253 36321764
35618709 390 36359332
35778578 499 36378964
35799373 120 36453059
35839572 841 36458458
35845042 532 36503690
35929432 882 36531128
35932848 23 36588943
35991068 170 36602606
36053565 802 36699530
36063702 465 36789540
36127863 738 36913369
36274545 576 36940325
36303282 828 37088005
36440050 727 37171680
36449848 964 37232760
36501401 129 37280372
36517725 685 37381013
36526412 504 37431743
36607439 438 37504948
36700849 634 37576212
36785280 346 37586898
36794876 482 37593121
36858136 399 37690425
36995291 425 37758076
37014002 389 37763918
37215143 261 37766336
37244223 393 37817919
37314657 687 37828197
37346194 481 37894534
37430690 235 37949941
37475867 127 37979052
37532741 971 38038049
37583457 248 38103770
37694266 837 38111750
37756613 201 38178790
37806700 683 38179025
37839128 431 38199083
37848413 812 38514962
37859576 136 38561816
37985709 958 38608053
38169552 296 38649358
38179639 735 38662328
38208711 907 38686320
38216656 615 38748234
38289964 237 38749724
38307840 260 38836412
38343626 784 38881556
38358001 700 38900226
38386630 674 38901694
38547731 960 38916346
38596608 703 38938306
38599705 802 38941183
38606628 174 39016455
38611646 908 39031260
38660539 212 39042193
38786852 171 39058438
38800389 205 39120841
38810848 131 39134538
38828634 928 39349009
38847017 704 39384788
38952188 558 39436296
38962817 209 39511812
39000449 143 39521346
39054068 668 39578847
39169320 979 39579224
39273255 149 39601254
39289346 666 39643561
39311323 94 39703510
39373199 425 39769597
39397265 770 39803206
39412222 332 39812285
39473149 929 39900936
39519306 997 39947753
39538669 109 40045893
39653364 484 40063823
39694548 549 40260872
39734049 104 40266823
39780856 146 40274438
39935468 161 40324822
39982376 818 40336333
40070585 778 40416771
40110105 858 40504476
40123139 374 40629698
40132156 259 40635306
40169044 298 40667956
40230856 665 40670597
40244480 739 40763426
40501591 744 40785071
40507077 715 40836478
40518513 967 40839886
40601166 580 40914478
40808284 843 41017267
40829296 983 41081563
40869343 231 41130306
40933413 241 41172988
40985887 148 41194971
40994225 418 41281544
41002830 404 41327627
41095919 673 41339476
41125189 298 41340150
41269138 393 41437517
41304670 747 41441959
41322051 230 41452787
41323991 108 41461505
41428628 910 41472567
41437118 787 41485119
41445106 430 41647304
41550344 449 41788759
41576283 686 41919134
41608088 209 41922609
41667589 867 41945149
41677366 431 41948215
41819953 389 42000096
41875571 856 42013414
41960798 274 42032549
41967414 940 42078224
41973355 100 42113854
42056083 480 42193362
42070614 667 42223803
42071300 893 42268650
42084282 952 42332300
42092600 723 42351026
42113506 585 42358974
42205013 447 42422794
42248249 578 42426717
42257646 102 42533068
42319041 726 42554972
42347506 92 42599026
42522567 581 42660089
42580120 92 42797954
42587556 388 42860320
42604810 12 42893076
42635514 222 42932939
42708444 341 42952687
42782625 363 43047199
42844864 922 43068450
42904226 37 43074600
43001638 652 43087676
43001745 196 43164897
43083631 708 43185676
43130609 67 43195953
43184790 328 43285899
43196931 420 43321940
43208192 27 43420186
43215892 727 43445022
43241003 135 43465041
43311233 144 43621736
43427743 503 43644586
43533667 561 43763090
43542979 859 43765164
43634976 518 43984679
43723503 644 44000360
43739333 8 44061153
43794056 860 44098004
43815011 826 44102002
43951888 367 44244976
44079845 495 44288619
44141436 863 44296579
44179785 554 44297484
44191309 23 44357126
44219052 898 44412629
44239714 889 44481882
44241873 440 44628756
44371909 714 44657553
44383081 559 44834062
44612021 441 44870869
44620206 688 44875568
44642689 800 44882974
44810075 884 44947652
44834315 962 44993467
44882262 917 45143699
44942166 561 45149337
45013529 839 45202296
45033757 521 45315775
45035685 737 45429999
45059099 903 45431849
45068158 475 45534165
45090244 973 45550140
45141497 612 45571634
45214297 970 45586176
45231244 683 45733433
45244703 399 45765760
45379358 751 45790631
45443644 433 45947255
45474491 984 45958036
45483803 752 45963816
45519829 200 46008512
45542061 277 46015814
45543841 379 46137923
45735371 520 46145526
45807666 136 46179512
45810401 670 46253121
45844790 328 46267545
45939055 814 46278773
45957316 207 46359398
46024520 419 46477786
46140971 823 46507929
46156940 290 46538133
46223376 221 46567271
46259629 971 46575142
46281200 903 46685246
46336142 291 46750495
46418447 998 46770989
46443793 895 46778676
46702829 57 46794949
46823091 747 46831767
46826444 724 46865164
46861454 756 46940082
46864751 950 46950338
46908238 878 46963280
46923255 540 47116486
47040618 490 47164687
47046091 686 47198903
47085276 775 47259072
47133547 897 47304401
47164030 846 47377571
47198164 773 47384721
47237639 930 47452926
47251116 571 47479268
47265413 112 47522773
47333699 535 47544391
47445719 253 47559855
47521261 748 47622550
47895683 547 47895683
47925971 519 47925971
47934907 968 47934907
47990658 517 47990658
48014217 557 48014217
48083830 540 48083830
48091020 825 48091020
48135367 353 48182105
48136418 83 48295444
48242061 142 48381806
48253704 800 48386727
48300545 441 48403022
48421890 953 48479377
48463727 106 48502858
48521997 950 48549783
48541821 327 48569152
48622542 685 48622542
48629490 631 48629490
48639231 137 48673294
48659171 938 48752284
48812953 591 48990656
48840910 201 49086973
48901719 505 49115080
48933153 680 49197991
49072952 322 49230246
49087144 930 49231706
49147131 821 49258210
49316543 969 49316543
49322499 862 49322499
49330361 841 49330361
49391466 66 49391466
49406256 650 49419593
49419057 480 49433357
49543138 673 49543138
49641627 874 49733673
49733906 87 49848760
49832296 64 49904155
49850144 290 49911488
49990986 972 49990986
49991715 690 49991715
49992551 850 49992551
49993054 9 49993054
