1000 999
833 565 80
902 301 551
831 985 828
125 513 788
115 877 285
459 264 233
263 708 477
366 889 687
904 797 861
389 977 769
416 957 167
251 579 353
676 726 767
35 26 719
970 601 239
266 323 85
301 917 657
540 25 839
164 132 406
367 878 387
813 55 837
254 739 978
574 729 237
342 589 913
941 817 472
18 892 101
695 709 915
795 363 252
283 11 49
914 797 624
190 147 575
510 882 916
700 119 74
894 995 725
401 344 494
72 697 659
692 271 688
379 505 456
739 109 70
739 557 960
186 750 464
70 469 165
346 589 123
655 57 461
830 862 848
479 194 667
274 389 574
703 644 985
685 821 207
570 120 251
201 986 746
551 472 316
686 333 111
461 163 803
154 560 410
964 161 119
699 136 122
288 711 789
623 135 39
492 178 380
36 341 615
993 79 91
674 691 247
740 596 283
5 660 290
608 155 133
849 652 864
248 393 531
601 785 655
86 744 408
567 971 992
343 748 54
105 45 155
874 906 36
192 850 438
408 52 16
78 127 72
949 188 533
599 972 70
152 559 722
869 377 185
207 482 869
712 279 666
31 907 93
886 271 494
898 171 199
518 689 354
319 182 576
863 563 157
344 868 949
657 343 289
998 312 852
590 223 227
925 179 912
910 755 749
158 14 780
571 881 944
799 738 413
701 339 737
248 506 17
840 366 445
891 136 156
451 847 497
677 778 196
43 781 230
527 176 689
360 699 609
547 64 154
413 172 850
81 43 56
475 853 265
753 522 668
753 628 495
577 842 932
950 812 98
317 137 775
277 362 19
227 999 146
954 55 358
998 171 286
625 596 458
921 409 509
921 253 251
417 241 745
668 159 45
897 281 667
109 796 629
580 97 191
982 112 234
4 670 502
936 991 742
981 471 865
673 515 535
628 549 264
570 323 159
683 291 11
978 872 676
620 686 120
901 460 900
272 847 910
766 11 473
127 249 444
803 331 905
3 397 63
755 984 520
767 889 436
208 125 409
472 298 398
663 438 515
809 625 923
606 688 39
316 1 111
534 605 957
820 949 417
282 577 341
622 18 626
12 783 722
459 552 707
422 384 639
864 954 530
393 308 800
121 820 462
828 588 858
921 17 611
377 536 494
190 58 334
616 12 83
573 561 0
832 77 341
83 93 8
451 311 66
428 806 288
768 718 476
387 144 432
218 827 100
100 988 359
4 745 371
810 280 403
141 978 958
516 380 162
356 780 701
756 820 433
212 674 76
261 280 641
786 831 627
56 879 498
27 828 953
338 412 88
124 799 903
149 803 397
538 576 306
658 631 307
425 719 785
703 454 25
630 116 503
501 857 452
184 209 648
523 80 319
893 931 731
983 514 584
924 279 274
53 614 213
286 963 833
20 272 982
711 990 384
233 344 902
531 398 624
584 716 460
293 734 871
465 725 387
18 29 536
537 866 312
573 447 261
409 464 469
893 632 237
325 562 973
437 337 145
962 348 949
965 299 944
492 418 493
297 958 436
939 610 596
581 867 273
653 786 621
776 110 324
449 679 201
99 807 290
533 576 152
641 511 822
11 996 862
273 570 75
225 90 657
557 93 929
278 755 872
380 150 665
502 747 454
614 979 117
467 499 267
213 268 713
605 612 188
15 682 845
537 937 345
930 835 658
209 652 268
102 411 416
167 720 642
282 156 617
74 488 801
349 434 429
505 466 189
150 485 950
819 122 133
252 16 791
151 417 68
918 814 721
462 513 910
773 230 503
348 697 362
919 39 449
850 155 655
482 761 448
631 82 541
330 858 212
419 669 407
200 201 260
338 741 854
716 204 95
728 90 941
665 97 832
829 465 240
296 995 971
563 794 348
310 450 472
400 257 67
594 243 250
439 398 284
926 789 538
71 638 434
165 163 371
721 270 679
760 738 197
579 770 527
139 154 284
361 785 869
328 48 736
881 595 203
477 840 885
580 45 30
406 862 472
216 576 65
82 836 688
714 968 648
398 285 459
864 416 732
778 741 133
553 838 883
228 162 402
171 87 573
471 738 322
281 100 850
810 85 766
542 932 308
611 117 677
122 51 130
536 834 372
73 559 45
698 802 799
177 802 850
456 882 368
40 758 458
295 354 327
595 705 833
911 407 463
95 640 825
307 25 995
841 495 797
815 103 26
206 992 307
770 649 265
540 210 324
583 535 676
960 923 345
736 300 26
604 126 789
525 450 554
219 829 119
512 927 864
209 997 812
680 213 201
697 926 314
715 190 61
708 735 819
766 667 307
222 376 998
568 579 147
408 617 483
532 445 359
491 708 333
923 908 652
913 565 647
247 916 862
495 686 688
258 382 982
826 158 144
577 815 845
866 881 1
153 248 845
97 347 669
235 538 86
68 160 910
269 262 253
983 994 538
992 561 507
849 546 149
833 827 850
584 519 389
619 279 294
48 521 76
231 320 57
895 165 941
455 282 801
854 520 100
670 495 153
597 527 396
881 707 995
318 829 957
594 34 715
535 645 607
999 37 0
926 524 438
60 922 683
245 99 892
817 150 335
851 378 415
906 386 11
948 9 46
681 597 839
586 613 15
680 425 963
3 871 100
418 565 759
644 98 338
811 627 803
854 45 707
523 855 182
131 615 332
297 561 868
534 553 877
678 915 473
787 654 536
64 475 722
539 316 763
300 339 493
280 346 599
275 982 179
466 771 699
902 744 155
575 330 963
907 460 733
550 830 147
88 427 688
866 212 16
575 267 164
271 207 680
661 625 553
603 795 471
202 70 916
359 748 354
393 758 444
250 312 120
142 581 653
962 111 95
651 4 511
173 346 364
812 44 111
242 361 79
912 962 644
936 634 303
542 315 418
933 223 158
547 489 691
521 136 924
61 400 671
543 593 592
518 812 317
925 935 332
500 237 544
956 268 270
847 517 474
893 967 99
105 121 606
159 893 118
332 563 132
40 602 504
619 643 56
22 209 725
739 641 161
473 210 884
286 418 687
140 21 286
146 433 781
657 851 918
509 842 741
709 191 753
422 928 893
799 243 567
775 530 509
269 712 198
599 627 716
468 456 233
506 220 208
274 7 123
106 496 201
435 566 15
734 598 517
730 655 211
754 913 78
185 101 70
496 28 146
861 919 760
424 810 230
971 609 524
947 542 928
381 356 400
912 332 779
844 187 638
763 400 521
555 604 396
398 230 807
484 204 59
722 42 985
43 41 928
151 195 96
522 244 6
508 195 305
621 839 755
607 633 715
399 276 42
534 353 466
172 588 534
352 850 434
840 714 113
642 386 358
554 436 491
688 964 24
107 153 92
239 943 670
654 521 332
468 490 401
437 51 656
347 613 366
415 251 358
517 762 368
91 50 496
976 654 234
728 873 320
929 914 892
498 677 603
952 869 173
335 322 842
582 158 18
113 525 389
529 690 525
606 821 610
801 733 135
472 642 854
503 740 43
926 215 274
241 787 360
769 373 870
868 239 410
848 468 839
579 540 282
777 741 842
443 647 84
367 902 775
880 686 199
663 618 861
146 888 498
442 327 497
549 301 250
643 766 558
886 170 139
961 202 192
6 291 38
361 286 332
421 783 532
732 363 186
761 233 361
236 577 168
124 21 349
33 64 70
549 404 440
446 358 198
106 657 819
791 147 327
358 128 182
198 152 408
373 771 998
247 429 906
860 892 502
818 948 651
609 846 851
914 850 838
895 969 377
102 364 126
605 116 267
295 846 999
355 833 268
859 664 514
385 929 703
84 94 914
703 980 824
593 697 729
170 362 420
948 844 824
332 939 475
575 751 280
587 302 119
646 821 174
518 487 448
593 203 88
193 889 491
420 488 211
541 185 404
171 987 156
942 250 115
493 984 487
737 357 461
231 427 580
577 133 151
198 32 424
432 507 24
169 646 342
943 46 755
866 800 207
100 423 331
72 96 686
730 965 753
129 587 395
7 852 954
555 71 776
89 134 852
289 860 446
19 297 223
215 822 411
353 16 314
662 269 19
371 265 571
662 205 12
165 573 80
247 934 276
249 389 796
832 227 598
572 26 55
404 660 298
446 151 683
929 884 45
645 948 725
248 484 706
513 466 187
331 512 94
629 651 488
402 991 853
376 431 48
876 765 233
199 167 510
528 447 313
763 791 913
371 981 396
355 448 162
350 656 146
626 459 547
675 213 864
733 660 64
570 237 358
90 53 704
9 689 678
25 215 312
451 878 697
104 692 776
671 856 874
498 698 904
788 145 138
679 718 977
640 979 517
826 172 776
529 677 293
336 17 575
513 806 40
637 702 581
759 857 106
862 554 724
805 214 63
65 655 607
437 50 811
989 719 344
24 845 3
224 386 786
449 960 108
330 879 503
90 832 448
76 16 619
678 342 272
726 554 762
373 388 12
253 650 291
424 648 650
246 35 540
601 929 785
808 217 629
975 694 245
880 348 603
310 585 81
945 801 609
349 238 960
24 907 812
191 715 446
326 911 675
848 443 128
717 22 786
60 682 823
656 907 661
217 167 963
874 180 49
439 743 155
764 783 457
138 310 552
495 157 180
119 483 629
514 523 741
236 23 725
290 710 217
252 410 394
905 986 915
211 327 10
837 625 336
78 583 79
788 829 596
83 581 868
415 201 899
918 748 104
244 635 260
850 354 942
547 666 289
576 757 402
375 816 447
455 432 343
990 453 747
953 355 761
564 413 821
30 479 636
504 554 930
783 537 708
63 246 93
128 755 315
605 562 504
228 562 350
792 112 470
722 331 886
19 316 458
55 517 756
482 431 570
463 867 349
402 898 189
874 769 776
319 677 962
123 832 705
960 765 690
853 181 740
566 602 904
287 559 920
916 799 985
742 478 780
228 672 349
159 975 784
175 704 221
890 88 837
905 843 483
653 300 673
334 999 886
259 367 516
874 560 431
38 752 339
108 280 714
925 751 902
96 572 97
185 723 403
190 454 781
294 343 188
173 292 849
8 492 167
531 114 905
13 592 977
452 275 977
890 29 10
469 400 209
129 419 150
137 115 745
356 966 206
17 859 185
391 3 468
374 685 801
183 881 492
384 372 744
590 696 493
975 995 432
661 453 63
525 118 505
306 905 233
920 821 762
887 189 816
575 772 992
283 944 562
824 333 997
701 708 532
66 702 662
861 680 202
415 514 600
373 544 137
187 742 275
34 345 800
870 423 112
736 671 979
804 472 482
789 757 834
414 270 286
346 805 547
889 321 830
494 112 455
91 641 742
21 66 340
690 411 499
284 799 595
555 784 141
226 666 775
304 715 606
368 911 118
272 441 208
731 264 623
221 135 217
639 685 963
998 5 877
215 385 393
196 29 400
798 194 153
158 59 372
229 8 960
607 985 351
658 375 962
74 19 511
197 559 127
981 277 218
740 502 422
2 495 13
696 313 76
954 548 159
165 622 862
57 944 249
212 365 926
15 746 366
297 199 782
607 305 858
262 314 660
877 803 33
734 646 762
262 255 610
214 81 902
546 641 580
75 10 767
497 859 610
530 216 283
2 422 467
578 446 454
91 324 975
554 176 124
474 326 515
572 291 56
458 60 84
67 813 158
788 358 781
64 978 883
942 947 418
955 394 12
197 905 708
99 177 166
47 881 444
234 175 318
48 62 244
130 50 675
856 756 572
643 405 168
993 494 618
882 611 772
382 899 514
790 892 210
690 144 687
263 174 259
297 430 145
111 134 281
90 114 40
54 682 237
588 433 589
615 550 196
10 423 271
348 426 840
158 195 5
656 842 499
550 618 620
411 532 462
163 68 995
643 166 280
77 516 735
953 470 54
3 326 698
441 823 284
168 924 968
556 433 268
780 392 608
381 487 497
511 373 908
314 92 824
178 600 320
395 236 654
111 341 506
634 896 541
853 68 797
686 322 17
946 260 850
391 908 56
258 499 719
706 945 852
940 274 916
798 659 425
307 938 142
537 480 204
941 432 542
388 695 782
710 182 879
499 428 378
876 941 716
256 94 979
701 409 12
431 700 205
262 498 707
949 444 581
340 965 456
481 128 336
476 865 379
789 457 640
733 793 152
84 180 633
261 933 1
536 265 93
76 986 302
959 622 881
270 938 253
188 221 331
811 715 874
725 132 249
545 383 666
351 788 238
238 762 640
32 575 7
947 814 876
505 727 69
951 364 162
277 970 654
904 234 684
788 825 102
885 764 714
145 883 616
302 966 835
973 51 36
816 766 867
38 307 13
576 159 900
861 17 857
335 782 704
857 824 218
893 394 230
952 396 70
476 169 271
95 49 313
73 189 666
791 383 694
69 922 998
922 930 442
574 780 455
820 875 691
627 958 359
683 558 382
259 618 303
812 418 363
226 357 146
157 900 179
118 33 267
1000 462 727
510 673 185
240 663 643
849 569 333
172 442 944
821 42 444
329 493 104
143 225 796
853 624 474
974 830 204
570 52 475
384 801 949
988 260 707
471 870 900
615 636 668
592 537 559
661 440 962
550 839 529
321 313 807
750 212 28
749 321 146
25 309 103
774 750 674
108 688 404
693 218 305
615 724 882
303 80 628
687 549 649
183 79 63
670 515 785
393 73 718
253 845 612
504 399 104
398 863 344
846 232 341
725 390 958
121 746 697
526 649 431
577 713 762
731 816 696
255 486 379
826 398 395
148 302 793
588 591 201
370 191 879
70 369 333
247 805 52
242 909 450
704 903 35
403 884 236
604 129 921
38 255 523
196 194 561
503 78 823
617 166 364
551 415 823
110 286 321
603 465 743
229 494 467
101 812 739
779 703 579
503 684 550
1000
1688 481 5159
16699 348 16699
20453 574 22376
25713 673 30994
36348 276 36348
37020 778 38216
47050 651 47050
68767 246 68767
75096 459 75096
81421 643 86309
94714 824 94714
99577 86 117521
100136 580 120571
124649 761 143198
125890 275 154011
130593 63 155836
135604 323 159154
139706 283 175102
147798 712 175283
153873 779 185469
172210 750 190343
178922 545 196725
179974 518 200504
186292 811 202559
189013 4 204872
190503 254 213040
199032 211 214600
204022 873 215352
212467 12 222394
219198 303 245195
220546 706 250298
222106 192 252644
228155 306 276564
240550 204 278040
241640 275 290752
273795 813 298665
279562 316 310244
306970 860 318572
308880 884 329851
313347 879 330126
314517 436 331262
321829 861 342798
335422 841 342804
340620 102 347309
348533 331 350991
367217 885 367217
382619 785 382619
394144 196 394144
403931 302 403931
412615 627 412615
423185 390 423185
436791 599 441252
447750 461 447750
454308 421 454308
462835 507 462835
498907 704 498907
507669 701 507669
513174 788 513174
520244 705 520244
528904 328 528904
542559 970 542559
544742 28 544742
555841 941 555841
572869 736 572869
575896 507 575896
583744 505 583744
596127 674 596127
600490 762 600490
609270 151 609270
609941 853 609941
620575 950 620575
627734 845 627734
628241 35 628241
629129 676 629129
642757 435 642757
671477 692 671477
676913 350 676913
678378 971 678378
696879 973 696879
701784 824 701784
709040 606 709040
735862 913 735862
753901 326 753901
757116 540 757116
759699 543 759699
765868 281 765868
790847 41 790847
806714 92 806714
822119 846 822119
836828 751 836828
885868 451 885868
914088 314 914088
927830 547 927830
928538 326 928538
928831 322 928831
943859 627 943859
948544 814 948544
963819 170 963819
973872 598 973872
981743 814 981743
997176 334 997176
1000200 272 1000200
1006994 229 1006994
1017792 606 1017792
1018351 716 1018351
1018550 585 1018550
1028906 397 1028906
1040663 681 1040663
1049172 114 1049172
1053486 676 1053486
1065912 146 1065912
1085293 896 1085293
1088209 549 1088209
1096116 12 1096116
1114049 379 1114049
1120491 310 1120491
1142615 716 1142615
1157079 348 1157079
1168321 252 1168321
1169140 579 1169140
1178616 1000 1178616
1181671 920 1181671
1197067 141 1197067
1211239 45 1211239
1215825 403 1215825
1236588 653 1236588
1246193 17 1246193
1247265 849 1247265
1254109 569 1254109
1266645 521 1266645
1313620 560 1313620
1318381 595 1318381
1329184 60 1329184
1339619 367 1339619
1340707 81 1340707
1354340 437 1354340
1358594 577 1358594
1369006 23 1369006
1387545 245 1387545
1392823 14 1392823
1394617 768 1394617
1398717 182 1398717
1419576 705 1419576
1435188 135 1435188
1457430 957 1457430
1471200 249 1471200
1486986 588 1486986
1493793 365 1493793
1499868 963 1499868
1503473 498 1503473
1521383 316 1521383
1524767 397 1524767
1529597 8 1529597
1562366 400 1562366
1581374 111 1581374
1588975 978 1588975
1595170 178 1595170
1609711 692 1609711
1613255 67 1613255
1659711 364 1659711
1667838 860 1667838
1669329 961 1669329
1672511 958 1672511
1673301 439 1673301
1677679 143 1677679
1677761 305 1677761
1684325 553 1684325
1684854 363 1684854
1688722 253 1688722
1706008 145 1706008
1730641 29 1730641
1730786 557 1730786
1754411 912 1754411
1787159 595 1787159
1791873 899 1791873
1792037 830 1792037
1807635 233 1807635
1808049 11 1808049
1819003 782 1819003
1830638 774 1830638
1843693 106 1843693
1867866 229 1867866
1868013 377 1868013
1874821 960 1874821
1908324 886 1908324
1910462 100 1910462
1913933 912 1913933
1918848 977 1918848
1933460 788 1933460
1937784 479 1937784
1957691 284 1957691
1960400 811 1960400
1964781 388 1964781
2002541 451 2002541
2008351 659 2008351
2017326 442 2017326
2023060 386 2023060
2033789 692 2033789
2041493 362 2041493
2047924 230 2047924
2072285 474 2072285
2088411 877 2088411
2090583 399 2090583
2092454 414 2092454
2100976 983 2100976
2121309 212 2121309
2136289 71 2136289
2156173 65 2156173
2164532 550 2164532
2176637 784 2176637
2179243 442 2179243
2200563 111 2200563
2201762 182 2201762
2202706 999 2202706
2210158 801 2210158
2212170 392 2212170
2216789 751 2216789
2218924 586 2218924
2223415 510 2223415
2246135 744 2246135
2261466 270 2261466
2264835 568 2264835
2277475 895 2277475
2285882 55 2285882
2286695 867 2286695
2308239 965 2308239
2325333 373 2325333
2332347 21 2332347
2332929 765 2332929
2370610 7 2370610
2373909 605 2373909
2382683 325 2382683
2386704 544 2386704
2387287 674 2387287
2413334 695 2413334
2431208 337 2431208
2443366 158 2443366
2447736 467 2447736
2464743 899 2464743
2496964 891 2496964
2501553 333 2501553
2502608 78 2502608
2552660 800 2552660
2561303 37 2561303
2562819 253 2562819
2565715 464 2565715
2567275 785 2567275
2582148 371 2582148
2592179 756 2592179
2592192 966 2592192
2594276 662 2594276
2597425 376 2597425
2605940 733 2605940
2612462 714 2612462
2622665 686 2622665
2625606 430 2625606
2634851 530 2634851
2638619 745 2638619
2639080 123 2639080
2643971 59 2643971
2644534 491 2644534
2654409 940 2654409
2663472 386 2663472
2666598 573 2666598
2667359 567 2667359
2670991 83 2670991
2681478 416 2681478
2708919 423 2708919
2715790 255 2715790
2747819 610 2747819
2780599 998 2780599
2798126 190 2798126
2815753 836 2815753
2818391 354 2818391
2820752 672 2820752
2822543 653 2822543
2831048 11 2831048
2832184 721 2832184
2849224 29 2849224
2850884 450 2850884
2855902 353 2855902
2872155 536 2872155
2875869 568 2875869
2877485 997 2877485
2879672 668 2879672
2883961 660 2883961
2884527 928 2884527
2903011 515 2903011
2940356 542 2940356
2950896 333 2950896
2959670 431 2959670
2962817 208 2962817
2962965 649 2962965
2984763 301 2984763
2985041 4 2985041
2990474 373 2990474
2999797 985 2999797
3001101 731 3001101
3013353 51 3013353
3042606 522 3042606
3049577 872 3049577
3051130 774 3051130
3059967 135 3059967
3082457 783 3082457
3094572 906 3094572
3121076 776 3121076
3136341 786 3136341
3143317 276 3143317
3161461 227 3161461
3177241 952 3177241
3207603 251 3207603
3228792 279 3228792
3235056 805 3235056
3239152 649 3239152
3239250 149 3239250
3247716 388 3247716
3248762 950 3248762
3255631 171 3255631
3278018 966 3278018
3288688 696 3288688
3289343 975 3289343
3296529 295 3296529
3315993 183 3315993
3319249 938 3319249
3326201 649 3326201
3331270 777 3331270
3338953 952 3338953
3354872 165 3354872
3357968 468 3357968
3360256 482 3360256
3362816 1000 3362816
3372811 430 3372811
3375858 981 3375858
3387046 103 3387046
3388752 373 3388752
3401368 642 3401368
3401658 276 3401658
3402920 892 3402920
3404681 782 3404681
3421493 868 3421493
3423277 841 3423277
3442204 318 3442204
3442303 716 3442303
3451315 759 3451315
3470167 686 3470167
3471301 897 3471301
3481366 952 3481366
3484617 381 3484617
3495168 577 3495168
3496746 551 3496746
3503821 724 3503821
3511740 297 3511740
3515837 276 3515837
3526323 740 3526323
3528324 77 3528324
3531221 937 3531221
3538580 421 3538580
3555267 860 3555267
3560778 14 3560778
3562284 490 3562284
3565061 235 3565061
3571217 214 3571217
3580115 512 3580115
3603999 142 3603999
3607272 637 3607272
3655934 647 3655934
3663396 270 3663396
3687578 983 3687578
3690206 128 3690206
3700629 600 3700629
3701379 173 3701379
3707497 419 3707497
3707903 404 3707903
3712948 539 3712948
3714154 255 3714154
3717054 775 3717054
3724342 319 3724342
3724914 559 3724914
3731732 117 3731732
3773058 254 3773058
3781180 258 3781180
3810650 566 3810650
3826275 118 3826275
3853646 274 3853646
3888540 990 3888540
3902132 568 3902132
3919619 374 3919619
3922721 46 3922721
3943910 175 3943910
3947238 453 3947238
3949460 143 3949460
3949964 854 3949964
3962900 164 3962900
3970383 100 3970383
3974410 536 3974410
3974514 364 3974514
3977079 547 3977079
3980745 956 3980745
3998600 341 3998600
4018513 72 4018513
4020382 120 4020382
4024183 196 4024183
4035168 817 4035168
4044394 232 4044394
4045445 624 4045445
4057123 967 4057123
4068381 668 4068381
4071324 450 4071324
4083220 945 4083220
4083222 689 4083222
4091792 528 4091792
4092519 344 4092519
4092776 863 4092776
4092780 575 4092780
4110065 688 4110065
4125330 844 4125330
4131383 731 4131383
4132044 586 4132044
4134278 515 4134278
4134372 411 4134372
4135726 708 4135726
4136299 799 4136299
4147347 860 4147347
4160598 893 4160598
4171679 27 4171679
4191702 463 4191702
4210153 926 4210153
4212654 863 4212654
4214518 921 4214518
4217708 251 4217708
4221082 410 4221082
4228893 987 4228893
4229536 867 4229536
4236276 58 4236276
4244386 74 4244386
4255701 103 4255701
4256419 500 4256419
4269060 936 4269060
4272786 987 4272786
4292234 5 4292234
4313976 788 4313976
4332659 792 4332659
4337784 590 4337784
4340067 842 4340067
4352526 86 4352526
4360511 719 4360511
4382129 688 4382129
4408736 892 4408736
4418883 773 4418883
4419862 114 4419862
4457441 197 4457441
4467198 652 4467198
4476431 971 4476431
4491012 510 4491012
4499483 109 4499483
4509780 183 4509780
4526910 33 4526910
4537261 210 4537261
4539375 720 4539375
4542762 131 4542762
4593857 290 4593857
4626439 316 4626439
4628889 929 4628889
4641741 377 4641741
4653051 491 4653051
4653086 958 4653086
4667415 243 4667415
4668446 778 4668446
4678875 136 4678875
4686062 552 4686062
4701509 759 4701509
4705267 919 4705267
4718951 116 4718951
4729035 833 4729035
4743969 864 4743969
4746638 261 4746638
4761256 331 4761256
4764512 366 4764512
4767309 501 4767309
4771733 671 4771733
4775623 796 4775623
4781961 425 4781961
4783429 621 4783429
4787421 192 4787421
4789886 778 4789886
4792646 769 4792646
4796127 647 4796127
4799326 131 4799326
4828314 659 4828314
4833160 258 4833160
4837415 261 4837415
4856409 639 4856409
4859380 687 4859380
4865713 537 4865713
4869777 462 4869777
4873363 109 4873363
4881394 187 4881394
4899153 753 4899153
4903910 243 4903910
4909967 613 4909967
4920574 811 4920574
4941875 345 4941875
4945602 192 4945602
4948326 362 4948326
4949647 186 4949647
4963211 632 4963211
4994207 872 4994207
4999900 560 4999900
5012199 3 5012199
5023644 789 5023644
5035614 758 5035614
5047319 965 5047319
5059647 404 5059647
5071937 399 5071937
5075025 395 5075025
5083807 37 5083807
5090761 954 5090761
5100151 446 5100151
5104362 458 5104362
5112221 670 5112221
5125350 942 5125350
5129750 268 5129750
5131033 460 5131033
5131327 874 5131327
5145948 869 5145948
5152500 414 5152500
5162275 803 5162275
5169132 488 5169132
5173802 327 5173802
5182853 328 5182853
5184457 797 5184457
5192132 453 5192132
5201155 777 5201155
5217627 55 5217627
5219672 694 5219672
5222764 376 5222764
5239380 551 5239380
5240321 544 5240321
5242412 148 5242412
5244569 59 5244569
5247244 490 5247244
5297324 723 5297324
5307370 992 5307370
5311644 528 5311644
5331588 546 5331588
5338266 466 5338266
5340644 536 5340644
5349071 69 5349071
5349496 855 5349496
5367780 233 5367780
5369580 307 5369580
5376477 538 5376477
5398271 421 5398271
5404548 896 5404548
5409451 60 5409451
5410888 693 5410888
5419726 69 5419726
5432180 135 5432180
5440551 218 5440551
5483865 930 5483865
5485416 971 5485416
5491830 383 5491830
5502382 36 5502382
5507052 487 5507052
5507927 320 5507927
5523047 647 5523047
5531644 644 5531644
5531985 44 5531985
5537194 836 5537194
5585336 969 5585336
5600068 408 5600068
5609869 148 5609869
5614648 644 5614648
5618463 724 5618463
5632861 45 5632861
5654356 233 5654356
5661131 305 5661131
5675267 654 5675267
5683489 208 5683489
5688323 386 5688323
5688987 340 5688987
5696440 194 5696440
5704939 99 5704939
5714091 240 5714091
5721011 918 5721011
5738829 546 5738829
5761220 836 5761220
5779138 565 5779138
5790236 874 5790236
5803616 548 5803616
5821073 407 5821073
5825504 722 5825504
5843749 123 5843749
5851451 120 5851451
5853660 17 5853660
5855474 381 5855474
5855681 153 5855681
5871807 420 5871807
5916565 945 5916565
5921830 920 5921830
5924755 76 5924755
5933715 557 5933715
5944897 849 5944897
5947920 899 5947920
5958190 984 5958190
5964245 673 5964245
5972448 309 5972448
5987798 315 5987798
5992747 121 5992747
5993311 609 5993311
6000692 481 6000692
6006741 337 6006741
6015649 698 6015649
6017815 948 6017815
6025076 378 6025076
6037911 444 6037911
6042020 691 6042020
6051790 119 6051790
6056571 590 6056571
6057520 978 6057520
6067361 607 6067361
6067414 639 6067414
6081077 804 6081077
6093602 707 6093602
6094450 411 6094450
6094671 804 6094671
6109377 930 6109377
6126279 602 6126279
6136820 19 6136820
6156597 172 6156597
6180695 780 6180695
6183400 866 6183400
6193307 698 6193307
6217148 540 6217148
6222658 431 6222658
6237221 958 6237221
6252693 154 6252693
6272538 650 6272538
6273524 3 6273524
6283849 974 6283849
6306401 891 6306401
6307821 305 6307821
6308848 166 6308848
6310099 377 6310099
6320090 821 6320090
6321626 633 6321626
6332123 912 6332123
6366844 952 6366844
6380226 867 6380226
6395797 326 6395797
6429860 738 6429860
6430060 41 6430060
6445143 758 6445143
6446520 386 6446520
6456470 704 6456470
6469103 5 6469103
6493995 517 6493995
6495388 23 6495388
6505309 406 6505309
6505321 203 6505321
6518400 433 6518400
6526112 834 6526112
6533361 89 6533361
6536438 171 6536438
6541357 968 6541357
6553330 745 6553330
6566348 952 6566348
6578775 348 6578775
6581446 365 6581446
6590365 943 6590365
6610505 278 6610505
6622160 570 6622160
6622737 583 6622737
6624586 361 6624586
6627710 851 6627710
6627753 141 6627753
6628602 205 6628602
6629252 194 6629252
6649090 572 6649090
6655928 781 6655928
6662641 62 6662641
6668486 491 6668486
6670644 413 6670644
6690489 291 6690489
6706826 712 6706826
6717031 663 6717031
6722693 793 6722693
6752862 506 6752862
6753043 899 6753043
6755261 470 6755261
6767241 734 6767241
6780918 987 6780918
6810972 774 6810972
6813443 574 6813443
6824614 474 6824614
6825541 686 6825541
6829078 626 6829078
6832986 44 6832986
6839916 537 6839916
6841102 397 6841102
6842409 223 6842409
6848893 587 6848893
6853553 5 6853553
6866436 135 6866436
6869762 728 6869762
6902889 832 6902889
6904155 149 6904155
6914740 765 6914740
6963742 806 6963742
6965480 758 6965480
6966754 101 6966754
6971331 561 6971331
6981279 2 6981279
6988177 777 6988177
6991449 385 6991449
6997711 93 6997711
7008715 619 7008715
7016722 754 7016722
7025605 849 7025605
7026804 129 7026804
7034858 193 7034858
7093223 461 7093223
7106748 197 7106748
7115330 680 7115330
7119019 107 7119019
7140942 180 7140942
7157082 656 7157082
7164149 26 7164149
7164428 64 7164428
7169394 150 7169394
7184236 329 7184236
7188295 680 7188295
7192011 43 7192011
7194127 583 7194127
7209430 152 7209430
7214122 888 7214122
7260199 126 7260199
7291311 372 7291311
7309821 149 7309821
7330886 80 7330886
7351423 157 7351423
7356482 483 7356482
7367882 193 7367882
7392976 925 7392976
7396073 797 7396073
7402616 191 7402616
7430465 41 7430465
7431637 368 7431637
7440729 446 7440729
7448219 470 7448219
7451199 190 7451199
7458841 181 7458841
7459326 802 7459326
7462208 633 7462208
7468562 674 7468562
7471693 105 7471693
7492996 225 7492996
7499974 422 7499974
7520569 108 7520569
7525395 375 7525395
7526549 190 7526549
7533401 356 7533401
7552108 858 7552108
7560030 272 7560030
7561363 967 7561363
7566986 167 7566986
7568615 750 7568615
7576570 443 7576570
7578024 927 7578024
7581899 994 7581899
7585037 282 7585037
7591752 229 7591752
7599023 247 7599023
7599407 687 7599407
7599727 173 7599727
7601344 708 7601344
7617901 337 7617901
7624876 890 7624876
7654288 87 7654288
7661576 128 7661576
7666116 528 7666116
7668833 638 7668833
7673668 390 7673668
7681588 568 7681588
7683644 711 7683644
7688502 498 7688502
7701039 154 7701039
7705385 777 7705385
7716745 199 7716745
7735208 973 7735208
7736744 814 7736744
7741386 659 7741386
7745883 688 7745883
7755573 996 7755573
7763219 706 7763219
7768876 996 7768876
7770787 551 7770787
7775453 273 7775453
7781860 598 7781860
7806066 191 7806066
7809437 154 7809437
7815929 302 7815929
7834165 851 7834165
7854473 43 7854473
7876227 293 7876227
7884348 16 7884348
7910427 649 7910427
7914690 626 7914690
7918017 177 7918017
7918168 553 7918168
7937890 515 7937890
7950113 589 7950113
7978982 33 7978982
7989831 40 7989831
7992579 372 7992579
8007323 962 8007323
8018012 727 8018012
8021308 280 8021308
8033280 220 8033280
8033661 900 8033661
8040248 926 8040248
8042183 312 8042183
8042293 231 8042293
8051192 374 8051192
8055322 609 8055322
8055803 92 8055803
8059640 871 8059640
8073575 386 8073575
8083574 410 8083574
8085221 724 8085221
8085519 77 8085519
8089954 361 8089954
8100623 438 8100623
8101957 301 8101957
8103104 148 8103104
8105608 808 8105608
8112329 311 8112329
8136271 490 8136271
8137368 555 8142990
8138288 222 8145321
8141522 570 8157079
8141847 403 8159531
8157420 121 8162747
8160703 375 8163147
8166947 311 8169035
8171512 166 8172288
8178672 387 8178672
8191294 112 8191294
8191369 208 8200323
8194344 929 8213881
8199292 468 8220910
8199424 107 8236022
8224034 275 8239050
8232960 561 8246710
8267978 280 8267978
8276705 923 8276705
8292338 882 8292338
8296705 425 8296705
8297352 668 8297352
8321406 127 8321406
8333789 68 8333789
8353802 193 8353802
8355051 17 8355051
8362774 628 8362774
8364837 613 8364837
8382476 588 8382476
8392416 724 8392416
8407952 238 8407952
8425272 22 8425272
8433021 1000 8433021
8439120 614 8439120
8446748 611 8446748
8478475 876 8478475
8479329 384 8479329
8494052 225 8494052
8494909 496 8494909
8497901 506 8497901
8511082 904 8511082
8520456 107 8520456
8523846 170 8523846
8531670 418 8531670
8532639 938 8532639
8547982 519 8547982
8550547 487 8550547
8554647 773 8554647
8559658 832 8559658
8615411 523 8615411
8617892 787 8617892
8629624 469 8629624
8642781 136 8642781
8668150 349 8668150
8708065 514 8708065
8720058 284 8720058
8724099 75 8724099
8724483 879 8724483
8742309 998 8742309
8761017 104 8761017
8767633 953 8767633
8768602 550 8768602
8786848 823 8786848
8791474 496 8791474
8795275 949 8795275
8795822 824 8795822
8844323 720 8844323
8844863 84 8844863
8845871 394 8845871
8845993 36 8845993
8857062 826 8857062
8862296 573 8862296
8876568 379 8876568
8878089 816 8878089
8892238 830 8892238
8895420 476 8895420
8897101 630 8897101
8911307 610 8911307
8928619 777 8928619
8939186 361 8939186
8951267 46 8951267
8971803 994 8971803
8978621 465 8978621
9022740 419 9022740
9045305 355 9045305
9059538 10 9059538
9063165 41 9063165
9087207 92 9087207
9094670 336 9094670
9096511 386 9096511
9096539 168 9096539
9106162 162 9106162
9140363 32 9140363
9142552 627 9142552
9156066 4 9156066
9171476 456 9171476
9172657 14 9172657
9177200 460 9177200
9184435 457 9184435
9194975 354 9194975
9252216 58 9252216
9279834 374 9279834
9284633 397 9284633
9294163 222 9294163
9302356 506 9302356
9314223 770 9314223
9335349 179 9335349
9338277 161 9338277
9340170 530 9340170
9342673 225 9342673
9348068 472 9348068
9370201 652 9370201
9413501 453 9413501
9424690 350 9424690
9429278 633 9429278
9450551 702 9450551
9455024 337 9455024
9463031 985 9463031
9475116 417 9475116
9483419 873 9483419
9490923 829 9490923
9498623 746 9498623
9509987 868 9509987
9510355 622 9510355
9514139 120 9514139
9517129 128 9517129
9531140 685 9531140
9543907 437 9543907
9560269 680 9560269
9565284 66 9565284
9569807 125 9569807
9571567 680 9571567
9589159 939 9589159
9607076 972 9614200
9629351 994 9629351
9683855 628 9683855
9719807 468 9719807
9729082 826 9729082
9730508 497 9730508
9736139 556 9736139
9770610 196 9770610
9772534 156 9772534
9775577 630 9775577
9789360 819 9789360
9800983 175 9800983
9804148 200 9804148
9821828 643 9821828
9830030 553 9830030
9834964 871 9834964
9843145 373 9843145
9844020 564 9844020
9849508 310 9849508
9861731 81 9861731
9865393 793 9866187
9898833 158 9898833
9903037 7 9903037
9948554 921 9948554
9958119 921 9958119
9965069 91 9965069
9973368 22 9973368
9978243 193 9978243
9996861 526 9996861
9997985 269 9997985
