1000 999
348 826 116
427 569 799
589 875 353
432 909 962
392 979 57
873 140 477
244 356 40
816 69 860
102 832 711
336 126 954
459 591 665
351 103 941
717 453 238
559 712 15
377 943 514
140 899 576
820 939 260
910 847 695
465 675 844
233 38 301
329 23 832
383 285 185
399 872 707
587 947 772
660 609 934
761 970 419
928 525 137
341 127 496
884 373 978
206 801 375
144 768 120
365 420 446
430 659 423
496 171 491
726 652 611
274 31 364
776 138 793
213 271 591
953 434 520
193 36 329
394 113 591
449 940 431
248 908 852
986 741 820
662 291 648
613 769 726
286 35 769
63 7 642
332 382 553
699 415 869
657 175 748
863 716 617
452 265 227
145 630 417
136 641 729
445 241 980
857 372 301
346 350 700
743 443 972
276 509 191
66 199 647
914 69 13
131 90 677
85 826 536
147 854 185
94 71 617
838 579 326
238 807 803
215 916 485
560 744 730
587 870 169
157 397 308
175 946 938
583 182 377
456 485 424
478 135 990
52 210 540
903 947 186
130 793 412
781 1 398
179 73 283
275 980 441
35 195 652
767 201 78
956 714 345
498 126 816
32 658 319
103 317 866
453 344 510
852 189 313
928 974 930
873 309 947
254 531 846
423 984 647
140 685 754
290 935 744
630 436 198
267 498 403
865 114 251
127 894 827
129 436 537
316 82 870
854 462 370
784 436 634
565 183 178
448 102 885
142 801 422
586 536 344
532 422 979
517 476 405
929 972 787
858 161 941
157 606 840
961 522 252
162 295 190
902 391 374
276 793 839
711 502 308
242 377 741
422 316 830
441 924 908
828 702 436
275 228 632
632 467 156
452 116 34
367 42 92
985 396 386
477 311 194
20 993 284
251 722 458
315 796 731
759 902 335
204 223 415
648 141 379
317 881 653
970 32 104
956 695 272
418 287 455
600 696 626
948 442 205
556 463 678
919 153 468
348 5 582
888 260 734
99 93 104
60 826 594
976 13 144
731 402 561
770 342 126
393 907 337
55 41 970
946 678 47
404 540 801
374 78 922
379 233 669
983 26 276
88 104 615
662 960 512
334 112 655
640 94 386
66 346 543
547 792 40
308 773 872
763 169 742
67 706 277
954 933 753
170 377 0
235 101 712
342 556 311
901 210 437
408 236 429
471 778 891
679 622 531
172 916 623
623 431 338
466 985 201
709 500 169
33 223 972
14 830 673
213 578 465
868 237 549
997 755 799
691 972 600
22 150 219
703 335 878
636 342 159
224 806 55
586 386 738
554 82 131
998 7 795
45 67 511
699 242 307
596 904 201
784 951 688
484 1000 925
270 359 954
916 745 457
820 241 788
109 756 106
994 307 781
132 111 636
664 491 40
672 685 525
801 818 24
500 473 609
740 227 394
482 355 963
500 225 422
299 986 170
255 457 859
289 845 211
704 963 275
27 245 658
775 318 103
758 804 975
656 347 410
877 560 662
582 363 264
304 839 382
992 656 485
912 792 538
710 615 78
994 998 989
187 983 59
302 937 101
81 715 274
440 802 668
498 369 497
691 516 553
653 159 925
118 383 835
146 222 979
956 805 249
507 2 612
789 1000 788
338 827 279
154 644 667
889 974 744
264 975 270
484 529 895
88 184 765
921 568 772
787 856 626
595 371 798
891 623 441
798 963 963
967 956 94
698 135 967
300 107 564
168 555 581
319 777 647
922 15 846
154 760 948
296 530 767
614 845 243
878 277 289
403 906 206
690 955 992
484 102 460
56 634 641
798 441 193
95 747 716
606 291 581
175 641 674
814 232 707
959 13 203
349 25 408
17 329 575
523 10 851
979 546 86
381 960 208
74 139 906
254 375 906
934 52 315
469 348 771
255 259 527
902 261 17
514 396 32
509 900 767
206 834 877
122 633 422
48 86 171
15 176 618
534 576 355
429 478 774
690 531 407
253 59 630
226 940 776
238 169 462
678 579 848
654 156 906
294 29 811
847 33 235
288 328 531
357 667 341
53 18 569
851 757 169
396 654 671
580 592 553
187 558 121
719 694 130
919 325 794
962 447 963
663 333 524
464 612 695
203 404 784
444 77 819
911 88 32
819 858 989
596 567 973
112 728 778
499 613 985
327 119 230
921 432 99
64 916 80
296 958 607
455 374 860
286 647 544
473 49 224
728 402 49
787 627 421
481 232 987
31 646 720
712 994 943
110 681 883
455 83 97
215 337 56
106 931 849
301 688 582
47 195 413
637 288 251
434 8 1
841 603 656
379 410 575
240 424 890
792 940 39
643 826 623
121 954 590
213 682 71
741 958 677
830 427 967
321 937 141
500 488 258
346 75 306
224 185 948
152 949 296
666 795 19
581 800 119
297 856 471
217 335 707
491 804 273
794 99 881
743 638 507
271 510 78
361 614 25
159 13 791
615 593 721
914 234 453
132 174 636
121 568 853
74 13 570
552 549 165
320 633 908
512 846 306
93 920 833
78 416 425
330 506 561
875 395 57
673 689 794
224 237 303
185 209 545
515 65 43
280 209 554
531 435 899
875 941 671
394 86 883
381 412 183
273 418 688
266 666 807
321 683 766
415 890 12
544 55 506
808 527 575
790 618 768
152 731 887
118 146 847
934 411 908
301 19 277
633 214 976
353 489 342
355 197 873
459 105 351
229 523 179
339 914 549
976 205 809
538 772 307
524 694 608
871 188 412
366 848 59
218 287 175
117 107 32
190 316 315
54 998 793
797 245 543
630 887 112
420 446 138
573 154 331
345 999 789
477 355 611
292 919 935
74 320 80
562 746 974
182 947 806
917 128 278
874 360 620
780 213 133
635 853 608
607 608 512
929 248 52
156 621 728
602 536 945
756 352 788
467 612 651
186 332 556
230 634 872
331 803 178
137 183 989
471 384 980
332 665 656
981 612 875
148 265 361
282 597 655
76 28 911
944 721 633
611 609 875
315 257 943
430 155 386
566 967 126
840 638 67
884 466 577
636 689 43
997 172 720
110 395 272
571 785 384
512 68 297
202 239 207
34 710 558
58 162 730
246 638 265
224 30 194
966 652 50
827 427 412
250 507 161
822 419 36
494 596 247
117 572 295
807 626 437
810 885 363
739 615 373
903 811 856
299 100 649
490 520 852
308 543 514
108 976 712
928 98 455
270 862 328
351 318 917
327 329 641
770 953 452
833 782 15
743 44 914
37 610 777
1 395 670
992 497 484
605 468 819
246 859 777
483 622 42
435 417 707
377 737 841
7 774 56
202 293 203
7 795 196
254 930 405
673 195 170
414 874 796
639 944 777
186 134 815
208 920 27
111 194 236
830 200 866
394 667 947
416 46 671
304 97 44
599 903 769
449 916 872
80 370 391
466 486 402
167 623 531
780 124 314
861 499 271
462 966 39
481 699 206
896 513 541
264 382 879
564 976 82
989 326 336
735 330 704
470 620 576
749 669 871
115 349 449
447 428 524
869 617 88
259 843 222
72 651 659
625 579 698
915 644 43
66 791 236
952 853 913
301 222 733
930 554 968
880 260 907
940 327 855
969 253 574
800 215 296
644 269 265
163 240 612
654 786 260
529 548 134
521 576 836
541 287 253
400 709 496
898 464 775
594 600 547
149 935 570
413 111 996
933 513 528
173 380 695
166 713 2
789 426 67
938 798 443
8 191 644
838 798 316
11 540 713
461 322 818
526 482 882
718 161 397
451 70 598
200 243 60
775 882 907
619 92 162
281 878 90
477 92 761
15 925 139
66 602 979
577 754 692
830 235 42
834 511 857
141 553 286
958 193 897
205 474 76
733 927 205
226 692 240
557 318 300
723 91 210
368 328 630
953 472 889
404 971 429
198 731 368
37 538 7
79 819 629
453 350 152
501 900 670
654 527 707
926 93 177
59 53 802
555 355 84
797 577 113
529 583 528
187 955 219
105 252 563
343 623 201
829 261 546
610 58 464
659 366 821
293 537 861
809 133 630
519 618 387
993 734 577
834 695 404
712 604 203
147 582 846
544 300 254
543 866 267
113 725 569
403 249 322
588 759 415
755 217 377
105 138 704
907 193 716
671 513 81
747 240 529
961 656 563
988 306 682
860 408 108
425 366 884
710 695 455
867 493 938
753 842 645
590 786 908
382 123 562
1 831 789
740 492 832
391 946 24
694 965 202
482 810 236
551 31 879
447 347 220
575 719 206
849 400 312
11 783 476
167 1 560
879 725 699
182 919 756
385 151 591
850 336 694
591 561 13
6 571 663
487 41 88
446 544 339
256 105 554
651 766 115
865 372 895
388 520 602
739 283 687
580 688 535
542 666 86
654 982 380
995 444 12
570 578 46
134 164 702
149 448 487
968 626 149
486 669 669
10 739 296
423 633 942
419 872 999
661 626 844
562 150 650
400 698 989
60 165 263
788 779 52
632 915 579
825 697 680
745 246 448
892 201 886
639 267 809
744 874 0
886 179 516
390 510 765
445 240 514
325 387 71
843 505 204
439 391 284
36 383 686
346 862 75
68 996 797
651 360 784
653 519 919
153 835 874
129 7 908
645 81 30
925 521 970
490 287 123
298 782 185
344 597 323
709 528 678
78 502 857
393 735 726
978 495 610
632 550 501
756 562 937
166 500 735
340 183 569
219 632 170
886 977 386
822 21 753
598 628 72
998 272 391
70 773 662
343 61 838
131 644 620
39 29 959
990 903 971
817 181 940
841 649 834
151 464 369
824 24 325
310 516 313
56 826 884
462 383 668
496 456 998
66 18 170
642 548 976
731 143 460
333 220 843
913 950 214
253 732 390
217 106 951
315 263 345
793 855 547
827 950 928
948 452 796
848 232 905
207 118 614
810 510 132
110 378 397
147 744 248
205 752 378
628 529 220
260 408 760
401 987 22
3 187 924
4 668 514
338 50 563
574 813 666
515 895 682
540 230 17
81 546 734
457 641 330
788 205 606
271 758 349
450 804 579
672 353 348
302 224 509
421 314 196
563 949 466
395 186 837
80 264 104
125 840 392
192 183 945
318 674 28
492 828 878
401 823 519
951 381 976
55 410 669
79 29 46
645 166 763
84 950 693
403 853 435
860 5 598
705 614 612
681 127 325
905 514 21
158 418 880
433 231 864
517 549 398
363 216 665
867 785 71
701 994 338
748 910 186
795 611 537
787 904 847
970 4 757
532 117 769
767 692 464
539 852 12
26 927 289
778 248 101
575 329 302
914 890 990
413 96 185
213 358 295
742 208 143
129 468 777
294 655 973
313 968 460
859 330 445
901 214 999
888 460 856
258 961 666
362 786 106
762 25 470
834 195 409
284 93 470
941 303 68
239 133 554
821 785 471
196 479 278
768 736 968
991 593 779
507 32 712
905 15 247
74 893 549
570 760 589
926 827 767
851 367 854
312 20 666
107 371 465
965 551 814
79 323 231
806 928 21
229 255 968
69 727 392
456 560 354
552 679 36
574 94 69
631 51 524
961 305 509
287 518 974
209 724 622
514 127 367
147 837 986
401 12 918
529 461 334
943 389 166
509 877 173
139 247 794
545 944 288
942 256 177
980 895 502
730 835 839
60 454 604
675 175 400
37 345 711
616 787 811
9 222 414
328 791 838
218 211 823
51 752 34
508 798 219
278 378 20
187 376 753
750 108 570
684 709 519
4 690 953
657 479 399
824 433 532
590 480 997
284 398 962
501 268 460
383 211 794
27 587 232
187 88 798
846 670 597
312 179 470
693 631 918
622 625 762
240 101 887
853 998 311
899 639 73
864 288 891
87 148 458
593 438 806
585 276 396
138 458 976
821 792 350
32 923 109
336 221 965
637 212 5
259 183 689
68 825 33
425 217 908
748 652 287
649 415 884
25 578 14
686 162 253
257 435 731
720 463 118
977 244 656
226 906 972
650 151 921
631 220 270
408 354 242
945 30 101
224 809 873
324 893 404
161 390 640
353 802 0
716 537 914
43 368 290
102 497 965
607 836 10
842 507 73
973 433 716
331 624 651
504 709 236
426 409 887
968 589 69
680 524 173
651 189 842
238 326 411
964 306 629
697 255 848
174 510 245
395 180 695
728 445 133
372 241 578
678 202 948
200 409 886
698 437 970
217 706 627
995 181 422
498 40 25
107 957 301
37 881 816
120 503 946
839 720 923
732 281 567
304 676 483
120 103 382
887 367 873
227 246 33
586 964 219
262 703 586
833 799 611
600 78 429
494 254 56
475 624 244
729 89 363
62 647 457
303 535 517
700 760 453
84 932 845
257 844 255
257 812 116
319 631 533
160 146 424
738 28 496
648 817 613
677 282 677
38 914 109
12 348 373
796 873 617
503 377 107
475 477 901
244 314 894
883 600 996
251 411 569
388 601 952
493 361 307
954 470 692
637 547 397
294 91 60
47 629 127
107 836 948
858 897 109
755 279 55
562 707 925
823 980 572
948 89 223
312 751 449
848 574 875
861 833 412
765 130 442
286 101 286
842 510 978
869 121 335
421 987 510
849 764 834
48 599 863
687 348 886
545 308 571
929 771 1
839 177 347
871 485 416
708 643 686
265 570 712
386 918 777
22 837 145
752 751 796
684 497 822
144 712 539
876 535 264
662 406 330
28 815 654
533 144 170
433 455 575
177 128 558
405 613 54
44 121 369
936 831 565
920 872 854
978 998 199
799 26 25
412 173 569
815 716 951
876 860 767
407 160 49
929 16 754
504 584 181
855 431 967
83 408 533
104 21 47
553 178 657
422 256 155
57 172 569
771 393 53
648 475 29
465 364 543
1000
769 995 1726
1815 811 4568
2220 519 6350
3730 100 7812
3778 716 9392
4608 921 9677
4707 586 10063
5187 658 11354
5841 469 11694
7188 434 11837
8768 870 12794
9153 743 13066
11004 135 13634
14231 650 15206
15270 490 17211
16028 526 17513
16126 356 19255
23297 776 23297
23328 679 23328
24107 95 24107
24570 196 25094
27041 508 27041
29609 141 29609
30175 8 30570
30196 185 32069
32012 60 32526
32350 849 33421
32761 508 33703
34204 804 34204
35031 30 35031
35763 402 36117
35766 71 36646
35774 711 36801
36272 310 37769
38096 796 40343
38305 715 41225
38368 925 41374
39343 745 41405
41967 135 42523
42585 690 44022
43177 645 44239
44793 646 45525
45046 55 45674
45131 820 45711
45305 296 46084
46551 23 46793
47746 702 47746
48124 877 48194
50431 692 50431
51615 711 51615
52620 636 52620
53586 825 53586
53825 341 53825
57561 758 57561
61563 295 61563
61646 966 61646
63124 893 63124
64131 523 64131
64434 825 64434
64880 618 64880
64967 520 64967
67746 735 67746
68235 94 68235
69139 706 69139
69155 760 69155
69419 539 69419
69581 996 69581
69715 336 69715
70409 892 70409
71348 917 71348
71391 204 71391
72608 679 72608
73608 319 73608
73799 551 73799
75501 925 75501
76803 307 76803
78214 523 78214
80628 220 80628
81096 775 81096
82730 478 82730
82922 202 82922
84014 254 84014
85084 861 85084
86108 34 86108
92967 426 92967
93193 872 93193
94576 478 94576
94886 589 94886
96453 724 96453
96998 241 96998
98994 121 98994
99069 266 99069
100765 443 100765
100982 41 100982
101812 480 101812
102819 749 102819
103249 193 103249
104059 695 104059
106004 387 106004
106713 109 106713
108331 713 108331
109213 409 109213
109704 265 109704
111061 607 111061
111311 337 111311
114087 360 114087
114239 220 114239
114888 639 114888
117189 571 117189
117863 776 117863
119072 586 119072
119787 314 119787
119970 678 119970
120515 656 120515
120679 729 120679
121213 428 121213
121407 543 121407
122116 738 122116
122201 709 122201
122501 399 122501
123514 89 123514
126350 83 126350
127535 869 127535
128432 850 128432
129431 247 129431
130147 166 130147
130758 750 130758
131673 857 131673
131773 320 131773
132077 57 132077
132242 448 132242
134685 585 134685
137172 321 137172
137432 341 137432
137853 79 137853
137855 984 137855
138731 250 138731
143702 216 143702
144380 99 144380
144891 87 144891
145584 45 145584
146435 284 146435
146443 956 146443
146821 142 146821
150821 219 150821
154330 916 154330
155542 645 155542
157371 569 157371
157464 425 157464
157637 409 157637
158710 696 158710
161283 994 161283
162652 614 162652
165745 971 165745
166442 783 166442
170233 806 170233
171208 705 171208
171283 30 171283
171454 471 171454
171584 225 171584
172599 762 172599
173961 54 173961
174771 496 174771
175088 4 175088
176866 151 176866
177643 456 177643
177754 825 177754
177831 810 177831
178594 826 178594
179209 513 179209
180388 178 180388
182579 828 182579
183679 691 183679
185664 401 185664
185977 697 185977
187102 367 187102
187165 891 187165
187816 215 187816
190092 242 190092
190198 671 190198
191420 262 191420
192409 252 192409
192496 150 192496
193643 623 193643
194813 323 194813
195747 81 195747
195766 283 195766
196314 679 196314
197559 439 197559
197709 511 197709
198883 188 198883
199325 439 199325
199548 986 199548
200637 118 200637
200775 978 200775
200964 944 200964
201907 476 201907
203107 874 203107
205350 630 205350
205731 835 205731
205756 20 205756
209406 110 209406
210364 801 210364
211005 190 211005
211457 845 211457
211802 479 211802
212782 649 212782
212834 155 212834
212916 690 212916
213650 287 213650
213837 199 213837
214006 716 214006
215097 334 215097
215219 788 215219
215549 631 215549
216001 219 216001
216226 412 216226
216916 763 216916
217804 393 217804
219025 60 219025
219372 218 219372
222780 632 222780
224036 394 224036
225143 63 225143
225500 920 225500
226687 512 226687
227624 738 227624
228119 995 228119
230900 32 230900
233036 12 233036
234559 970 234559
235680 909 235680
236385 3 236385
236538 464 236538
236699 424 236699
236908 532 236908
239375 741 239375
239511 911 239511
240184 845 240184
240226 459 240226
240276 938 240276
240824 524 240824
244092 941 244092
247420 547 247420
248013 52 248013
248419 10 248419
248790 393 248790
249345 347 249345
250710 114 250710
252696 432 252696
252729 76 252729
253157 220 253157
254020 434 254020
254203 299 254203
255264 235 255264
257166 591 257166
257349 311 257349
258792 983 258792
261611 320 261611
262618 165 262618
263038 519 263038
263230 33 263230
263727 750 263727
264281 873 264281
264573 463 264573
264585 651 264585
270322 8 270322
271440 274 271440
271859 900 271859
272063 136 272063
272909 176 272909
274802 739 274802
275061 827 275061
275691 820 275691
275827 426 275827
276021 691 276021
276638 908 276638
277397 229 277397
281344 841 281344
282211 256 282211
282282 547 282282
282652 552 282652
283398 462 283398
283929 977 283929
284169 391 284169
287400 183 287400
287714 13 287714
290126 20 290126
290978 571 290978
291242 743 291242
292495 168 292495
294613 77 294613
295536 535 295536
297354 932 297354
298383 713 298383
300713 628 300713
300958 454 300958
300991 550 300991
301905 720 301905
302995 573 302995
303166 355 303166
303753 407 303753
305869 817 305869
305916 457 305916
305976 672 305976
307210 422 307210
308950 165 308950
310569 597 310569
311260 263 311260
311460 39 311460
311802 306 311802
312091 288 312091
312281 191 312281
312520 248 312520
313779 396 313779
313865 529 313865
314761 157 314761
314820 65 314820
315185 482 315185
315188 522 315188
315663 118 315663
316521 57 316521
316667 53 316667
318457 695 318457
319007 628 319007
319733 17 319733
320236 270 320236
320342 512 320342
320631 422 320631
321767 353 323024
322153 539 323182
322760 807 323809
328948 496 328948
328967 230 328967
329542 828 329542
331847 99 331847
332094 625 332094
332371 97 332371
332397 946 332397
332406 570 332406
332663 9 332663
333222 564 333360
334179 192 334236
335092 402 335092
336639 147 336639
337467 294 338228
338556 802 338556
339423 456 339423
339687 201 343097
340424 504 343630
341655 980 344072
345309 80 345309
345804 848 345804
346567 186 346567
346958 803 346958
346963 670 346963
347621 300 347828
348830 413 348830
349214 440 351751
351399 548 354304
351757 663 355070
352417 304 355559
352899 497 356070
353555 624 357925
354409 702 358395
355494 126 360940
355631 477 360976
356095 785 361483
356306 925 362469
357225 83 365268
359284 153 366897
359546 235 367059
361502 973 368959
362042 627 370804
363744 771 370881
363859 214 371673
366036 433 373408
366885 708 374639
367850 798 374962
372715 776 375607
372850 569 377099
372891 700 378088
373761 971 378241
375392 956 378420
377142 250 378602
377482 937 380562
377635 676 380985
378366 432 381270
378765 606 382176
381389 607 382422
383211 688 383211
383800 99 383800
384320 622 389458
389123 415 389948
389986 297 390972
390140 746 393539
394349 371 394349
394415 737 394695
395183 907 395325
396711 922 396711
397461 275 397461
397472 777 398368
397572 971 398431
398300 479 398573
399517 628 399517
401049 951 401049
401091 791 401091
401256 125 401256
403865 758 403865
408901 664 408901
411137 494 411137
412619 842 412619
413052 549 413052
413905 780 413905
419502 573 419502
419717 790 419717
419873 819 419873
420602 581 420602
420633 853 420633
422243 666 422243
422711 358 422711
422792 239 422792
422961 310 422961
423157 895 423157
425112 915 425112
426421 13 426421
428108 770 428108
428724 475 428724
429343 573 429343
430176 966 430176
431983 378 431983
432012 678 432012
433525 283 433525
435064 414 435064
435192 546 435192
436400 683 436400
437247 520 437247
438098 102 438098
438926 721 438926
439080 796 439080
439521 680 439521
439608 210 441446
440143 387 443368
441158 164 444660
442455 598 444944
447091 776 447091
447897 236 447897
448798 329 448798
448822 757 448822
448931 526 448931
449394 842 449394
451940 356 451940
453661 480 453661
454584 228 454584
455513 831 455513
456450 776 456450
456462 57 456462
456886 368 456886
458190 966 458190
459724 670 459724
461968 192 461968
462262 669 462262
462965 980 462965
463283 894 463283
464054 819 464054
464593 618 464593
464614 239 464614
465085 399 465085
466442 524 466442
467601 668 468579
468309 785 469180
470195 131 470195
472254 59 472254
475274 761 475274
475472 717 475472
477581 151 477581
477990 603 477990
478279 811 478279
478594 530 478594
479353 431 479353
480530 479 480530
481240 226 481240
481845 5 481845
482171 284 482171
482206 918 482206
482458 666 482458
482727 637 482727
483843 832 483843
489071 311 489071
490156 795 490156
490364 384 490364
490687 544 490687
490930 490 490930
491520 123 491520
492549 128 492549
494180 478 494180
496763 629 496763
497265 678 497265
500460 858 500460
500900 973 500900
502219 306 502219
502647 685 502647
504096 237 504096
504888 812 504888
505380 434 505380
507036 770 507036
511179 687 511179
511239 246 511239
513070 710 513070
516818 816 516818
518715 976 518715
519358 994 519358
519866 234 519866
523105 13 523105
523664 331 523664
524709 373 524709
528369 40 528369
529520 756 529520
530326 490 530326
534183 41 534183
534241 522 534241
536169 387 536169
536885 847 536885
537984 499 537984
538253 156 538253
539733 452 539733
539810 793 539810
540440 824 540440
541225 610 541225
543866 415 543866
543872 448 543872
546215 481 546215
547825 54 547825
549144 992 549144
549449 556 549449
550323 245 550323
551308 193 551308
553067 103 553067
553209 333 553209
554950 612 554950
555119 345 555119
556451 499 556451
556967 262 556967
558579 689 558579
560153 332 560153
561396 53 561396
562414 796 562414
563170 780 563170
565890 69 565890
567038 607 567038
569056 586 569056
569364 782 569364
570142 574 570142
570378 136 570378
570839 237 570839
571427 15 571427
572857 238 572857
573069 126 573069
574180 64 574180
576942 40 576942
578659 636 578659
578900 900 578900
579705 453 579705
580059 226 580059
582153 302 582153
583679 302 583679
583727 436 583727
586209 142 586209
586605 116 586605
587289 428 587289
587748 59 587748
588307 74 588307
589271 10 589271
590619 669 590619
591284 165 591284
592274 518 592274
593170 880 593170
594543 34 594543
594574 214 594574
594638 646 594638
595361 527 595361
596209 453 596209
596711 239 596711
598298 558 598298
598546 308 598546
600051 580 600051
600308 417 600308
600893 191 600893
601223 800 601223
603353 963 603353
603796 587 603796
603832 980 603832
603967 830 603967
604491 775 604491
605982 719 605982
606536 103 606536
607499 597 607499
607556 824 607556
608291 179 608291
608617 610 608617
608958 377 608958
610623 509 610623
612710 293 612710
613102 176 613102
613337 722 613337
614808 796 614808
614911 717 614911
615104 362 615104
617703 597 617703
617868 593 617868
620414 699 620414
620551 337 620551
620900 883 620900
620986 96 620986
621962 204 621962
624075 171 624075
625415 926 625415
627557 36 627557
628126 942 628126
628807 419 628807
629044 292 629044
629383 108 629383
629611 998 629611
629757 109 629757
630600 179 630600
630856 144 630856
631193 750 631193
631220 643 631220
631573 686 631573
631887 835 631887
633088 779 633088
633379 435 633379
633779 264 633779
633798 146 633798
637073 186 637073
637321 867 637321
637867 384 637867
639245 409 639245
640454 616 640454
641121 837 641121
641946 487 641946
642191 152 642191
642271 166 642271
642587 629 642587
643418 576 643418
643683 598 643683
645716 599 645716
646120 910 646120
646890 155 646890
648081 317 648081
648236 720 648236
650077 900 650077
651597 749 651597
652092 865 652092
652100 296 652100
652785 940 652785
654130 316 654130
654494 668 654494
654822 79 654822
655375 538 655375
656098 17 656098
657824 739 657824
657872 7 657872
659768 806 659768
660496 859 660496
661041 481 661041
662024 90 662024
662275 802 662275
662460 702 662460
662538 779 662538
663258 240 663258
665629 627 665629
665938 768 665938
665961 605 665961
666368 966 666368
666716 228 666716
668130 14 668130
668650 362 668650
668955 348 669103
673185 24 673185
674351 332 674351
675502 122 675502
675653 910 675653
677043 235 677043
678095 325 678095
682811 776 682811
683149 888 683149
686391 205 686391
686422 171 686422
686756 956 686756
687137 608 687137
687631 223 687631
689365 15 689365
692522 836 692522
696097 321 696097
697484 183 697484
699164 526 699164
702403 977 702403
702802 336 702802
703482 702 703482
704846 848 704846
706272 269 706272
708051 309 708051
709710 151 709710
709844 567 709844
710354 317 710354
712077 554 712077
712182 265 712182
718005 248 718005
723458 594 723458
726135 915 726135
726840 140 726840
727547 742 727547
727614 355 727614
729397 900 729397
732195 785 732195
732485 692 732485
734279 773 734279
734925 643 734925
736715 761 736715
737134 323 737134
738079 761 738079
740183 225 740183
740881 424 740881
741589 865 741589
742425 111 742425
744039 517 744039
744101 774 744101
744343 845 744343
744676 182 744676
745630 14 745630
745674 753 745674
746806 430 746806
747103 706 747103
748095 260 748095
749092 871 749092
749252 351 749252
751460 594 751460
753167 209 753167
754084 296 754084
754884 431 754884
758609 408 758609
758856 690 758856
759796 768 759796
761110 379 761110
763855 848 763855
764202 998 764202
765044 341 765044
766466 355 766466
766830 302 766830
767000 826 767000
768926 855 768926
769492 982 769492
770209 204 770209
770709 30 770709
771926 413 771926
773582 229 773582
773703 986 773703
774362 755 774362
776086 247 776086
779719 640 779719
779845 693 779845
779858 714 779858
780049 378 780049
780066 36 780066
780651 498 780651
781520 442 781520
782180 876 782180
783303 557 783303
784213 202 784213
784340 700 784340
784774 725 784774
791859 865 791859
792681 262 792681
793642 844 793642
794458 580 794458
795341 484 795341
795869 119 795869
796095 259 796095
796730 26 796730
797607 765 797607
797862 242 797862
797887 163 797887
798648 261 798648
799253 2 799253
800321 795 800321
800458 369 800458
800852 144 800852
801150 733 801150
801777 592 801777
802084 497 802084
803092 534 803092
803894 759 803894
804237 835 804237
804586 180 804586
804883 445 804883
805767 46 805767
806457 355 806457
808936 689 808936
809776 567 809776
810166 622 810166
810325 387 810325
810411 579 810411
811194 948 811194
811862 858 811862
811994 702 811994
813257 129 813257
813496 190 813496
814317 698 814317
815244 841 815244
815299 965 815299
816254 879 816254
817483 862 817483
817890 722 817890
818155 256 818155
819599 742 819599
823387 526 823387
824305 271 824305
824683 675 824683
825247 728 825247
827449 960 827449
830217 373 830217
830495 912 830495
833152 809 833152
833345 290 833345
834935 194 834935
838184 462 838184
838509 445 838509
838925 135 838925
840491 757 840491
840726 43 840726
842835 293 842835
843298 960 843298
843829 894 843829
843845 119 843845
844885 296 844885
845798 866 845798
846708 993 846708
847338 181 847338
851345 283 851345
851642 900 851642
852943 229 852943
853099 150 853099
854320 524 854320
854362 394 854362
855115 13 855115
855204 684 855204
855437 272 855437
855490 910 855490
855600 984 855600
856542 68 856542
857561 678 857561
857679 802 857679
858587 53 858587
859902 609 859902
861262 703 861262
863367 485 863367
864632 400 864632
864830 181 864830
867194 673 867194
867260 816 867260
867848 939 867848
867910 962 867910
868396 984 868396
869318 693 869318
869410 863 869410
869831 87 869831
871523 571 871523
872914 879 872914
873082 228 873082
873146 445 873146
873166 438 873166
873982 911 873982
875123 681 875123
875867 119 875867
876956 670 876956
877749 590 877749
877806 423 877806
877841 898 877841
878252 364 878252
879478 86 879478
879998 563 879998
880784 419 880784
881073 322 881073
888150 480 888150
888342 762 888342
888526 371 888526
888590 849 888590
890305 9 890305
890919 490 890919
891556 562 891556
891881 374 891881
892319 544 892319
893490 342 893490
894403 436 894403
895577 300 895577
895926 480 895926
896028 652 896028
896454 47 896454
897098 791 897098
897559 435 897559
898778 599 898778
898997 722 898997
899866 484 899866
900858 167 900858
901375 917 901375
902846 924 902846
904333 780 904333
904819 267 904819
906972 515 906972
907361 741 907361
909876 206 909876
910014 740 910014
910285 901 910285
912027 911 912027
912526 766 912526
914035 786 914035
914100 368 914100
914593 87 914593
914819 291 914819
914898 903 915336
915245 956 915597
916638 506 916638
916903 465 916903
917866 379 917866
919761 295 919761
921573 717 921573
922154 597 922154
924543 578 924543
924990 231 924990
925411 563 925411
927150 105 927150
928337 227 928337
930180 137 930180
933105 832 933105
933258 574 933258
934030 649 934030
936574 361 936574
936578 555 936578
936718 193 936718
939241 34 939241
939789 253 939789
940426 946 940426
940946 540 940946
942343 721 942343
942461 343 942461
943937 164 943937
944413 59 944413
945501 429 946292
945755 55 946333
946570 53 946630
949087 35 949087
949580 981 949580
949728 810 949728
950383 327 950383
951004 924 951004
953163 204 953163
953812 288 953812
954031 393 954031
954469 533 954469
955094 137 955094
957477 782 957477
959082 190 959082
959674 828 959674
959756 603 959756
959846 190 960141
964544 282 964544
964617 647 964617
966750 734 966750
968637 258 968637
969167 355 969167
973998 401 973998
974202 991 974202
976897 611 976897
978793 161 978793
978827 774 978827
982384 548 982384
984065 331 984065
984474 443 984474
984980 199 984980
985680 442 985680
986111 403 986111
986149 596 986149
986541 643 986541
987054 776 987054
987073 780 987073
989502 94 989502
989904 30 989904
990911 457 990911
991600 971 991600
991839 176 991839
992992 604 992992
993360 692 993360
993542 861 993542
994522 28 994522
996093 558 996093
996633 357 996633
997509 462 997509
998461 746 998639
999648 81 999648
