1000 999
980 646 2992
361 125 3542
632 511 6512
213 461 1072
1000 552 2695
858 962 2197
492 261 1612
604 434 2543
298 791 6141
736 882 7575
154 493 9490
310 220 3013
843 8 2465
250 812 1646
210 867 6916
374 333 812
118 459 8499
650 375 964
154 155 209
582 474 7401
272 544 5332
933 868 3034
698 366 4900
103 449 3711
88 795 4165
665 453 6351
597 956 7194
497 913 6682
889 766 8439
700 320 9433
544 483 1332
343 288 5247
565 52 1450
18 767 4893
703 989 8935
255 351 722
504 781 875
9 784 2084
519 157 9814
750 193 43
967 671 800
273 814 1610
714 814 7491
916 878 9667
886 605 7577
210 119 8412
178 635 6780
866 622 2049
566 645 226
718 623 2441
434 526 2991
419 404 1618
824 45 9182
245 814 2300
457 66 4742
592 571 8971
417 787 3298
971 113 7529
534 700 5108
423 78 5551
116 438 8344
799 980 9230
525 534 8168
947 268 8154
120 685 7714
570 304 2635
956 291 3010
982 32 144
171 95 9311
468 410 6788
281 841 9646
310 933 1085
409 258 7949
664 583 3239
954 268 2686
809 195 1835
867 884 1051
826 719 1184
689 443 8742
32 196 1775
622 3 8359
459 150 5354
806 619 7283
433 245 936
351 143 936
514 260 3685
442 741 4838
528 730 628
501 822 4034
102 709 7686
516 637 3405
110 81 1881
583 673 8475
355 535 4544
420 997 539
689 473 2209
885 269 2361
136 638 3421
553 270 5128
175 243 3153
774 20 8480
217 790 4302
952 4 6434
838 926 8874
299 922 5765
266 326 3461
886 160 9860
777 792 7518
371 3 4
998 204 3583
49 8 7327
315 984 6355
109 736 6398
410 124 403
523 719 5527
951 67 4399
36 445 7309
655 473 5459
862 861 6257
375 913 7703
997 523 803
364 544 8557
231 441 8549
58 360 1596
914 28 4364
609 189 2428
34 920 4148
446 989 2928
290 492 4067
203 15 719
944 301 4478
380 265 8183
297 491 9554
197 589 6903
313 419 434
314 134 7608
857 627 4464
553 544 9795
248 491 6527
46 315 2373
162 298 8906
594 201 9755
909 746 1508
923 512 8027
206 782 3760
41 292 7056
652 400 2519
267 642 9588
616 10 3191
469 849 3522
600 97 4847
425 411 8971
466 280 7257
27 805 6646
301 275 5502
756 141 6673
85 570 5591
584 302 5970
269 8 1821
995 548 276
725 11 3857
687 37 409
177 814 9993
988 626 6272
319 541 2534
559 112 627
298 510 497
396 38 6696
763 565 5631
669 815 8226
339 498 1233
20 80 9404
382 413 9722
879 346 3023
512 378 8217
460 46 1919
815 856 2782
965 639 6123
842 582 9149
244 24 902
831 355 7506
600 357 471
588 760 4252
227 510 278
888 987 8293
788 63 5301
350 62 4006
570 555 5964
322 928 1732
614 738 1341
142 107 6151
722 154 468
876 342 2988
53 67 8424
683 936 49
949 153 9032
376 994 625
55 157 2816
472 914 6880
309 671 2700
337 690 3787
418 145 5426
745 141 2571
312 963 5813
908 362 2569
790 547 8818
257 486 660
296 228 3181
276 531 9098
418 715 1081
990 610 2414
721 452 6783
7 125 583
750 640 4833
81 974 4475
975 131 3673
724 398 7541
440 482 2340
937 451 6149
566 840 3657
133 962 3634
607 281 9789
168 303 2835
131 139 4110
480 677 1306
316 674 9355
529 789 8308
169 686 7921
412 12 6416
806 572 6981
355 771 7983
338 518 9344
248 695 3024
68 368 3056
5 696 5851
800 74 8223
979 32 3615
218 813 5708
650 377 2629
32 582 8771
530 697 8741
575 254 9821
905 868 8147
624 585 7027
438 222 4864
176 57 3693
681 262 480
961 36 6453
172 117 7747
352 306 5409
435 327 2199
303 611 4227
589 221 2073
533 602 7859
19 67 2927
533 667 8082
972 675 2166
941 142 8019
564 905 1773
996 159 388
189 272 1530
911 847 5477
20 427 181
776 341 1222
353 585 6864
877 820 5758
50 985 9302
701 332 2744
336 892 6724
490 506 5933
794 424 4246
562 936 160
406 209 3395
668 658 799
807 329 8165
557 138 9578
485 558 6491
78 794 8146
631 802 4631
996 392 8224
601 174 4425
990 622 9581
753 208 6713
503 241 3898
960 959 4909
796 940 2677
963 584 3470
964 365 9575
670 178 3181
898 610 183
56 349 8039
840 155 5142
832 908 4153
187 287 6091
114 440 7032
68 478 4446
35 414 8845
701 644 8260
716 962 5749
424 495 6030
632 127 356
762 17 2598
316 591 145
895 388 4649
583 1000 6252
662 84 7304
539 707 6007
573 910 9221
364 898 7312
880 692 8139
589 39 1822
505 732 328
294 369 1666
379 229 1941
71 483 9949
386 577 9833
916 561 977
325 284 6421
25 240 4667
676 465 2828
126 61 8112
93 397 8041
507 261 6574
621 327 4727
617 431 7394
780 757 4881
471 496 8895
835 388 1014
499 993 9197
51 267 4264
893 362 3059
407 90 7275
267 599 7829
334 264 2919
570 741 2128
922 913 2517
782 653 2205
951 1 7258
180 14 6941
660 880 6686
954 862 4066
191 406 1878
263 2 5734
912 546 495
934 764 6755
41 113 6863
168 26 2143
128 242 9170
962 508 8974
962 446 6183
666 982 4557
592 752 4231
374 207 3203
385 383 6642
698 421 9655
259 735 9424
732 527 1701
334 890 679
303 754 5040
247 558 7976
987 286 1222
864 983 6385
409 892 7301
346 676 9030
979 137 5103
633 18 6831
401 413 2863
968 823 5956
577 121 5609
727 991 2961
923 148 5372
698 164 3009
519 97 5711
890 86 5022
385 241 9013
114 818 6457
554 284 9543
882 530 1931
72 367 7837
732 249 8271
748 712 2316
434 345 4363
281 269 7782
876 764 4002
216 819 4225
586 415 7926
709 531 5781
361 669 9711
340 319 9005
567 883 9935
370 948 5688
157 342 7952
855 87 987
214 928 1896
895 261 4413
406 973 8616
643 751 7391
799 441 2679
919 159 9941
218 199 7773
953 689 3020
259 697 9334
38 177 2820
454 863 8128
874 711 8309
223 944 6293
180 706 3532
98 662 684
662 613 7477
628 501 2280
244 352 4007
821 922 1809
662 566 7333
965 844 7393
887 579 3628
657 194 9253
107 153 3259
188 200 7299
60 369 639
590 6 7283
862 258 889
198 378 576
915 427 4037
252 456 9019
459 429 4401
417 848 3804
116 135 6616
569 436 3858
723 138 7405
471 837 6761
35 31 7588
217 985 2980
411 253 325
919 140 7973
33 318 494
440 904 5652
182 221 9457
744 21 8460
285 120 9369
785 725 1724
324 29 5879
66 581 8346
273 610 208
467 960 9684
541 488 6990
708 302 5012
44 950 7770
591 708 8513
434 72 5633
289 65 2235
87 525 1644
219 369 7983
857 731 9848
358 543 9000
312 995 2923
223 94 6429
75 100 7812
75 653 880
261 463 9941
729 64 6594
606 802 9847
282 595 7043
741 395 5799
693 253 1400
291 487 5992
928 182 5389
938 252 7889
819 828 5900
77 347 713
363 550 6102
184 122 184
18 603 7907
384 709 3200
516 82 9330
457 73 9492
447 564 8340
607 166 9255
762 398 8597
580 775 3852
964 812 1023
634 141 8831
239 164 5907
152 15 8747
76 485 6523
44 559 241
254 531 1239
287 738 6711
365 40 5643
104 656 8861
322 265 5257
103 660 1104
41 873 2094
111 335 7748
42 176 6181
683 349 5945
202 205 2998
641 366 2770
574 525 1508
410 63 9275
820 60 9961
753 132 2055
768 619 5046
367 939 8469
181 625 7012
475 146 9452
552 735 5142
336 630 9122
308 410 3204
241 717 136
317 777 6731
930 480 2908
14 185 7717
498 405 960
407 45 878
960 910 3684
617 775 916
268 282 9114
901 775 8306
794 83 6941
759 948 4479
100 808 3974
11 628 9625
332 219 8439
165 623 6575
513 780 8110
186 222 1831
776 552 5516
99 165 2038
992 330 4059
351 799 8986
237 527 7499
687 790 651
500 21 8922
915 666 3912
896 319 9342
521 733 4952
329 735 5591
191 801 1925
786 840 8803
769 859 6201
739 820 7917
243 240 2572
338 770 6373
130 959 867
843 798 4486
437 167 4632
989 513 8544
606 992 7996
615 207 2252
692 302 1659
577 892 3087
289 89 3648
994 90 9241
821 303 8461
347 865 9161
509 773 3976
323 560 2008
305 341 2440
758 459 4356
25 705 6647
422 316 6955
855 10 2400
373 942 6086
275 97 2541
223 115 3390
245 161 9725
800 412 3926
481 700 6202
448 320 5568
100 817 414
149 760 6903
549 389 3203
174 221 5365
906 522 6470
5 612 7381
910 804 3262
10 7 249
215 501 4114
780 968 2125
164 883 3211
172 585 1915
877 612 5898
918 697 6693
436 542 6412
494 349 3095
166 48 2042
904 745 3876
902 473 3094
758 464 3504
29 517 5887
638 537 659
935 910 469
363 408 9315
253 764 5685
869 82 9337
976 429 6206
780 578 9896
782 678 7863
711 852 4188
564 73 3868
216 811 8542
839 85 5062
271 843 2759
367 328 4081
338 819 4165
145 538 9074
108 366 4294
399 195 9413
207 199 6164
860 122 2774
466 568 96
476 30 3371
712 966 8582
163 851 8966
79 532 1102
462 933 5738
997 975 9896
179 403 8070
22 994 9967
115 797 9964
892 122 2313
886 485 4190
223 734 183
635 772 4109
232 976 6250
303 648 5555
92 975 6762
362 27 5785
425 986 8491
376 740 6180
428 289 6988
31 69 9255
243 988 545
426 139 5015
905 458 6443
432 628 6844
265 119 8029
107 318 5114
943 282 7486
872 638 9246
192 614 162
21 502 1593
262 821 2702
744 591 4237
684 416 8606
520 426 3075
179 917 599
75 469 1174
420 141 7380
551 447 6384
810 806 1659
639 715 6435
954 335 4490
534 477 5839
2 371 3421
829 847 4978
178 190 7787
16 180 6129
783 737 1520
722 556 7235
778 333 9292
372 559 4790
747 676 1811
730 870 1542
74 277 6515
387 667 1926
60 598 3497
176 707 7752
242 717 7371
587 374 5354
72 241 6843
105 211 6574
548 916 3452
729 104 9127
653 54 2869
802 417 4606
254 53 7665
9 272 8515
575 173 6431
904 650 6714
776 636 7465
371 970 6836
750 532 3139
183 416 2582
476 168 7781
225 208 2904
705 958 2273
178 13 3575
593 170 1971
243 783 3804
925 486 9536
675 132 5451
805 286 5834
547 894 1270
611 323 3086
231 546 7333
893 887 5061
273 920 5131
361 454 2581
721 206 5748
183 620 4897
746 53 5049
726 55 5165
356 470 3492
575 527 1137
348 568 9597
605 845 2951
320 474 3624
219 237 8202
198 556 1782
227 931 3876
43 521 2434
126 343 466
784 521 2717
935 469 9430
675 720 4797
504 168 3591
16 74 994
739 779 7952
161 654 9718
62 489 7830
539 935 3672
475 260 1393
29 625 5493
519 126 9065
406 901 2107
488 89 221
789 90 9784
710 90 3177
683 622 7494
206 728 5757
869 31 3157
773 399 9407
993 466 362
158 315 9014
826 846 9927
968 471 379
5 381 7263
392 350 9144
487 945 5754
969 151 2468
953 915 9052
680 828 9628
536 186 9361
218 106 2885
420 771 4599
524 498 365
919 238 6913
108 942 8475
540 645 6090
388 746 432
668 163 1005
609 64 4728
688 284 3249
212 375 2523
871 540 3868
655 228 4589
525 833 3114
513 451 1602
89 174 7453
778 596 7344
243 853 5150
847 349 3887
461 524 847
487 81 9826
829 657 9696
292 727 4552
936 623 6839
702 594 1896
582 978 8783
59 886 7458
262 403 3092
883 478 3207
357 704 6480
659 720 1289
557 77 4677
686 293 2458
834 394 7147
699 600 7650
749 663 2701
122 897 6453
341 720 4484
117 379 9582
632 593 2675
864 913 6616
504 850 2390
914 825 7273
344 964 9248
701 307 8379
511 762 7104
559 875 1571
251 398 7892
932 977 5395
233 955 9270
939 881 5807
937 456 390
874 364 1261
841 291 2461
835 23 1497
471 930 3788
269 195 6734
902 209 5536
387 45 315
334 755 8213
745 510 1181
939 435 7744
96 605 1224
120 345 5614
260 946 9894
17 101 6302
150 5 9186
445 14 2127
618 398 3033
906 337 9457
590 237 4748
91 351 1188
505 742 918
892 236 9770
489 557 3772
750 31 3490
891 707 7945
870 514 2231
156 16 7723
235 608 3664
352 801 2879
858 359 7668
694 198 9859
792 761 1863
20 123 9551
513 629 9619
402 352 9537
139 522 597
957 254 9764
194 701 8036
668 518 6909
524 827 8005
989 479 2003
242 646 9545
453 864 1935
981 536 1362
484 70 3194
569 31 9839
437 317 9270
516 416 16
240 796 3244
867 224 2275
635 619 4748
200 584 7915
678 345 3521
981 283 8671
142 205 1217
177 419 561
660 662 2715
185 888 8708
647 730 2653
542 545 6826
793 301 8826
506 730 8786
792 264 1203
844 827 1286
381 586 7602
964 967 3097
173 393 3305
870 922 3285
883 267 5972
170 854 6926
586 927 6450
52 84 5767
903 712 6166
652 536 820
411 256 4637
576 706 4817
278 101 5086
883 465 7172
906 204 2844
331 811 7020
117 794 6560
274 919 2916
834 546 4163
267 484 7611
230 171 7106
884 253 8484
12 432 5866
799 566 254
629 554 1079
169 348 449
147 409 8914
724 873 4382
444 627 4544
938 235 6416
129 408 1482
173 391 3453
76 26 7447
899 611 1133
969 805 1063
295 969 1640
4 767 8973
991 95 5824
489 765 9831
226 999 338
294 340 8938
649 624 4378
900 581 5638
144 372 606
117 563 2955
218 738 4740
250 379 6086
786 430 9706
580 234 4364
38 439 5827
950 299 2769
743 648 7306
968 93 5913
838 862 6041
751 663 4177
417 723 5319
564 65 8265
723 524 6972
836 128 8751
743 658 8624
731 860 5240
987 958 5847
854 907 3821
544 300 9775
948 94 7725
297 457 7016
666 136 5642
338 178 2711
620 568 2587
486 850 4993
375 415 1367
769 884 183
766 397 7091
324 812 1415
571 289 6675
545 949 6210
530 252 916
643 511 8874
388 233 6673
712 679 4313
363 166 9967
290 738 9221
853 687 8313
497 450 3124
314 356 4269
988 455 656
32 929 8602
105 663 3132
304 997 2465
184 230 5618
147 246 4089
722 698 1798
389 838 2454
208 812 5490
939 691 6319
364 761 7476
311 137 5951
932 937 9081
39 149 7789
192 47 7344
288 924 4810
810 798 528
334 354 6531
424 525 4024
460 186 5421
530 816 5331
830 198 2642
512 713 8810
372 661 7733
515 381 398
348 857 4353
658 279 3245
348 4 9656
682 996 1347
135 911 1591
388 921 8493
141 413 5014
390 731 665
74 558 1829
737 651 6980
966 9 6956
88 530 627
31 827 9720
321 673 8640
56 529 7615
184 655 7687
472 668 5485
308 283 2297
18 500 7857
152 256 5565
543 56 6746
676 803 9680
314 536 5700
206 226 1020
507 583 5407
416 58 7172
672 358 9301
266 124 5982
702 338 5971
1000
46734 501 130663
50702 106 275607
120479 887 282117
153992 437 455954
156286 701 538946
170160 982 608131
472657 997 705217
473535 137 806487
536877 707 811090
569850 645 812651
691836 790 867862
695290 469 1018977
703099 541 1222727
743170 408 1278023
750848 389 1315867
848777 720 1595255
860248 91 1628941
926670 808 1700783
955062 425 1735292
1006676 663 1738233
1176568 217 1908012
1178599 401 1908550
1342079 559 1931871
1462348 663 1985409
1472237 537 2172957
1535671 681 2329917
1580308 408 2359885
1582177 489 2597519
1613942 515 2673515
1843781 863 2702196
1923867 906 2935748
2028050 423 3288760
2131763 465 3307017
2198221 427 3390327
2303601 725 3559830
2352475 920 3648824
2515225 17 3722550
2543993 496 3797684
2568515 551 3818033
2596728 500 3997210
2735292 90 4412096
2874339 699 4622649
2874966 427 4704918
2895664 66 4825587
3081602 579 4840111
3187158 55 4889083
3226252 183 4926401
3284389 364 5106810
3604211 443 5214967
3869834 649 5541528
3958529 716 5708343
3980353 47 5914680
4022387 122 5946287
4042837 701 6132234
4043607 537 6454806
4192972 927 6464536
4201438 165 7004482
4294461 205 7017604
4482565 191 7421584
4627491 204 7468487
4652760 799 7600356
4761466 666 7845659
4892771 546 7890845
4988182 321 7911031
5078892 706 7921715
5105562 449 7935842
5126630 380 7952230
5148731 647 8035738
5634743 507 8072776
5882096 115 8202383
5890178 836 8222026
6016115 770 8241368
6044807 448 8339700
6125310 91 8509884
6186807 129 8607049
6251597 24 8668498
6347958 117 8836007
6422391 635 8942618
6528105 236 9048845
6741043 316 9116511
6886108 61 9232025
7147431 891 9289734
7416786 309 9448830
7538731 557 9574510
7744852 252 9587995
7769632 887 9832741
7874521 211 9857522
7965626 573 9889573
8005670 183 9897610
8125743 521 10192626
8132045 6 10207697
8214622 713 10397001
8334665 58 10422367
8573263 781 10574805
8988905 898 11082229
9409833 805 11129385
9543449 214 11161793
9687228 543 11218029
9850103 940 11224971
9891279 780 11247261
10128070 219 11256391
10633109 631 11301265
10774001 391 11467478
10899685 539 11476549
10901299 19 11507838
10909396 872 11557914
10918604 746 11568627
10999042 217 11602374
11034307 451 11696152
11137398 265 11743449
11245609 533 11890668
11423310 218 11968731
11431129 27 12007489
11720600 62 12020592
11725120 262 12110562
11727553 40 12166276
11929005 543 12178518
12215056 459 12234360
12258557 753 12418136
12281926 928 12461482
12283285 112 12574561
12286566 558 12773620
12442615 458 12811836
12672907 201 12838335
12684264 919 12935218
12839255 602 13181358
12850974 116 13215646
13037374 341 13433787
13100747 989 13442966
13265573 495 13474988
13280085 474 13628565
13300693 300 13630321
13319865 815 13734048
13368035 13 13826262
13381699 598 13950663
13382779 238 13990881
13544106 642 14012298
13561967 473 14060944
13570999 655 14082003
13617259 498 14210805
13720218 130 14261242
13893661 781 14269008
14004401 935 14339221
14335015 508 14413909
14395079 198 14591593
14662015 784 14662015
14756846 604 14756846
14936655 819 14936655
15031753 716 15031753
15249737 140 15249737
15529396 915 15529396
15619897 875 15619897
15714852 784 15714852
15722125 715 15722125
15752253 682 15752253
15906282 449 15906282
15944748 128 15944748
15949570 551 15949570
16124079 8 16124079
16249904 909 16249904
16288132 949 16288132
16555244 710 16555244
16585356 138 16585356
16771852 862 16771852
16839226 573 16839226
16954011 426 16954011
17037014 389 17037014
17111329 832 17231985
17117709 100 17234017
17214940 208 17309917
17470327 977 17470327
17648233 75 17648233
17701348 892 17701348
17722449 321 17722449
18113222 747 18113222
18160423 327 18160423
18243250 856 18243250
18254691 80 18254691
18365923 990 18365923
18398428 837 18398428
18601061 974 18601061
18686755 461 18686755
18711994 47 18711994
18760991 401 18760991
18806539 706 18806539
18807546 137 18807546
18869053 883 18869053
18925004 828 18925004
19312232 24 19312232
19356887 49 19356887
19441909 56 19441909
19483847 606 19483847
19585666 171 19585666
19603256 662 19603256
19655466 914 19655466
19738953 158 19738953
19933717 596 19933717
19938910 890 19938910
20099172 774 20099172
20145212 108 20145212
20275832 851 20275832
20292994 165 20292994
20344556 707 20344556
20345176 446 20345176
20459671 511 20459671
20475990 270 20475990
20535297 250 20535297
20552179 360 20552179
20553659 946 20553659
20579584 567 20579584
20699236 460 20699236
20742977 665 20742977
20780925 972 21022154
20793619 543 21060972
20832754 613 21091817
20877632 177 21151754
20900809 419 21177326
21006377 345 21301138
21014972 235 21676158
21064293 737 21690873
21115494 642 21781571
21150775 662 21788634
21200662 244 21818568
21382378 704 22004890
21414665 272 22017311
21509907 364 22020026
21549137 155 22167869
21788239 77 22289222
21816797 341 22361073
21826889 933 22379314
21844855 388 22385642
21919871 231 22449409
22034352 241 22565345
22050891 143 22685224
22177153 643 22831400
22289258 863 22941442
22303879 595 23063556
22383654 466 23071912
22714487 935 23092205
22975616 454 23176494
23002422 957 23367643
23153409 832 23423916
23219474 641 23552147
23220145 19 23704452
23284875 112 24017795
23551009 497 24085315
23566065 486 24153153
23597397 20 24155325
23863721 933 24244757
23907311 694 24329065
24047971 390 24714741
24075898 45 24930326
24134913 213 24997709
24638539 678 25038413
24688419 742 25079357
24745773 467 25348336
24849200 745 25451463
25081812 351 25515093
25264948 629 25543923
25267529 84 25623275
25274207 951 25691755
25284644 724 25790988
25285260 429 26216092
25583786 429 26446492
25629729 752 26521598
25643758 495 26590703
25693667 269 26628984
25706474 893 26629101
25847926 359 26652836
25946323 185 26847613
25997869 73 26999683
26397862 96 27008119
26681178 304 27163834
26795390 590 27267917
27089428 69 27376362
27329711 891 27430618
27388730 784 27432869
27453073 118 27494167
27483640 375 27541815
27497187 844 27763186
27519752 836 27802003
27539040 595 27928232
27556106 413 27931037
27565837 890 28168255
27689736 467 28205763
27885846 311 28283058
27897773 482 28302122
27909417 932 28487755
27927548 615 28734223
28223093 728 28745235
28338867 667 28769084
28439262 985 28837172
28861976 481 28879015
28866583 656 29211049
28883994 999 29232533
28949761 357 29259853
28963708 894 29373323
29021753 690 29537861
29060255 531 29563394
29192722 37 29654537
29374692 6 29975762
29381131 18 30091033
29543523 688 30389421
29616115 927 30698371
29630211 530 30722312
29633396 568 30778331
29634534 90 30907380
29993158 769 30940294
29998111 787 31064994
30038417 811 31685014
30109435 820 31731548
30266056 682 31739230
30269494 624 31859856
30294497 1000 31894705
30351111 331 32002569
30691581 863 32167413
30753251 802 32169745
30814494 532 32246995
30835676 986 32408840
30938294 622 32431153
30946167 886 32583030
30990955 973 32675082
31047023 383 32724134
31074040 888 32751936
31298640 698 32825516
31364353 344 32861712
31505151 398 32867855
31862745 945 32869940
31934036 192 33432015
32138460 625 33437115
32395587 860 33562620
32639373 578 33921625
32663622 936 33934292
32678153 866 34002123
32720917 838 34223708
32748881 366 34281162
32770122 360 34451159
32902338 548 34504604
32919124 122 34635919
32958602 633 34934116
32984775 834 34944625
32984884 510 34954023
33054683 257 35099302
33055009 715 35146458
33084110 171 35195964
33199349 119 35392205
33221276 315 35403753
33261473 974 35430821
33277197 247 35515887
33373805 359 35555592
33577528 575 35990291
33629932 812 36177261
33890839 329 36192763
33931923 21 36373613
33940542 779 36489320
33983691 522 36496689
34010057 27 36591845
34335219 62 36639048
34350106 178 36749256
34373702 566 36876498
34383563 470 36915294
34385024 841 36979607
34697760 505 36989535
34736146 702 37024235
34924017 306 37163429
35041734 886 37233405
35417568 920 37260342
35453557 239 37291918
35478921 860 37360122
35594972 729 37391697
35718184 979 37456294
35785602 954 37598079
35803973 864 37805322
35817477 791 37923463
35868305 201 38007099
36046083 219 38010132
36127912 519 38112644
36212333 364 38330329
36300131 102 38370395
36414442 218 38553813
36505036 419 38570694
36556657 672 38683669
36725536 265 38915520
36769775 832 39033757
36799247 614 39048303
36907553 353 39048404
37086004 269 39052913
37210333 312 39112302
37271705 890 39516609
37304276 352 39530574
37337825 251 39542170
37734507 109 39590787
37805500 629 39604731
37888663 288 39678607
37919139 984 39707260
38086398 193 39777795
38346085 452 39953884
38420046 531 40258365
38799086 92 40378093
38930697 488 40569006
39198549 639 40663407
39313118 552 40736424
39388474 878 40775313
39390017 460 40824774
39469081 717 41008827
39571654 54 41041221
39577049 160 41110417
39677666 229 41298492
39685108 352 41426768
39749136 988 41506703
39978553 292 41572356
40288359 210 41705562
40425563 194 41744503
40572010 563 41911452
40648961 781 41992368
40775631 460 42083596
41028392 916 42266501
41042705 359 42271051
41123795 30 42454847
41312778 774 42454921
41658377 901 42471929
42154310 35 42490330
42209158 303 42648128
42238412 182 42656191
42375958 131 42658313
42377666 470 42947604
42777985 166 43165417
42810174 475 43338037
42958306 272 43439713
42982641 316 43521405
42982802 144 43590637
43015782 949 43614527
43202961 122 43708105
43207852 912 44184330
43269882 856 44330768
43335315 829 44583199
43356542 651 44779331
43499042 474 44793081
43506603 618 44809863
43527018 882 44818553
43661908 477 44967322
43676711 518 45078231
44215239 290 45097309
44275789 504 45331824
44325258 35 45376916
44396154 922 45785330
44442564 403 46057882
44538902 424 46188578
44625114 638 46282867
44694456 360 46419770
44842158 979 46555774
44845419 81 46577015
44929284 828 46583565
45117989 854 46783828
45260800 696 46826276
45332420 339 46965630
45393868 206 47142625
45402874 248 47393628
45441756 703 47499412
45461071 383 47898822
45475599 861 48017830
45583741 995 48222248
45588256 766 48286135
45660444 542 48319241
45703990 9 48409600
46146359 817 48512344
46537594 395 48526817
46835209 714 48584472
46966643 765 48834478
47030518 547 49227513
47164632 464 49430758
47307903 991 49665004
47310957 390 49718184
47328289 603 49718300
47405937 904 49851417
47513889 573 49964377
47635166 261 50021568
47642878 413 50034408
47718707 286 50212625
47835309 798 50599709
47989898 266 50742557
48091586 385 50799910
48204013 977 50962466
48247857 802 50994630
48538428 904 50997720
48850690 403 51120403
48870433 580 51382346
48879255 132 51384666
49036911 506 51435652
49047576 857 51473009
49178156 482 51620602
49180778 111 52092667
49194125 716 52215868
49226003 866 52245283
49337030 210 52394923
49362496 968 52404493
49374036 815 52491809
49380252 369 52689279
49404349 182 52894825
49527837 707 52924326
49547373 716 53150514
49624459 397 53213157
49670007 986 53275326
49698691 456 53352728
49892679 18 53456569
50000052 333 53515216
50122735 560 53578688
50386889 608 53730899
50501378 526 53860450
50546487 308 53971078
50565036 367 53994095
50580269 113 54294704
50607010 477 54479255
50632567 739 54551613
50775759 958 54610050
51033014 8 54645184
51218099 295 54823015
51236969 60 54883626
51357630 764 54915950
51378476 479 55068357
51418318 668 55075074
51452241 700 55186751
51466255 75 55239265
51866070 462 55250413
51998614 463 55292569
52230769 459 55429113
52575443 231 55776030
52578753 965 55826691
52582214 483 55845187
52616630 239 55873095
52664555 970 55996809
52688168 907 56165155
52729428 168 56302932
52868058 409 56433369
52967519 71 56657787
53161913 433 57203803
53272867 16 57242747
53314735 57 57249519
53594207 384 57333237
53664077 905 57354047
53668060 742 57359211
53772894 918 57382593
53913643 784 57441460
53948774 594 57614947
53966398 893 57617640
54143547 674 57655977
54159929 932 57693441
54280032 488 57793062
54474201 770 57816857
54709330 324 57885945
54721856 686 57946554
54750921 522 58090661
54885339 720 58174541
54965778 979 58256161
55122547 528 58571037
55176394 345 58573040
55282216 700 58776625
55317718 335 58832438
55373842 99 58871121
55570000 359 58871297
55587848 130 58918457
56129202 248 59005127
56283619 702 59033926
56332639 431 59064792
56442325 814 59386010
56521455 440 59547714
56587438 67 59612919
56686370 296 59783174
56721292 506 59987450
56748193 598 60016116
56776087 819 60025279
56776864 735 60108322
56854981 960 60126620
56859951 535 60164370
56907030 681 60204844
57438953 660 60352396
57546506 555 60458865
57898610 838 60553441
58007188 242 60706150
58091311 925 60783248
58093581 473 60785569
58219959 736 60809525
58301573 832 60858663
58636595 305 60888612
58643967 366 60894264
58646624 335 60927415
58652323 477 61052345
58720167 52 61135970
58778056 788 61489774
58831651 228 61636317
58947260 479 61675986
59263237 168 61960211
59346258 843 62264570
59464839 757 62264769
59698995 477 62463933
59774409 699 62467869
59835453 13 62516993
59874678 874 62571362
59914924 983 62768685
59971719 665 62854296
60186022 301 62876609
60265253 599 62927730
60288841 997 62978180
60337126 734 63083135
60392413 533 63200655
60564785 873 63202281
60776530 459 63225775
60886568 837 63229792
60956779 424 63248221
61089288 505 63324985
61244969 147 63343951
61464967 814 63357302
61470801 631 63364921
61517000 409 63373037
61578126 477 63432464
61704399 251 63513922
61706530 907 63544164
61748341 354 63608673
62142480 569 63623246
62150899 966 63642873
62227396 13 63695810
62487955 992 63766279
62844907 81 63833639
63066748 302 64009867
63194817 3 64078728
63384439 999 64151007
63407735 983 64225623
63501247 990 64448606
63755869 765 64484655
63844101 926 64559176
64027082 77 64691615
64050735 268 64691873
64059828 494 64716891
64237451 677 64767101
64277196 855 64987357
64373134 776 65105945
64542891 974 65171818
64625022 120 65263699
64759548 56 65300401
64761575 563 65352302
64820478 435 65494011
64845724 662 65662093
64922760 977 65717891
65104789 531 65720396
65364110 18 65730616
65511880 596 66128149
65584572 617 66136872
65665930 959 66241792
65814238 882 66714285
65969411 702 66783495
65984031 384 66871889
66060502 800 66975524
66183332 676 66978837
66369381 144 67255402
66444303 116 67270900
66518856 127 67275975
66654833 932 67421580
66766589 954 67469585
67010184 496 67609367
67043566 484 67762450
67086485 976 67853100
67136803 348 68045530
67201477 345 68116445
67566318 265 68135397
67592482 651 68199508
67787652 238 68350306
67842246 246 68354922
67869767 601 68552884
68069015 414 68564530
68181831 265 68720051
68205552 685 68916830
68260082 326 68948827
68363387 944 69026631
68371839 573 69359226
68389657 98 69575532
68523247 718 69642174
68652997 840 69746449
68866140 210 69780989
69010831 224 69836021
69141431 984 70043573
69155544 357 70422690
69255777 627 70490284
69256477 771 70533329
69372184 760 70563848
69487797 791 70932778
69492483 672 71025114
69593746 446 71025996
69661456 284 71532953
69687893 682 71589489
69753811 838 71627107
69837404 149 71684807
69884956 554 71845815
69982296 59 71860778
70017486 531 71996253
70020397 961 72006012
70239208 267 72012436
70317268 740 72014157
70493362 638 72087502
70494814 923 72105316
70548943 173 72231213
70678111 700 72379625
70695327 783 72407951
70796806 103 72533149
70809306 244 72610394
70886638 306 72833036
70936438 406 72844996
70969172 297 72964510
71030189 410 73013546
71158201 767 73061465
71352079 933 73103732
71360084 462 73145898
71420528 672 73189766
71447862 714 73434590
71464004 860 73503206
71470343 148 73588134
71684467 454 73671434
71763370 799 73762444
72007911 817 74004302
72071390 688 74084754
72077565 586 74100424
72132121 994 74123730
72144397 886 74327854
72201740 674 74362978
72286802 678 74662412
72314453 294 74809920
72327712 85 74815787
72377253 282 74875735
72618158 729 74926599
72667460 114 75024875
72696008 88 75299770
72863275 203 75316844
72868614 319 75430236
72951124 784 75455781
73256750 493 75636365
73330340 948 75764600
73440798 242 75781391
73520848 468 75817459
73524210 869 75858428
73541053 112 75921614
73570815 296 75995498
73571119 358 76137448
73679484 650 76144607
73923840 186 76173223
74160525 364 76323936
74328098 628 76420279
74420832 880 76431226
74493000 749 76658196
74554575 742 76666271
74576174 62 76803060
74655239 800 76892666
75156835 228 77163643
75401297 213 77183189
75525532 308 77188948
75615206 607 77222277
75729513 536 77276738
75740556 785 77447531
75752915 906 77451381
75819596 651 77525307
75826420 21 77699997
75957165 321 77703934
75973462 701 77775302
76089681 455 77858130
76097310 471 77961231
76214042 691 78021223
76365245 184 78140559
76459883 205 78150981
76483410 124 78256206
76556099 405 78283194
76811815 933 78551478
76841225 40 78644504
77023669 300 78665776
77170208 423 78685478
77174049 322 78931555
77409893 778 78953908
77416193 470 79029315
77485162 697 79578558
77511614 273 79677592
77561748 806 79896851
77687933 286 80002295
77796636 883 80107712
77923393 830 80407170
77928006 537 80486012
77956705 937 80550534
78070300 762 80564744
78105129 872 80592643
78108792 604 80611885
78137746 8 80796352
78346774 148 80841461
78357662 497 80855482
78398528 36 80897967
78845051 851 80911280
78910431 895 80944832
79017029 569 80992006
79068819 918 81011492
79071215 443 81087100
79073691 864 81192818
79134701 509 81303134
79151692 883 81319280
79235408 952 81370018
79338333 756 81428691
79509178 293 81525488
79679427 818 81577616
79773881 450 81584457
79838366 269 81896659
80038668 359 81899345
80181229 317 81905203
80235523 918 81934877
80360322 341 81953802
80495688 622 81977850
80514307 428 82090643
80532700 736 82106141
80667739 330 82164894
80681784 495 82628253
80828726 814 82698313
80889892 643 82750263
80918738 466 82837024
80969012 938 82843654
81019061 307 82909663
81105334 311 83087687
81195618 635 83108658
81198282 917 83316979
81243679 472 83356407
81288409 962 83517663
81351214 280 83695208
81421822 185 83785497
81510008 54 83946996
81599489 636 83958149
81606440 848 83997715
81802286 732 84174815
81975085 728 84183474
82176853 349 84233049
82365208 668 84279093
82367913 638 84367649
82416204 978 84730048
82559628 759 84794978
82625288 721 84802941
82658017 233 84821495
82683290 193 84902975
82757601 503 84950862
82945369 88 84992219
82987413 120 85139609
83017849 937 85156549
83174490 320 85245585
83196687 879 85280636
83214736 569 85327750
83313441 427 85434132
83315373 599 85565634
83550705 601 85602915
83666758 413 85631269
83782902 841 85641130
84138558 935 85648721
84201925 953 85693050
84752672 448 85796248
84766682 306 85798695
84789239 191 85799181
84848722 806 85881927
85222441 412 85983222
85245133 927 86015958
85268918 154 86138149
85440345 514 86159902
85532555 721 86226256
85986140 85 86319042
86314529 506 86324884
86380268 884 86498956
86415781 936 86588527
86569631 945 86609717
86681958 38 86744132
86796572 682 86813381
86822280 752 86894327
86826415 332 86936266
87143270 87 87143270
87489015 131 87489015
87518611 923 87518611
87573925 88 87573925
87597007 238 87597007
87601950 962 87601950
87626156 385 87626156
88166604 414 88166604
88285974 182 88285974
88383210 398 88383210
88453116 20 88453116
88548997 389 88548997
88698716 513 88698716
88717166 399 88717166
88729046 608 88729046
88853946 965 88853946
88912030 369 88912030
88962066 272 89017791
89009580 144 89191545
89026827 502 89319873
89057178 8 89586454
89205870 426 89734943
89233538 705 89878537
89302203 665 90020427
89423955 621 90073853
89426776 877 90163728
89447117 767 90224582
89644320 436 90261033
89672024 85 90265419
89776088 225 90319934
89781906 629 90379183
89905467 303 90399771
89925763 362 90404655
89986896 1000 90580682
90000836 969 90677640
90087936 401 90692631
90091908 870 90887544
90406623 508 91037238
90648363 404 91048873
90697993 355 91263183
90718256 744 91289934
90721746 675 91489434
90754917 879 91538574
90812364 738 91539585
90874262 945 91544505
91625301 563 91625301
91945037 485 91945037
91966772 209 91968712
92027850 501 92132524
92073007 475 92133681
92104204 315 92239116
92129983 254 92240337
92279390 934 92279390
92403946 584 92403946
92529520 495 92529520
92628461 667 92823960
92668273 682 93102358
92776229 60 93151901
92902520 313 93158479
93055311 736 93258709
93196935 306 93316700
93523553 349 93523553
93569619 327 93569619
93584781 217 93618363
93642923 797 93706868
93670537 205 93847994
94167974 475 94167974
94381223 855 94381223
94463423 261 94463423
94524749 414 94524749
94568865 607 94568865
94749376 974 94749376
94800390 666 94800390
94958104 496 94958104
95013213 357 95013213
95079308 335 95079308
95237996 282 95237996
95281765 12 95281765
95292125 765 95292125
95405248 907 95405248
95529401 299 95529401
95587343 377 95587343
95619601 53 95619601
95658876 362 95658876
95682630 471 95682630
95711113 235 95711113
95840440 862 95840440
95958743 531 95958743
95973575 841 95973575
96047072 596 96047072
96055126 413 96055126
96145133 16 96145133
96373622 357 96373622
96388878 858 96388878
96638363 648 96638363
96701131 244 96701131
96764478 151 96764478
97214496 774 97214496
97247803 691 97247803
97332349 610 97332349
97346649 850 97346649
97364698 151 97364698
97482136 247 97482136
97573422 732 97573422
97699864 852 97699864
97797813 851 97797813
97913114 863 97913114
97921679 287 98092894
97975794 7 98163682
98072779 245 98196154
98083987 823 98375455
98270991 356 98462737
98327225 815 98779667
98347918 366 98828775
98533757 212 98887099
98650909 739 99108625
98705814 107 99125182
98706490 765 99163202
98707163 823 99257468
98931691 552 99300951
99003837 553 99399513
99091293 401 99477416
99164159 286 99575880
99186984 154 99654753
99195618 565 99824702
99203342 168 99854335
99275139 213 99861774
99365131 664 99899328
99625830 34 99918254
99889871 162 99994978
