1000 999
406 335 3081
912 673 3169
187 404 6486
632 690 1744
889 263 6015
642 606 3522
870 862 3338
34 933 6049
870 808 4313
771 587 5104
94 788 9906
77 65 5618
258 427 2398
390 232 789
180 950 5024
430 819 6528
530 474 578
144 37 9648
938 989 3268
419 309 5573
646 50 2160
408 495 5857
884 578 7191
940 951 1065
175 174 6101
257 668 2600
495 305 9574
901 712 7541
921 308 3212
134 738 4904
583 311 4998
827 875 3647
576 562 6400
313 944 3903
985 959 4212
555 219 7348
831 112 9775
475 498 4988
388 559 879
669 613 6776
413 273 1519
235 206 1385
382 765 2121
442 618 2188
69 430 6639
28 550 1641
92 35 6819
477 893 4983
7 681 1036
702 824 7463
1000 964 6603
790 38 6377
928 97 6472
984 944 7799
676 22 3299
522 518 1685
855 155 6637
680 9 3162
136 717 2793
18 932 9048
849 702 3156
262 476 6428
924 955 6667
342 757 9957
687 421 7732
927 799 540
298 711 7604
958 717 6294
94 837 9034
914 444 289
856 69 8190
570 190 963
769 275 77
616 802 4721
847 521 3723
210 536 4993
655 127 4660
856 612 5232
241 188 5839
518 405 5151
865 797 8380
378 667 9015
495 530 2952
614 85 4856
308 879 4323
68 349 1117
381 644 2872
409 265 8850
970 276 1519
365 378 689
660 772 7429
160 762 8563
489 286 2212
148 680 3806
154 949 8577
987 492 6476
102 227 4806
677 737 9439
31 120 3515
65 89 9042
264 23 9493
385 760 4308
866 75 6989
301 818 3222
664 625 5337
404 751 8372
954 786 487
378 436 4699
882 393 1635
542 842 138
528 598 5840
775 341 849
163 931 2890
633 480 6954
177 484 4602
130 874 5020
969 302 6224
456 349 1483
931 982 8219
565 786 3250
574 515 6314
228 356 2272
947 761 5902
690 756 7570
239 628 5122
928 128 7402
665 844 8911
415 593 3986
434 235 2272
728 503 486
488 312 7701
496 866 644
661 830 4865
47 909 3387
105 604 8899
442 63 2092
486 850 141
809 966 2223
318 506 457
960 433 1737
916 477 1625
944 224 337
259 876 5310
93 350 5383
986 244 1703
415 34 49
14 861 8594
549 258 3581
490 433 6936
489 359 3239
705 184 8160
392 592 6598
244 814 3699
557 884 1645
484 998 8695
396 713 549
248 381 5155
357 204 8044
72 206 1013
129 704 5429
948 721 5405
548 651 4234
114 504 9434
563 763 3408
260 4 352
828 836 2840
379 455 1239
976 47 9645
13 998 7778
594 222 5734
894 636 7523
274 571 765
277 365 2739
9 239 3632
688 631 3131
957 666 5185
166 515 1798
920 718 4300
965 365 3965
67 803 2127
542 659 3875
266 838 4366
679 329 7758
980 102 3632
227 347 9999
535 358 2774
773 79 4128
27 396 3822
640 602 3078
439 858 5833
93 300 8345
16 33 5663
513 691 3359
120 923 4163
69 455 1570
342 782 882
576 682 5179
185 265 7184
445 602 3450
312 434 5782
863 844 6424
81 337 3511
608 633 2696
207 440 9426
161 403 1588
189 456 3633
997 832 4994
601 1 8472
205 517 464
2 456 8475
417 601 8146
483 325 6620
966 555 8825
121 23 8351
758 671 7500
490 634 8982
323 644 2554
163 253 5868
417 509 2312
100 612 8377
399 918 4282
549 315 5398
252 467 3215
752 656 1834
467 604 9353
462 373 3899
461 988 6304
16 574 3366
21 496 5634
937 413 4687
176 627 5187
614 658 8217
964 702 6888
513 1 2171
324 231 8378
206 175 7283
163 939 125
854 13 585
826 251 2622
741 847 2977
569 116 2800
973 711 7670
881 546 1848
745 922 951
199 486 7532
647 493 864
435 303 8967
586 807 7188
633 523 8491
460 422 4832
261 44 8734
292 644 9281
402 448 9061
951 756 9830
660 199 4193
757 968 7228
451 965 914
198 944 5178
54 428 2740
365 547 3579
113 183 6259
965 76 5981
708 890 589
474 470 1595
745 444 7714
366 746 1040
459 368 9244
902 208 1081
55 830 7539
380 197 2162
291 517 6096
762 254 4476
258 354 1679
801 12 9626
802 955 3103
544 768 3549
713 71 5826
650 263 4830
551 411 7463
508 122 7931
404 308 8440
63 170 1849
540 816 3324
932 686 5067
337 558 3972
15 481 3934
853 87 2738
281 84 998
215 308 7535
941 609 9171
230 602 3847
948 51 6983
998 671 823
737 277 9192
868 192 3023
979 700 7976
728 770 197
186 492 8982
519 420 6597
586 603 471
663 179 356
791 464 5888
430 332 2533
891 96 1576
208 45 3450
589 455 3816
508 453 4147
779 722 5715
577 267 8193
950 88 6332
969 277 6978
768 440 5248
80 132 4451
765 467 1291
281 653 6944
238 847 3264
90 31 1301
83 959 7111
347 376 8173
372 770 7130
362 33 9251
110 305 6523
368 288 4084
507 160 1603
967 846 3175
744 353 718
31 186 6033
135 132 6222
497 926 3447
601 646 8834
38 457 5234
188 232 7280
397 636 758
346 352 3793
311 596 3330
351 557 923
294 12 2721
91 997 3826
907 119 6060
527 625 9982
624 271 4182
228 363 2583
324 999 9162
383 410 5364
463 494 3657
30 143 2231
673 385 3627
880 333 3235
49 563 5115
787 652 1683
282 443 3036
637 532 1040
150 338 2333
214 259 4096
433 391 7423
995 395 8208
274 782 5664
434 307 1469
338 945 3633
962 270 7374
42 499 1803
166 804 6624
582 667 3526
196 530 2083
141 960 3434
133 499 2324
407 471 8536
915 376 5434
723 709 4501
821 44 5831
575 887 9114
194 53 3222
234 320 5362
626 928 6208
615 765 8150
420 37 180
316 168 7882
108 141 5452
674 432 8878
913 584 1572
308 635 3819
885 299 4104
40 859 8861
118 405 4082
874 552 5468
897 209 8942
859 143 410
327 687 1567
876 191 2784
441 621 4560
949 626 6835
198 662 5006
118 66 8385
441 676 7645
782 106 8449
789 593 6071
918 812 5210
293 716 4697
774 196 6609
943 49 7736
512 521 9221
592 158 0
558 633 314
53 827 7848
767 969 2345
71 974 6055
237 852 9393
863 239 9136
125 946 5486
429 750 4544
856 255 4678
54 202 2633
516 459 5329
818 872 8191
645 815 760
630 701 2339
908 872 6861
149 639 7950
620 28 3530
656 384 3046
910 492 2307
752 642 1536
496 765 7863
234 104 4623
11 983 2298
205 490 9096
320 812 7832
889 182 6822
449 193 6280
731 347 7625
811 42 9229
280 8 6340
607 760 7783
491 617 1811
406 937 993
331 824 4814
916 604 1875
744 152 9311
825 632 9277
77 213 9379
315 972 1709
675 663 8328
991 3 1067
493 450 7627
69 959 7510
473 638 7692
153 990 7634
148 391 3937
697 789 5473
978 209 4621
835 840 4786
584 148 9587
770 170 7255
208 887 9519
718 210 5683
287 536 3283
66 215 4910
230 818 7154
148 736 8922
421 55 425
4 184 6697
800 57 1208
494 982 1104
340 301 8860
374 566 9722
967 531 6730
698 24 866
947 284 6330
237 859 5501
869 958 2671
647 730 6610
54 459 8661
833 172 8537
498 95 6334
951 40 1300
926 215 2325
157 900 8444
499 353 4983
892 627 1183
580 114 5075
914 533 8410
79 500 5819
787 764 1222
281 83 9362
99 390 8487
661 712 5696
73 678 5113
390 907 3529
87 326 506
676 43 9636
147 807 356
241 328 9125
445 941 7974
774 745 3934
617 852 6168
32 526 2808
964 267 8954
868 356 3852
276 191 1226
571 556 2583
101 733 2358
76 52 640
137 212 2997
946 595 8114
145 503 8146
719 591 3171
945 229 8442
119 841 350
593 561 801
78 41 5024
706 33 2138
784 839 8066
890 418 8065
242 231 9620
355 105 7094
771 591 4381
107 130 6570
417 322 9112
524 208 3057
957 878 6417
788 299 2181
838 446 5240
786 339 2807
58 644 8431
993 422 3959
65 903 8654
690 86 6169
821 996 8833
282 26 3094
25 90 4898
113 381 353
717 966 9779
800 906 679
883 239 1879
747 921 144
709 210 7447
370 724 1652
999 642 6896
990 855 4511
478 601 2982
367 596 5835
51 803 3311
49 317 8095
479 147 2981
615 482 5081
688 544 6556
678 936 892
695 581 56
386 642 2139
975 464 6190
483 162 8896
448 418 3078
338 876 6895
313 366 8214
762 710 7408
994 776 4921
455 539 300
426 470 5834
231 899 5381
755 797 5012
657 580 2439
920 140 3997
755 921 1726
600 262 1006
825 929 2876
636 3 2347
858 633 4383
57 449 2245
209 309 4922
942 165 3774
298 624 5702
270 30 6100
641 468 9072
829 495 1440
596 353 6112
139 109 3314
679 333 3823
266 643 8885
207 639 947
13 371 4097
564 168 7694
703 166 9936
167 573 2428
146 350 1257
897 629 2838
643 50 5274
707 504 9716
766 124 8732
271 788 4551
155 860 7906
278 350 9399
868 124 7907
427 827 1002
687 740 1220
281 590 4743
764 155 1036
609 759 920
238 611 546
48 298 7166
857 262 9024
302 10 3134
291 748 9249
580 733 456
4 54 2363
682 499 1147
8 486 5634
654 132 4122
329 451 4494
72 226 3198
994 712 352
163 188 3672
730 911 3630
425 682 6724
468 639 8049
778 272 3369
348 726 8871
915 813 9856
108 773 9770
588 442 7488
339 723 8356
377 772 8787
642 753 2884
195 799 838
234 188 5195
505 937 6984
843 74 6357
955 976 9144
714 160 6342
547 775 1072
546 225 6953
200 63 6188
171 308 8313
553 425 3353
379 732 884
450 924 7995
904 810 6268
696 279 6843
46 467 7692
521 345 8316
435 11 6584
220 269 6316
881 729 3179
659 832 9797
935 35 827
156 121 8276
816 739 8645
334 347 1848
769 746 3637
916 195 8914
357 825 4234
510 300 1512
906 780 802
768 29 7145
936 581 4340
439 117 9855
978 956 8696
802 972 4434
81 39 6996
695 223 3926
185 361 7939
157 636 9303
131 370 1320
243 588 6263
890 342 8096
169 327 3461
326 704 1556
891 617 4998
466 924 2866
715 501 1453
614 231 5231
893 78 9468
222 782 5688
705 489 1587
845 195 5465
455 822 8045
77 564 9070
306 370 8825
62 70 5193
267 74 6548
476 295 8302
280 793 4341
343 798 765
322 828 590
864 307 1960
82 241 2551
680 240 5237
304 138 7672
664 302 2777
212 433 7202
749 292 2601
682 990 2616
525 646 5919
547 645 4704
834 714 3515
981 587 3865
792 386 4048
694 878 4666
551 189 9015
701 563 5387
971 871 3404
572 610 172
429 971 4798
595 341 8761
507 418 1941
440 93 9954
321 109 3973
260 19 9388
782 443 3994
966 854 300
181 421 278
533 906 8556
761 179 1314
860 361 9258
637 833 3119
673 695 4873
316 528 9079
566 431 9783
685 36 5479
557 352 7986
439 622 3569
159 285 445
862 360 1959
868 164 7978
597 49 9867
211 922 3132
405 848 1297
442 126 434
336 922 371
936 683 5045
112 220 2888
115 678 1436
725 595 1414
61 765 8535
283 553 4038
294 567 5117
877 417 8507
652 925 2500
450 67 3034
330 184 5891
115 457 5797
604 826 7361
60 863 8800
511 220 2796
867 654 6991
38 247 8319
392 722 9650
400 488 840
319 247 645
982 256 1160
938 302 2540
128 668 2260
575 995 3938
849 651 9537
296 28 601
155 694 5294
643 130 7458
895 923 4179
857 436 5038
289 217 9767
123 248 6136
720 779 9427
513 752 6027
88 407 9251
549 886 4391
485 389 565
392 499 5548
583 501 3326
83 795 2467
796 524 7190
211 974 3137
274 871 1238
623 233 1585
20 435 5300
563 564 9439
693 231 8166
502 856 2230
736 585 3753
540 873 1561
313 293 1656
432 853 8436
288 37 7397
315 59 9220
953 785 829
162 511 2419
24 172 7639
429 416 9414
177 573 9944
794 733 9633
766 977 3508
568 996 2361
420 246 3127
177 798 9831
904 575 3066
373 898 8461
659 26 8864
512 5 957
134 524 2103
566 295 9694
338 921 6666
621 612 4646
206 554 5022
5 754 4760
605 383 2294
809 727 157
775 876 7589
838 655 3592
15 456 7118
393 258 3772
438 805 1749
635 953 52
152 696 6769
890 591 9444
662 349 4919
846 452 1031
337 593 8976
164 499 7551
871 316 53
619 119 5499
882 950 9401
435 388 8624
446 277 374
545 676 3481
378 201 297
706 942 996
506 203 890
703 284 1151
953 932 6679
167 377 2992
235 514 7917
425 109 6802
142 33 8881
183 360 3325
96 613 4779
169 743 8833
236 514 7167
546 510 2335
107 630 5255
538 221 2437
218 752 1724
961 587 414
973 605 9815
64 626 9684
88 541 444
791 20 1913
854 739 8676
50 896 3047
112 296 6467
749 465 6395
36 660 9876
68 610 2301
683 728 136
898 98 1064
264 979 367
905 369 2994
537 324 8725
325 919 7347
567 114 2409
623 814 1993
975 216 363
581 783 6627
892 599 9953
31 769 3979
665 720 1960
952 847 5051
328 485 6007
577 603 5075
88 412 265
963 806 2083
461 479 6345
20 967 3146
770 151 9442
199 272 6714
132 929 1185
173 966 8295
175 23 3317
820 767 4597
344 513 5221
650 369 3885
871 164 3709
436 63 9390
605 341 8994
611 645 9822
917 115 1900
398 625 1356
681 823 1954
672 110 7134
380 458 2134
649 539 3672
991 245 5892
181 424 9970
373 847 9595
588 851 2638
129 382 8461
770 505 3910
889 454 9796
120 724 8347
374 349 7696
95 369 3536
985 817 1247
472 145 1102
534 171 9669
742 543 2408
930 509 5674
394 89 12
602 475 6396
660 119 5681
648 608 928
637 208 7753
249 844 3039
103 167 7978
129 152 5282
375 268 5403
992 568 9398
393 190 3315
629 888 3278
135 310 4036
375 554 2039
560 578 7878
6 455 3207
356 963 4471
62 228 7579
437 563 3052
704 287 6385
111 628 5187
32 555 33
231 574 3560
401 376 1626
232 904 7759
611 579 1052
161 240 5668
680 250 6472
734 350 7299
822 469 7108
479 983 7947
667 414 1010
377 380 4766
489 474 6711
689 327 6693
697 284 4653
557 719 9652
297 891 3008
208 221 6634
670 949 8556
334 1000 6783
53 257 5932
276 872 2138
387 408 5136
953 17 5135
46 7 5102
251 122 5906
742 124 1253
784 478 4616
314 315 8121
988 506 1901
934 112 3765
836 569 4270
516 77 8352
302 159 639
229 51 289
447 272 1233
203 514 1590
627 188 6544
967 567 5244
904 617 723
755 612 8323
859 687 985
851 692 3642
178 11 9790
974 881 7149
95 20 406
783 157 1601
346 735 9231
138 821 2556
423 947 260
520 325 1544
721 935 6524
677 348 8145
835 946 8137
422 162 1777
123 439 3102
289 661 7760
56 847 2768
995 473 418
40 325 8018
777 260 4424
684 418 3760
981 309 3624
480 699 465
290 125 9507
872 487 2375
781 332 6738
700 438 7969
953 540 9353
364 797 8517
233 217 2834
14 845 7443
358 837 5349
99 529 5203
829 992 4524
1000
34206 843 34206
57032 75 90231
107461 527 125959
191607 452 201730
283975 643 283975
294340 804 380838
302289 782 431646
314110 884 540466
369041 611 624037
486005 308 707888
527592 544 736884
616228 602 828112
669299 475 860710
675087 861 900361
760983 111 927917
773619 853 1174709
802564 972 1202469
906404 424 1234204
994938 890 1296930
1034628 395 1319556
1186268 42 1376103
1186545 962 1408589
1257040 655 1476705
1332235 615 1528619
1363975 991 1593222
1451891 461 1635912
1513233 598 1800465
1538854 575 1818639
1797916 171 1851657
2004914 449 2004914
2033332 379 2033332
2046209 653 2046209
2063514 186 2063514
2172909 454 2234045
2203300 886 2555970
2220178 882 2577567
2238061 951 2613123
2460480 554 2714030
2609637 700 2809180
2701066 297 2818383
2726276 215 2845623
2797327 806 3010398
2822288 836 3049216
2882069 288 3143475
2913825 160 3194616
2966188 462 3224206
3004984 967 3263026
3052291 224 3267382
3078530 654 3276019
3139095 644 3335143
3145030 234 3391101
3197648 599 3523812
3212190 482 3536762
3298041 856 3539843
3342655 775 3672907
3373039 668 3707041
3414619 301 3728230
3542020 590 3752074
3592890 402 3805733
3628179 4 3838292
3755976 421 3857440
3854435 280 3857558
3868652 904 3873162
3869843 991 3883367
3887688 144 3904067
3958211 455 3958211
4015995 73 4015995
4016887 842 4016887
4030095 907 4030095
4232727 995 4232727
4397300 146 4397300
4442787 201 4442787
4456751 796 4456751
4571752 455 4571752
4603438 759 4603438
4844603 910 4844603
4894201 978 4894201
4898469 201 4898469
4957032 232 4957032
5075220 169 5075220
5082441 83 5082441
5249339 233 5249339
5264987 783 5264987
5334459 448 5334459
5360825 547 5360825
5379504 137 5379504
5417856 906 5417856
5428939 529 5428939
5515981 627 5515981
5569746 222 5569746
5625126 308 5625126
5653386 362 5653386
5778170 335 5778170
5781382 534 5781382
5797200 581 5797200
5802632 245 5802632
5850116 589 5850116
5907992 942 5907992
5921432 706 5921432
5931631 507 5931631
5938487 86 5938487
5939314 737 5939314
5958043 289 5958043
6027614 844 6027614
6150465 898 6150465
6150530 294 6150530
6167252 939 6167252
6231835 103 6231835
6285002 488 6285002
6356343 49 6356343
6448731 695 6448731
6464448 388 6464448
6469450 364 6469450
6475918 511 6475918
6496187 715 6496187
6540446 267 6540446
6579389 910 6579389
6630293 685 6630293
6644298 148 6644298
6751463 883 6751463
6751964 977 6751964
6779980 548 6779980
6845522 771 6845522
6849009 693 6849009
6851792 465 6851792
6968389 366 6968389
7005454 131 7005454
7080860 851 7080860
7100480 146 7100480
7110166 464 7110166
7161263 946 7165913
7188820 557 7305455
7249092 681 7357464
7260541 662 7412075
7324242 397 7468002
7393875 277 7477344
7508977 741 7519582
7617937 673 7617937
7641698 189 7641698
7649947 798 7649947
7702584 701 7702584
7794549 194 7794549
7796632 702 7796632
7841303 684 7841303
7848860 351 7848860
7865132 73 7865132
7880447 327 7880447
7934962 280 7934962
8054455 394 8087063
8056884 527 8141408
8063066 77 8152945
8123642 651 8228911
8141936 2 8236025
8178653 642 8261818
8263291 132 8386258
8288943 626 8522891
8389077 373 8589028
8587918 800 8721521
8604375 213 8745409
8630858 442 8891028
8687709 240 8957451
8830054 810 8976342
8882518 858 9064269
8891208 817 9066732
8917273 181 9096454
8974893 339 9138164
8988036 626 9181315
9012855 216 9193027
9115986 406 9226367
9179235 899 9296406
9189297 186 9370514
9255061 687 9388323
9387248 481 9424958
9407223 859 9435079
9434643 905 9444881
9449795 477 9467437
9512811 786 9512811
9541105 923 9548240
9686427 759 9686427
9818256 700 9818256
9846268 686 9846268
9884436 2 9884436
9921382 829 9921382
9967355 462 9967355
9996866 267 9996866
10062408 268 10062408
10133407 777 10133407
10156523 3 10156523
10228404 899 10228404
10379247 966 10379247
10516904 134 10516904
10553721 692 10553721
10586847 473 10586847
10650172 891 10650172
10753555 186 10753555
10766121 254 10766121
10769312 327 10769312
10871885 83 10871885
10944423 29 10944423
11001811 804 11001811
11003996 709 11003996
11192821 669 11192821
11265894 401 11265894
11281618 374 11281618
11347175 110 11347175
11476577 37 11476577
11481987 158 11481987
11558080 896 11558080
11580091 298 11580091
11580325 14 11580325
11594788 630 11594788
11639638 261 11639638
11672104 415 11672104
11742057 409 11742057
11795850 12 11795850
11827019 997 11827019
11827280 396 11827280
12006454 758 12006454
12133170 896 12133170
12154182 924 12154182
12207272 915 12207272
12231401 241 12231401
12273963 593 12273963
12275871 928 12275871
12302981 928 12302981
12306734 173 12306734
12425618 98 12425618
12471203 506 12471203
12498622 534 12498622
12514170 488 12514170
12669204 547 12669204
12726791 752 12726791
12857512 35 12857512
12932968 317 12932968
12950301 389 12950301
13032105 458 13032105
13097292 571 13097292
13118014 940 13118014
13136474 487 13136474
13141040 999 13141040
13164313 920 13164313
13218353 208 13218353
13343023 46 13343023
13469468 700 13469468
13472995 528 13472995
13492558 205 13492558
13510303 927 13510303
13515879 385 13515879
13592326 710 13592326
13607011 252 13607011
13613250 423 13613250
13657426 985 13657426
13666054 555 13666054
13685548 138 13685548
13720077 988 13720077
13766267 899 13766267
13815185 496 13815185
13872380 877 13872380
13882867 927 13882867
13885106 815 13885106
13909112 899 13909112
14185953 428 14185953
14225201 22 14225201
14236565 855 14236565
14302851 95 14302851
14358369 433 14358369
14374018 787 14374018
14403869 475 14403869
14416731 349 14416731
14434524 300 14434524
14436716 965 14436716
14440524 666 14440524
14455081 266 14455081
14509680 974 14509680
14524161 585 14524161
14572277 718 14572277
14591463 535 14591463
14631861 347 14631861
14641787 833 14641787
14660158 509 14660158
14740918 846 14740918
14757555 133 14757555
14821426 134 14821426
14851897 897 14851897
14867170 396 14867170
14875817 803 14875817
14905692 513 14905692
14906964 361 14906964
14956133 62 14956133
15041501 261 15041501
15070010 779 15070010
15179341 360 15179341
15187360 142 15187360
15219474 899 15219474
15221791 754 15221791
15336031 150 15336031
15349441 141 15349441
15498596 836 15498596
15512303 596 15512303
15617837 340 15617837
15622435 166 15622435
15623224 812 15623224
15655697 52 15655697
15707599 494 15707599
15738965 304 15738965
15747736 558 15747736
15750452 845 15750452
15766646 733 15766646
15909609 701 15909609
15921054 548 15921054
15976295 462 15976295
16130449 828 16130449
16190865 28 16190865
16334648 29 16334648
16359436 383 16359436
16449474 58 16449474
16494531 163 16494531
16533243 377 16533243
16542379 407 16542379
16579866 107 16579866
16589099 732 16589099
16677936 95 16677936
16684198 238 16684198
16720172 179 16720172
16769141 135 16769141
16859076 198 16859076
16876740 691 16876740
16902058 729 16902058
16992998 38 16992998
17121382 592 17121382
17216004 218 17216004
17304279 636 17304279
17427722 291 17427722
17460184 710 17460184
17496493 658 17496493
17507661 272 17507661
17534046 14 17534046
17540025 818 17540025
17547258 333 17547258
17606712 715 17606712
17696747 969 17696747
17721628 128 17721628
17736954 988 17736954
17788660 694 17788660
17892792 596 17892792
17903479 110 17903479
17975634 232 17975634
18107704 22 18107704
18274834 535 18274834
18280591 255 18280591
18316932 793 18316932
18319188 909 18319188
18324734 783 18324734
18325476 594 18325476
18343831 343 18343831
18386570 250 18386570
18408169 826 18408169
18446918 656 18446918
18482223 45 18482223
18524600 117 18524600
18560078 268 18560078
18591815 753 18591815
18615488 144 18615488
18631356 254 18631356
18672968 970 18672968
18703053 250 18703053
18721638 969 18721638
18733481 611 18733481
18753458 54 18753458
18778119 88 18778119
18881113 199 18881113
18916228 434 18916228
19019803 503 19019803
19024360 619 19024360
19055756 515 19055756
19079178 191 19079178
19085434 132 19085434
19151125 866 19151125
19223566 150 19223566
19239634 739 19239634
19313398 657 19313398
19381796 170 19381796
19485020 693 19485020
19486335 661 19486335
19500289 230 19500289
19565261 509 19565261
19632974 587 19632974
19659061 826 19659061
19719248 845 19719248
19738370 704 19738370
19885661 704 19885661
19888474 632 19888474
20050625 327 20050625
20270727 62 20270727
20428171 520 20428171
20471377 570 20471377
20551609 155 20551609
20573297 404 20573297
20589106 460 20589106
20628550 488 20628550
20698900 799 20698900
20748916 181 20748916
20778651 200 20778651
20785789 825 20785789
20875665 681 20875665
20889117 887 20889117
21036151 504 21036151
21038423 534 21038423
21109531 200 21109531
21119000 285 21119000
21173615 927 21173615
21204882 645 21204882
21206791 716 21206791
21463889 994 21463889
21504866 254 21504866
21568192 820 21568192
21593147 550 21593147
21596466 25 21596466
21619566 263 21619566
21757458 186 21757458
21814416 53 21814416
21896257 308 21896257
21906885 483 21906885
21943494 687 21943494
22053159 58 22053159
22098019 161 22098019
22124393 695 22124393
22199820 532 22199820
22239466 885 22239466
22240406 566 22240406
22269480 923 22269480
22318350 426 22318350
22363556 601 22363556
22384299 561 22384299
22436025 374 22436025
22479721 164 22479721
22548153 34 22548153
22552321 926 22552321
22592712 688 22592712
22635390 939 22635390
22672802 683 22672802
22683953 748 22683953
22805229 293 22805229
22806064 301 22806064
22871631 871 22871631
22872079 966 22872079
22879291 950 22879291
22917067 122 22917067
23052274 555 23052274
23056320 840 23056320
23164824 697 23164824
23196654 571 23196654
23229989 889 23229989
23347111 904 23347111
23383053 631 23383053
23406236 639 23406236
23481530 453 23481530
23544854 509 23544854
23608527 401 23608527
23633676 444 23633676
23771931 666 23771931
23785707 945 23785707
23812174 6 23812174
23830081 626 23830081
23846576 837 23846576
23948041 460 23948041
24036346 42 24036346
24038018 807 24038018
24082889 671 24082889
24149156 693 24149156
24191488 752 24191488
24260166 666 24260166
24290839 414 24290839
24355458 301 24355458
24372095 867 24372095
24403507 377 24403507
24424425 758 24424425
24435218 558 24435218
24504218 593 24504218
24556370 520 24556370
24605344 994 24605344
24670864 538 24670864
24775760 144 24775760
24804031 216 24804031
24914828 343 24914828
24933997 785 24933997
24984791 90 24984791
25031300 779 25031300
25055098 413 25055098
25074486 338 25074486
25128249 453 25128249
25131012 369 25131012
25141102 792 25141102
25219190 229 25219190
25283865 111 25283865
25340876 212 25340876
25359822 386 25359822
25381034 828 25381034
25409479 665 25409479
25481048 106 25481048
25491207 795 25491207
25604857 809 25604857
25634121 428 25634121
25738328 708 25738328
25767034 255 25767034
25782578 457 25782578
25792886 945 25792886
25809694 822 25809694
25815151 872 25815151
26020006 924 26020006
26037335 118 26037335
26129888 351 26129888
26146983 820 26146983
26172466 48 26172466
26291239 520 26291239
26291545 199 26291545
26364913 920 26364913
26406938 902 26406938
26438948 11 26438948
26443410 352 26443410
26443477 124 26443477
26466390 643 26466390
26588477 1000 26588477
26684833 18 26684833
26764703 310 26764703
26768321 925 26768321
26800479 169 26800479
26866560 964 26866560
27008901 56 27008901
27059251 755 27059251
27084365 402 27084365
27107748 381 27107748
27187355 361 27187355
27204237 593 27204237
27260118 546 27260118
27311412 408 27311412
27329666 18 27329666
27357908 197 27357908
27438799 820 27438799
27488815 285 27488815
27575460 732 27575460
27580120 313 27580120
27612046 694 27612046
27618445 564 27618445
27643121 499 27643121
27668513 174 27668513
27822108 163 27822108
27830017 587 27830017
27852956 863 27852956
27858450 349 27858450
27860483 866 27860483
27944044 873 27944044
27995430 572 27995430
28060928 886 28060928
28109938 771 28109938
28116230 812 28116230
28228459 70 28228459
28269337 5 28269337
28376195 842 28376195
28380514 968 28380514
28427340 476 28427340
28428692 264 28428692
28453034 576 28453034
28475885 307 28475885
28481974 321 28481974
28501027 685 28501027
28535128 773 28535128
28543570 751 28543570
28546929 106 28546929
28608995 80 28608995
28661954 288 28661954
28687813 668 28687813
28718220 899 28718220
28858492 957 28858492
28887211 129 28887211
28891224 367 28891224
28932222 389 28932222
29033427 391 29033427
29055242 280 29055242
29077280 545 29077280
29088155 995 29088155
29113002 355 29113002
29222638 365 29222638
29238643 278 29238643
29260013 219 29260013
29261733 342 29261733
29290140 520 29290140
29330277 166 29330277
29406067 714 29406067
29448924 262 29448924
29498010 401 29498010
29550906 523 29550906
29552033 156 29552033
29552374 98 29552374
29602178 4 29602178
29610534 141 29610534
29753122 982 29753122
29771199 129 29771199
29805068 967 29805068
29808493 767 29808493
29907812 837 29907812
29947572 138 29947572
30022753 311 30022753
30032993 913 30032993
30041815 373 30041815
30042968 436 30044870
30058353 597 30060390
30061216 603 30120840
30119111 721 30132661
30192649 491 30192649
30270250 108 30270250
30347012 651 30347012
30424955 97 30424955
30432681 678 30432681
30438287 790 30438287
30442889 142 30442889
30483174 559 30483174
30572894 384 30811945
30726816 531 30863436
30772400 949 30914074
30780287 984 30950291
30818045 928 30968541
30859694 795 31155756
30879527 376 31420258
30961195 909 31535553
30988835 586 31679900
31007575 463 31717036
31131761 514 31783790
31134232 315 31804315
31138476 109 31806801
31173906 343 31809558
31180869 28 31810424
31190447 370 31938894
31207007 781 31942280
31372356 412 31992026
31456741 830 32041473
31468088 951 32100988
31475725 259 32104079
31508678 750 32114020
31509207 249 32230823
31582309 526 32232928
31632100 396 32253352
31649585 174 32272121
31654255 830 32374414
31862463 343 32433356
31891246 405 32442938
31960898 57 32466316
31998303 392 32510222
32010237 477 32521212
32038564 318 32565667
32061390 504 32683282
32159742 251 32699870
32173972 31 32727043
32174241 109 32852870
32277926 52 33268090
32279805 207 33301845
32316081 348 33352561
32372894 204 33503876
32458902 167 33572225
32537046 48 33653239
32620624 167 33742412
32626026 148 33748254
32650671 863 33812688
32863576 587 33864356
32981044 595 34015644
33010418 498 34025451
33044130 381 34085786
33111899 857 34115611
33197066 374 34144153
33270549 449 34246005
33271067 243 34323965
33343205 175 34361441
33382579 274 34474682
33522302 470 34560117
33573647 693 34586117
33580069 767 34671106
33801786 183 34682222
33848829 930 34797135
33874405 430 34800698
33976191 575 34973486
34017674 605 34980781
34056101 57 35039953
34079252 871 35117875
34124200 795 35130235
34203582 878 35206056
34222906 907 35444741
34406745 875 35492704
34465729 993 35517325
34523603 422 35572132
34529288 491 35645023
34551120 821 35679515
34627187 404 35742773
34867535 950 35808455
34962113 927 35965392
34963047 302 35978248
34984281 915 35986946
34999845 32 36104113
35000518 296 36115249
35008306 984 36125057
35170092 18 36145772
35328673 598 36279312
35347176 498 36321087
35528310 931 36336423
35530969 398 36364443
35623599 578 36370585
35666201 518 36371580
35699621 51 36420147
35741324 196 36520645
35802024 788 36565808
35907327 412 36566153
35964832 636 36753027
35975510 259 36771143
36010329 538 36905228
36024316 358 36935394
36079323 293 37053460
36188325 74 37056499
36303081 451 37061730
36344526 679 37117216
36370627 302 37315512
36374578 97 37423359
36410799 358 37466933
36418100 633 37490022
36420305 738 37507502
36435486 207 37508052
36468961 96 37531456
36475427 217 37618935
36588494 797 37642005
36624619 580 37653638
36729903 2 37707038
36792094 313 37712788
36796792 431 37785137
36841660 971 37793370
36912157 995 37793506
36938060 654 37844705
36942163 155 37893467
36980939 720 37964920
37090015 682 38065464
37190941 480 38072161
37296278 272 38072571
37328574 60 38136631
37372991 381 38198302
37377510 526 38222467
37398624 958 38280715
37404993 89 38305127
37547703 862 38351127
37591257 898 38419853
37606938 389 38457011
37619370 281 38460675
37724015 568 38611715
37726691 143 38633046
37752853 571 38662403
37810085 94 38678570
37908465 517 38726776
37947257 219 38809536
37994387 738 38846309
38019667 797 38863568
38054338 271 38868648
38135726 274 38869080
38185854 443 38896751
38212364 906 38910348
38251160 350 38947976
38274421 17 38959310
38342273 755 39022751
38452277 317 39085023
38452665 105 39087453
38507856 254 39110340
38563216 287 39149060
38578009 98 39161760
38673408 96 39161994
38692455 867 39183407
38735135 910 39218816
38760439 826 39287511
38915209 730 39290489
39034159 442 39340625
39068892 991 39422173
39072562 700 39513995
39098231 13 39557028
39155230 688 39576281
39202310 799 39598003
39357011 379 39624701
39367100 565 39662893
39402955 935 39687748
39435273 209 39700083
39472328 973 39709276
39489956 742 39779278
39501275 126 39830522
39550254 580 39840577
39576978 226 39867741
39623227 480 39886224
39708824 881 39900013
39820840 309 39902730
39829238 77 39997191
39836148 644 40041830
39939783 937 40091380
39983311 32 40135836
40078728 527 40189402
40171965 728 40444272
40180988 86 40458368
40195235 157 40486699
40262828 687 40611448
40274665 820 40656704
40397657 627 40749435
40586677 198 40808768
40611863 427 40877451
40649825 868 40979492
40679392 285 41020017
40679714 936 41047682
40684394 958 41061000
40724316 402 41209003
40802655 639 41245393
40807490 629 41256651
40820414 848 41265377
40830320 90 41399203
40866184 290 41477169
40969567 712 41479424
41055769 374 41488114
41056244 762 41555624
41066255 487 41663823
41173687 958 41691514
41186491 948 41710120
41220736 90 41799933
41261999 728 41822847
41270796 138 41861329
41281179 385 41866207
41284698 7 41924951
41303187 742 42045055
41311746 759 42084764
41354003 863 42092837
41401450 966 42107881
41416935 13 42172149
41485839 515 42186749
41508471 127 42199903
41563179 206 42203527
41600896 496 42221728
41655185 236 42306857
41779517 767 42484876
42031136 182 42558575
42047134 891 42592061
42075308 304 42632139
42204240 498 42695323
42224584 348 42787196
42355868 393 42801254
42449259 762 42835027
42484678 853 42859107
42491861 999 42907541
42510092 717 42944355
42534908 512 42952606
42554229 696 43012147
42579919 81 43024992
42596899 701 43039278
42620947 606 43085250
42659443 908 43171482
42678048 268 43194323
42680445 146 43209361
42687610 549 43291584
42938202 344 43318557
43009119 369 43346267
43058994 438 43349383
43123450 358 43356679
43132798 338 43416058
43213957 556 43441284
43395741 715 43451060
43428419 205 43468524
43469544 724 43628010
43483751 430 43656742
43495340 584 43677534
43524033 913 43701039
43534050 418 43887736
43560581 652 43998258
43823398 258 44021541
43832176 853 44071920
43839538 873 44249997
43845142 347 44521498
43886503 306 44554797
43961536 721 44600690
44024020 493 44796630
44037734 469 44976296
44088193 499 44991300
44138230 618 45013872
44138795 507 45058598
44144617 568 45071366
44151588 838 45115903
44185138 269 45135012
44197486 355 45138004
44226600 31 45142133
44376209 471 45157323
44393630 214 45157787
44412816 17 45316647
44468753 681 45330523
44519118 971 45373911
44649560 202 45392452
44755861 819 45418775
44766512 7 45474488
44953452 713 45489539
45018321 925 45494508
45056187 933 45501237
45087964 168 45551945
45098267 851 45595364
45110582 182 45600689
45133960 102 45654710
45145778 325 45695972
45203294 38 45715710
45203297 996 45719633
45225539 466 45895328
45235052 437 45897251
45309636 188 45949707
45311047 723 46045011
45322570 23 46049436
45324872 867 46107346
45359533 544 46122256
45428505 719 46184543
45471670 808 46223406
45505504 39 46250315
45520570 449 46274378
45793847 158 46287091
45819278 606 46330560
45857855 581 46336114
45872381 194 46343349
45877012 345 46355996
45943813 213 46383486
45976895 295 46429492
46005005 385 46450970
46007079 775 46552671
46021644 819 46558948
46040674 182 46581401
46055400 928 46651612
46179419 339 46661391
46237306 383 46683734
46286746 342 46705773
46327419 708 46712305
46332609 970 46789732
46333557 438 46840818
46373950 255 46964927
46382677 96 47059938
46428936 824 47134707
46458766 408 47299035
46464111 369 47374319
46486348 119 47415964
46524128 709 47444283
46675771 504 47527370
46746333 114 47567347
46793623 445 47619726
46844934 199 47649931
46893259 59 47675268
46894314 811 47689335
46895043 848 47709036
46924804 96 47709405
46937335 697 47762641
46954508 816 47794406
47052605 214 47836873
47079591 384 47971974
47295822 254 48015540
47353282 483 48077907
47382863 635 48103262
47461451 146 48220168
47468730 182 48231946
47664090 343 48276205
47667694 912 48288524
47757395 963 48391875
47793971 285 48401678
47841054 31 48407427
47855438 752 48476657
47953449 124 48512815
47957606 434 48673724
47964526 218 48679918
47965823 964 48687809
48064961 257 48695550
48129516 728 48697549
48138246 493 48745632
48155514 807 48785253
48199469 268 48835675
48216006 991 48857929
48282648 227 48880374
48352211 383 48889552
48443311 175 49029923
48497044 494 49035725
48513676 648 49037807
48564516 135 49051886
48597441 273 49064623
48677729 873 49150937
48754300 814 49169234
48802204 670 49280251
48813541 76 49291530
48841048 195 49292644
48894758 899 49308765
48901432 327 49333746
48906012 819 49393475
48966653 598 49422619
48985978 124 49508021
49014534 157 49520552
49019407 87 49529300
49034084 449 49576287
49042202 367 49580331
49078525 707 49644630
49230925 688 49657977
49330870 162 49725273
49377440 29 49748551
49908532 871 49908532
49909199 317 49920061
49910500 855 49978521
