1000 999
372 337 4321
73 940 1446
100 108 9064
973 556 7135
690 322 4916
990 882 7586
818 698 4407
704 20 5797
870 410 225
391 257 4149
204 826 1470
155 522 9383
824 163 5994
466 369 4472
205 847 7248
189 850 8725
744 188 3541
947 244 6381
411 834 3392
609 344 2510
381 865 2824
972 343 9414
76 451 2676
841 486 2203
763 580 2502
959 978 7873
303 748 6543
660 115 3532
306 756 9968
200 850 1295
432 633 6444
779 369 6775
306 269 9879
567 7 523
788 25 6809
425 253 9443
659 451 424
58 214 9169
996 439 5144
903 290 2892
543 88 361
526 48 5577
973 58 5419
953 346 2635
970 401 4523
9 911 9563
840 207 5359
191 836 3445
532 181 5155
436 438 4558
305 325 825
138 463 5402
400 629 3312
413 629 4457
739 445 1870
689 198 2760
765 133 8346
850 468 5632
505 394 8350
876 289 9581
619 418 3420
757 465 9929
669 616 7511
619 526 3129
637 92 9419
901 362 5462
27 483 2062
31 120 4370
323 456 5972
610 906 5964
980 940 5289
581 607 301
919 920 7624
343 570 4560
931 701 4378
494 904 2278
653 469 9282
85 437 4362
692 29 1600
296 121 4043
525 480 8503
986 237 8819
727 541 2522
613 653 4792
123 114 6863
664 461 3621
108 455 8884
886 164 6154
80 837 7574
707 349 7814
572 177 5142
6 95 773
51 830 826
966 895 2602
745 893 398
169 209 7108
754 621 3137
677 18 8744
9 801 7989
787 447 5707
84 403 2720
128 470 457
105 604 5134
766 374 9665
819 875 3349
514 399 5275
680 415 3139
600 833 8838
753 931 7114
485 383 8856
648 173 6093
147 438 4111
454 666 4912
344 606 5498
873 11 7794
499 180 1175
640 982 3496
178 622 1993
732 557 5155
967 390 7166
878 296 1742
895 56 9016
46 319 527
161 726 8264
623 767 3314
679 975 8785
679 479 8677
970 337 7771
403 162 2680
379 401 3436
512 157 6085
965 145 5216
662 476 2500
381 730 4318
487 721 1052
745 942 1987
400 525 5247
771 154 3210
66 759 6429
84 459 341
92 388 7
794 453 1157
422 409 4045
903 233 2250
618 169 916
2 529 8231
263 461 201
789 381 8626
892 171 9724
550 354 4883
235 932 5441
745 632 6183
359 629 4109
837 75 8548
804 188 4369
905 83 108
223 817 5840
499 127 9189
383 915 1952
693 253 4297
851 478 2959
299 983 6644
914 540 9312
160 847 6186
223 197 1883
660 525 1491
145 615 8191
555 771 5884
511 337 3131
371 49 3386
528 675 1848
162 514 5805
178 863 6299
632 102 6998
442 360 6063
366 30 7923
339 591 1476
27 848 4619
829 821 5550
608 396 4572
426 709 9495
456 254 7084
927 158 8860
26 262 3109
915 988 9224
670 851 545
895 238 4457
392 419 2921
954 343 9851
876 599 9358
760 901 7818
406 953 3471
936 19 5297
477 187 8471
738 388 8903
877 176 9778
597 838 8861
984 283 7407
860 223 4900
491 650 3223
728 445 6734
850 391 4324
542 423 7377
782 476 9455
239 849 4451
670 621 8470
140 563 1023
666 214 5954
717 732 2499
854 63 617
579 763 9674
65 126 7996
863 985 2677
532 523 4196
595 346 3354
578 433 6850
429 236 8934
971 49 1668
63 644 3324
832 544 8440
803 166 9497
891 228 9411
972 963 1440
56 859 4560
380 651 4656
412 652 7989
310 210 7296
603 572 5636
621 464 9854
485 316 194
956 687 871
37 300 7061
607 365 8468
201 208 5961
706 393 8236
475 303 3002
611 340 9049
566 935 7330
788 723 836
538 293 5489
640 638 338
871 311 5351
9 398 232
464 707 9084
347 393 7851
712 513 7325
225 453 1200
135 303 3839
156 315 7280
497 694 7735
666 862 3161
791 312 523
944 56 1216
122 997 1976
826 987 7933
535 890 165
225 193 3742
790 787 4776
13 550 2463
979 780 5044
640 752 4954
393 511 2635
16 928 896
824 38 1919
568 39 6530
225 565 8797
361 661 7512
559 320 8885
112 355 7646
371 444 4966
893 378 6818
797 671 6795
149 654 2082
946 246 948
137 761 1230
98 179 2910
465 590 9405
601 919 2732
632 248 4021
520 720 7392
828 392 3682
40 494 5076
402 654 4623
489 488 4783
516 270 7317
214 125 4593
188 494 4888
511 636 8989
9 450 3631
152 657 1321
947 702 3139
206 962 5362
836 979 683
578 519 9170
94 934 5694
564 334 4361
328 528 4876
827 256 8867
966 440 4261
26 312 5131
486 49 5099
114 274 8236
673 277 3991
276 24 1669
474 803 8669
441 507 5165
673 683 3845
447 580 9631
560 997 114
159 282 118
768 265 6477
223 721 8591
204 77 4191
636 845 1576
132 933 2594
213 682 5755
330 724 9100
338 39 624
414 12 5490
51 64 5697
111 553 5202
434 459 8804
672 937 1649
45 770 3888
672 209 3167
671 703 9963
130 914 6385
332 749 910
893 976 8279
709 299 9205
54 244 6477
435 250 5910
390 118 2171
691 29 1675
561 948 6522
195 657 5070
232 243 300
452 392 2216
587 716 7148
593 959 6020
10 405 4573
679 63 3193
896 216 7750
696 334 8511
505 324 3178
15 737 2092
982 286 5486
500 93 9742
65 4 9673
382 834 2895
720 724 3498
488 236 8303
960 988 9294
17 718 2775
684 25 1995
509 119 5151
807 477 6294
117 835 5035
553 7 1886
144 936 96
258 726 1692
876 726 3305
144 552 5377
220 718 9367
641 830 7847
309 806 7257
918 435 9262
202 815 5244
520 171 9975
681 869 9070
7 859 508
81 115 9993
796 431 3091
485 201 2038
688 452 6249
925 151 3688
26 32 3805
759 467 7157
658 227 5655
729 956 6597
570 679 5136
333 848 541
837 811 160
564 894 8994
153 533 6127
594 551 8582
97 663 8390
513 439 2050
473 873 5677
318 676 6797
217 878 4948
865 958 1820
50 207 6763
750 321 3416
638 300 7516
305 262 6217
847 836 7866
287 946 7813
842 477 5168
374 760 6586
909 219 5736
989 87 2707
823 436 6349
70 957 4665
432 549 519
569 57 6809
297 627 8388
346 868 719
449 953 3618
775 424 8267
570 656 2723
639 286 3765
762 916 458
806 246 6581
866 268 7111
341 375 736
908 234 3826
288 196 5803
558 226 39
583 782 2336
121 119 5804
161 221 305
452 32 6420
446 843 3750
968 205 3453
744 490 9830
945 19 3700
672 240 3411
602 879 7891
693 477 7208
89 11 9131
815 637 730
857 882 9293
170 373 9755
649 446 2490
281 857 7886
128 3 9210
118 556 3836
44 674 2821
118 504 9669
899 847 1119
91 116 7971
436 622 6813
335 207 6716
853 722 2886
713 719 3367
777 857 8934
174 737 7832
370 514 1008
554 291 4512
215 311 9405
276 942 9412
417 576 209
606 699 8327
548 634 8662
784 917 5994
974 920 5480
239 705 2134
627 582 4171
830 153 3622
85 325 2770
14 943 3250
667 331 9639
34 935 88
264 160 8043
257 442 6455
371 910 5995
382 259 6818
179 842 3780
885 151 7512
280 58 866
718 588 4618
152 399 6703
179 239 9228
759 590 1634
493 620 5973
958 902 4740
813 46 1666
583 229 1726
44 88 6874
245 978 2706
908 896 790
739 78 246
694 950 2611
183 938 5367
63 736 5951
66 96 2659
939 839 872
960 386 677
658 808 5504
513 987 638
755 510 2739
142 339 9812
829 787 3718
945 283 2586
165 932 9135
97 321 1480
219 134 2696
139 298 4598
422 846 3964
989 175 7135
532 782 848
99 471 3332
955 708 4022
516 443 8155
789 124 2515
399 37 6038
565 465 6004
401 584 4618
15 443 7753
542 441 1077
302 359 1995
1 488 3185
802 992 9824
563 141 574
457 665 8790
585 336 1919
531 231 4307
999 587 5758
584 735 4018
655 523 7517
415 727 8526
930 781 4260
815 598 4647
785 282 6789
844 777 4859
136 10 7762
854 515 4577
377 132 7563
541 922 8731
614 139 682
59 964 8785
202 113 3883
663 805 1723
427 74 9731
341 718 1450
853 45 7097
958 961 1002
685 735 9293
837 825 2161
762 246 5220
831 979 7337
779 184 3063
844 690 5727
527 719 8829
463 451 7300
546 991 4416
140 483 9963
716 60 3587
275 432 4880
649 855 3717
681 127 6317
495 765 8693
478 176 659
166 394 3448
150 368 2454
110 677 5134
298 634 4108
754 791 5751
741 18 7539
605 10 9524
705 172 1261
369 751 5488
436 332 3306
573 768 4134
288 174 5185
397 384 1708
977 508 2093
690 159 3254
281 261 3038
630 317 6338
796 550 3639
991 123 6100
393 906 6091
410 903 7382
840 61 8398
741 830 9024
252 293 4569
870 83 4093
275 159 7382
131 272 302
308 995 7848
979 674 6968
465 934 6414
35 191 485
241 249 128
368 112 3859
625 723 1045
244 608 6971
110 790 4706
270 667 1652
183 447 3677
18 21 8756
163 75 376
366 530 2008
569 938 4871
329 839 4630
651 764 725
359 760 2912
708 326 534
969 284 3911
404 696 6503
292 342 4310
383 385 6871
597 123 2173
933 44 8757
810 234 9712
463 929 4637
646 5 7573
772 704 8886
64 329 909
788 231 1950
870 726 2746
47 99 7408
615 375 1015
790 793 2482
418 501 8183
222 306 8349
827 540 8788
773 112 8995
138 814 1230
460 482 1046
544 211 2352
489 923 9607
451 983 9139
149 799 8221
386 166 3497
617 623 3788
974 464 1614
592 494 9764
678 534 2458
873 833 6974
491 75 759
101 601 1808
80 279 7863
885 872 8031
283 577 5410
310 459 512
143 141 8733
993 785 9657
915 575 4581
57 961 7054
843 146 918
567 946 2575
168 766 8103
192 219 1928
36 541 8203
689 66 7408
999 68 3927
545 900 4702
91 157 3788
175 527 8645
549 348 2010
201 956 6365
431 985 9795
388 524 5682
643 530 8672
285 967 6606
503 532 7080
571 321 8165
897 518 5960
524 122 5934
628 8 2072
175 260 9907
396 686 5517
753 165 2802
861 545 977
773 173 9883
213 441 4484
497 177 9730
308 255 1984
781 93 1029
717 323 9252
722 33 3904
638 912 5149
710 210 2792
883 72 8394
220 265 5233
55 765 9765
291 994 8740
621 535 5962
297 560 9978
995 811 7226
151 303 8705
208 904 6537
127 28 2948
320 415 7734
353 548 2576
664 761 6072
302 517 1400
992 148 8100
252 683 9434
954 798 7452
279 772 179
320 635 2031
701 450 6956
131 855 749
741 769 8246
428 397 3004
403 887 9204
53 184 1746
992 581 900
647 23 6091
477 88 6783
914 784 6062
350 321 2097
427 39 329
82 86 5285
335 214 6899
926 544 6641
451 336 4718
334 395 9668
772 624 1706
816 174 7134
774 148 6333
212 136 8087
399 508 3103
380 668 2594
574 526 2447
568 268 1042
242 972 2579
935 852 6852
794 968 2812
573 243 427
973 104 2693
770 558 615
428 158 9171
365 231 548
407 318 7009
858 133 2897
82 71 2731
522 125 6658
825 132 9427
284 89 7560
418 896 2691
414 787 3997
457 472 3024
314 65 1200
165 190 7390
354 888 6949
492 920 3173
696 90 3392
233 359 9806
792 652 9399
351 689 2048
864 661 8520
880 244 1867
46 912 9126
578 435 2739
913 646 2482
91 164 4344
669 399 6326
86 413 9435
693 230 9854
819 425 262
470 500 9682
31 203 2185
282 676 477
473 226 4473
746 494 8298
453 990 4366
186 237 9487
283 585 7681
593 731 325
948 417 1141
981 884 4428
108 772 1269
81 867 9805
889 380 5567
747 507 1899
908 820 830
289 340 4762
194 58 534
660 462 2379
88 285 8355
894 906 4453
102 428 6140
654 794 9519
697 149 6682
367 782 9804
670 775 2305
306 29 3994
361 658 5964
360 645 5099
835 349 4428
762 357 4356
411 40 9190
387 502 5502
30 785 4690
907 313 6556
243 387 9669
809 959 486
680 126 9440
387 881 7269
432 927 8191
698 948 2188
821 154 2938
961 743 1775
576 263 6129
407 129 8363
506 538 74
726 36 7797
271 46 6801
145 602 3995
458 127 3747
153 247 1794
886 804 6402
534 537 3096
79 26 3865
315 373 3379
199 252 4020
391 131 5696
92 778 9126
753 861 2256
538 711 5678
126 949 3901
17 715 6155
23 482 2773
277 929 7823
907 4 4100
249 265 4416
167 943 5904
298 402 8643
26 584 2875
967 612 6121
868 337 4184
604 35 9635
10 537 7148
427 469 7309
430 286 8219
926 365 1965
106 271 1481
900 652 6383
326 327 8257
408 628 2433
962 475 8819
800 698 1414
446 167 3719
182 184 3834
565 755 8277
48 576 4458
70 835 8998
908 484 5889
831 897 7554
524 629 2817
142 210 3495
700 568 1711
999 127 9706
485 445 9014
267 184 8
937 453 5412
715 783 5475
353 924 5471
921 555 1714
283 171 8807
119 313 6865
891 993 5622
733 59 6103
734 314 265
585 880 7627
562 424 6521
139 497 6296
797 131 8941
363 777 491
304 854 4151
224 229 701
421 786 8538
941 945 2106
191 420 9120
542 752 7968
166 731 3268
561 450 1669
93 481 9369
432 994 8998
159 487 9396
443 874 7947
69 151 2818
916 620 9373
500 838 1380
617 550 6978
898 812 2358
639 315 3234
115 256 2958
732 23 5627
952 792 6647
331 189 4225
42 823 9664
883 521 4003
588 709 8340
409 109 2360
449 642 8555
843 761 249
140 389 2412
776 4 8180
43 783 110
998 84 7977
115 218 3270
814 742 5847
596 266 3918
695 995 5962
456 161 4256
747 364 6046
754 730 3659
87 59 2955
753 812 9140
975 109 8643
585 164 4874
613 498 8136
710 409 2936
112 991 5883
213 551 2335
689 212 5461
707 311 2531
523 278 7412
758 901 5788
527 340 1004
882 352 2790
307 434 7631
822 488 646
244 658 1064
67 669 2935
740 286 1821
47 545 6871
2 343 9068
993 714 2812
376 518 6409
500 568 517
211 547 1866
950 6 2932
927 266 4785
942 961 2720
614 439 7885
601 975 7633
146 358 2025
380 157 1892
357 964 7781
176 416 5152
1000 123 9049
904 920 6242
151 347 6731
797 62 874
97 828 5294
139 133 6244
675 756 8760
765 448 9138
396 539 5804
786 28 9486
88 73 4561
725 953 1169
986 557 2446
54 635 8592
52 2 2578
55 273 5933
816 708 6722
16 317 7012
648 41 417
842 909 339
31 740 8919
178 509 9532
962 589 1599
22 209 1233
294 985 546
699 924 7435
863 356 5917
610 928 4651
944 251 1396
27 856 3362
225 107 8833
496 513 6467
705 345 7228
935 975 4048
884 764 6209
55 342 6448
576 295 2399
822 19 6520
47 103 4154
896 626 1171
53 592 7872
833 148 9681
774 486 9741
536 842 2731
333 268 5337
756 716 1979
918 587 1172
25 179 2184
408 287 9284
631 642 9044
883 748 2721
301 257 8416
472 26 59
692 521 1376
795 757 4618
54 913 9041
898 951 6103
867 355 5868
185 52 1257
626 799 1357
503 723 1592
586 468 6021
1000
1228 895 3004
2112 894 10295
4122 656 13319
14393 626 21368
15237 129 28537
17554 675 35789
19495 594 49066
24013 584 49710
32417 475 56933
35896 408 80754
56948 411 87328
60172 779 87822
66815 340 91828
67647 207 116620
69201 580 120333
80017 535 124482
90052 277 126886
91319 247 138873
101771 304 141625
115876 828 155423
131601 339 156836
150176 443 159685
155172 836 166720
175599 549 175599
177563 662 177563
180957 54 189676
188948 969 200632
192546 10 220580
196292 834 225471
238198 388 260574
243696 156 283727
246450 119 288701
258258 239 291970
258570 401 294041
275837 183 301700
279901 468 338904
290691 220 342573
297908 125 345616
324824 957 358117
324957 2 365283
329781 422 365901
338083 824 377260
343292 897 377389
343602 132 382310
347561 535 383650
370123 458 404756
372954 358 407138
389516 842 412731
398713 449 417700
409709 454 425863
427584 743 445965
439235 69 448677
441913 170 456143
448280 18 477921
462572 431 481806
470477 195 492361
471647 644 499989
491882 830 504742
509354 782 517952
510321 886 518619
512340 390 539077
518466 104 540116
525922 653 546501
525976 697 553742
541064 230 564106
544731 312 594869
556717 809 596072
563556 466 599446
566283 610 606326
571537 821 618557
593236 753 638940
607346 796 649927
638959 76 650371
649053 277 653696
650731 829 659981
665676 601 665676
667394 467 667394
686313 368 686313
703288 287 703288
716479 176 716479
726650 26 726650
751563 484 751563
752506 929 752506
763875 90 763875
766963 859 766963
773402 273 773402
777227 472 777227
811931 437 811931
821751 952 821751
851533 495 851533
876522 942 876522
879580 670 879580
888041 992 888041
909338 629 909338
910408 597 910408
914205 914 914205
929472 443 929472
929534 185 929534
940036 455 940036
977463 321 977463
977952 536 977952
993225 962 993225
1008859 291 1008859
1009089 888 1009089
1022232 141 1022232
1025718 682 1025718
1031285 342 1031285
1060316 646 1060316
1063393 643 1063393
1065482 44 1065482
1072891 791 1072891
1073366 283 1073366
1086878 252 1086878
1090127 547 1090127
1121162 471 1121162
1131557 971 1131557
1154944 502 1154944
1155403 771 1155403
1159208 401 1159208
1185508 621 1185508
1187834 410 1187834
1228096 43 1228096
1268544 394 1268544
1282480 282 1282480
1284910 629 1284910
1293121 764 1293121
1295061 402 1295061
1322431 545 1322431
1329990 885 1329990
1341239 88 1341239
1360255 834 1360255
1361626 701 1361626
1365025 524 1365025
1368141 871 1368141
1368399 859 1368399
1370401 885 1370401
1371180 903 1371180
1376094 844 1376094
1382471 273 1382471
1386118 670 1386118
1389564 661 1389564
1391131 55 1391131
1391990 860 1391990
1418245 930 1418245
1435351 318 1435351
1466642 18 1466642
1510508 902 1510508
1526160 643 1526160
1533273 149 1533273
1573687 815 1573687
1580356 570 1580356
1584789 105 1584789
1590989 144 1590989
1598086 424 1598086
1611049 933 1611049
1614359 780 1614359
1644564 453 1644564
1656065 780 1656065
1667332 757 1667332
1674916 281 1674916
1677183 474 1677183
1678844 539 1678844
1699886 795 1699886
1700837 826 1700837
1702472 282 1702472
1707644 834 1707644
1717115 435 1717115
1719493 260 1719493
1720914 188 1720914
1723245 72 1723245
1731658 725 1731658
1735399 995 1735399
1763893 348 1763893
1765345 304 1765345
1789991 191 1789991
1794260 214 1794260
1803367 733 1803367
1821282 440 1821282
1828728 77 1828728
1862222 899 1862222
1901930 514 1901930
1927169 498 1927169
1936642 915 1936642
1949468 137 1949468
1949735 906 1949735
1950327 958 1950327
1957947 534 1957947
1973100 212 1973100
1982571 54 1982571
2020404 242 2020404
2022554 691 2022554
2043894 222 2043894
2047849 223 2047849
2049043 655 2049043
2050209 611 2050209
2056224 754 2056224
2056761 369 2056761
2070702 959 2070702
2073387 93 2073387
2080043 510 2080043
2080915 383 2080915
2106643 276 2106643
2112662 881 2112662
2115234 700 2115234
2156711 181 2156711
2165008 797 2165008
2189602 386 2189602
2193199 157 2193199
2196007 53 2196007
2216184 429 2216184
2220754 631 2220754
2223598 636 2223598
2225136 530 2225136
2234811 982 2234811
2241354 246 2241354
2264930 492 2264930
2298749 347 2298749
2312386 146 2312386
2328637 668 2328637
2331958 514 2331958
2351523 350 2351523
2355579 281 2355579
2355682 388 2355682
2368028 539 2368028
2388196 859 2388196
2391927 878 2391927
2402963 787 2402963
2410083 46 2410083
2414554 302 2414554
2419738 638 2419738
2420344 360 2420344
2423890 982 2423890
2432524 220 2432524
2442446 824 2442446
2456419 932 2456419
2458276 859 2458276
2463525 413 2463525
2500469 689 2500469
2503941 801 2503941
2525595 727 2525595
2540524 704 2540524
2554458 467 2554458
2571427 883 2571427
2612235 971 2612235
2612890 626 2612890
2616269 908 2616269
2619973 689 2619973
2628081 106 2628081
2644099 639 2644099
2653791 158 2653791
2668073 339 2668073
2689302 986 2689302
2703733 551 2703733
2749677 257 2749677
2762668 890 2762668
2771334 369 2771334
2771643 435 2771643
2790159 574 2790159
2794090 72 2794090
2809543 745 2809543
2837469 389 2837469
2840993 314 2840993
2848859 990 2848859
2869070 443 2869070
2877213 439 2877213
2885615 56 2885615
2897443 808 2897443
2902304 687 2902304
2909852 744 2909852
2912234 874 2912234
2913550 39 2913550
2930854 568 2930854
2931131 654 2931131
2936215 370 2936215
2937061 575 2937061
2938340 48 2938340
2951116 818 2951116
2959621 462 2959621
2963131 262 2963131
2963132 794 2963132
2965750 768 2965750
2982170 453 2982170
2987751 837 2987751
2989221 918 2989221
2990597 851 2990597
2993540 229 3019525
3006454 738 3025237
3010847 288 3050181
3060229 562 3060229
3104625 553 3104625
3106314 71 3106314
3111359 973 3111359
3124726 334 3124726
3128353 101 3128353
3136122 351 3137539
3148262 830 3161610
3153046 82 3193782
3155132 60 3195271
3170608 72 3215154
3184959 429 3218292
3220482 579 3220482
3229703 962 3229703
3236528 719 3237166
3237965 114 3274787
3249350 341 3275833
3254096 792 3282280
3254150 27 3284696
3256867 389 3307282
3259838 358 3317219
3294165 251 3317617
3310392 671 3317813
3310430 133 3323065
3314945 597 3342151
3324202 712 3347261
3336653 607 3362397
3338231 632 3389841
3339156 701 3392256
3357275 506 3396180
3373817 607 3398754
3384624 733 3404630
3393994 957 3413293
3417235 913 3418202
3430478 828 3430478
3462284 3 3466310
3470497 39 3476617
3477395 730 3491236
3509395 675 3509395
3517067 699 3521584
3590579 84 3590579
3601733 480 3601733
3616557 806 3616557
3624784 903 3624784
3631337 210 3631337
3647286 282 3647286
3670699 542 3670699
3684439 63 3684439
3694742 446 3694742
3696721 31 3696721
3699345 33 3699345
3717869 200 3717869
3726904 167 3726904
3736355 263 3736355
3742836 647 3742836
3755162 237 3755162
3776973 765 3776973
3791238 967 3791238
3806686 894 3806686
3855536 425 3855536
3856358 54 3856358
3885020 801 3885020
3895182 956 3895182
3899946 5 3899946
3921362 414 3921362
3931229 178 3931229
3931789 115 3931789
3934050 21 3934050
3968322 276 3968322
3968420 355 3968420
3988127 738 3988127
3992151 920 3992151
3993227 950 3993227
4005181 245 4005181
4009221 980 4009221
4033245 334 4033245
4043854 414 4043854
4044451 353 4044451
4061131 855 4061131
4065830 234 4065830
4066387 327 4066387
4072705 514 4072705
4076324 714 4076324
4098575 620 4098575
4103619 366 4103619
4117998 44 4117998
4126440 72 4126440
4126930 158 4126930
4128746 67 4128746
4154419 934 4154419
4155579 746 4155579
4177718 298 4177718
4185314 488 4185314
4199081 85 4199081
4224169 362 4224169
4229627 105 4229627
4230446 876 4230446
4247526 18 4247526
4254981 70 4254981
4264023 932 4264023
4282460 507 4282460
4283238 150 4283238
4302223 761 4302223
4307057 989 4307057
4309425 664 4309425
4314577 98 4314577
4322698 707 4322698
4324051 71 4324051
4343744 413 4343744
4345635 629 4345635
4354274 772 4354274
4361317 974 4361317
4385831 822 4385831
4388382 812 4388382
4446751 458 4446751
4447127 383 4447127
4466747 640 4466747
4469926 980 4469926
4471198 259 4471198
4488902 147 4488902
4513078 620 4513078
4514586 290 4514586
4530909 985 4530909
4541770 852 4541770
4554301 724 4554301
4558960 252 4558960
4559679 204 4559679
4578209 351 4578209
4598098 547 4598098
4604378 835 4604378
4610917 116 4610917
4627806 682 4627806
4628002 228 4628002
4628851 357 4628851
4636688 830 4636688
4636737 980 4636737
4647875 202 4647875
4649348 542 4649348
4657902 796 4657902
4663367 576 4663367
4667343 874 4667343
4684368 709 4684368
4691796 981 4691796
4702053 689 4702053
4713085 316 4713085
4721454 732 4721454
4723124 280 4723124
4755431 743 4755431
4771262 183 4771262
4773758 917 4773758
4774308 565 4774308
4775869 40 4775869
4776848 118 4776848
4781980 711 4781980
4791152 657 4791152
4810107 558 4810107
4814827 902 4814827
4825092 108 4825092
4832260 946 4832260
4839429 89 4839429
4844067 391 4844067
4854715 549 4854715
4885651 706 4885651
4894610 838 4894610
4924999 289 4924999
4943361 675 4943361
4947611 246 4947611
4948545 710 4948545
4957970 557 4957970
4964870 540 4964870
4969982 793 4969982
4978169 905 4978169
4980709 76 4980709
4982902 3 4982902
5004633 825 5004633
5011796 819 5011796
5020977 32 5020977
5040703 347 5040703
5042485 808 5042485
5049091 440 5049091
5050342 94 5050342
5060310 358 5060310
5070459 101 5070459
5073573 45 5073573
5081866 204 5081866
5095924 225 5095924
5117811 284 5117811
5126664 765 5126664
5148995 752 5148995
5151583 647 5151583
5160553 458 5160553
5168758 947 5168758
5169101 33 5169101
5179186 137 5179186
5186166 386 5186166
5226139 127 5226139
5228823 612 5228823
5257331 611 5257331
5258287 142 5258287
5268301 240 5268301
5268524 223 5268524
5275187 147 5275187
5283680 741 5283680
5293268 918 5293268
5308714 925 5308714
5311985 375 5311985
5312756 710 5312756
5317226 465 5317226
5327254 16 5327254
5329346 410 5329346
5348528 691 5348528
5357166 428 5357166
5360432 611 5360432
5425382 843 5425382
5430204 176 5430204
5457288 777 5457288
5466050 919 5466050
5490742 483 5490742
5506862 427 5506862
5528041 921 5528041
5528090 777 5528090
5532917 399 5532917
5554409 771 5554409
5557534 866 5557534
5566676 238 5566676
5568256 461 5568256
5580435 113 5580435
5594514 510 5594514
5594890 554 5594890
5598322 923 5598322
5604229 639 5604229
5606804 392 5606804
5624109 952 5624109
5657861 457 5657861
5661428 700 5661428
5669420 601 5669420
5670957 775 5670957
5690363 281 5690363
5728317 270 5728317
5742927 261 5742927
5744689 377 5744689
5752641 80 5752641
5766733 322 5766733
5771081 242 5771081
5776890 504 5776890
5834087 91 5834087
5836660 130 5836660
5839754 180 5839754
5840491 734 5840491
5844491 614 5844491
5851973 94 5851973
5856627 505 5856627
5857442 336 5857442
5869453 242 5869453
5870188 96 5870188
5871006 770 5871006
5874320 886 5874320
5881234 794 5881234
5889967 329 5889967
5891040 918 5891040
5895333 525 5895333
5895600 988 5895600
5898766 990 5898766
5901475 289 5901475
5912375 603 5912375
5919453 484 5919453
5921346 828 5921346
5927115 445 5927115
5927530 119 5927530
5934005 33 5934005
5939364 565 5939364
5945438 829 5945438
5952675 367 5952675
5961999 742 5961999
5987986 34 5987986
5997425 13 5997425
6001862 111 6001862
6004595 960 6004595
6009137 599 6009137
6024825 653 6024825
6041498 850 6041498
6049305 28 6049305
6054918 657 6054918
6062418 488 6062418
6071505 304 6071505
6079584 301 6079584
6093860 49 6093860
6106689 952 6106689
6112325 666 6112325
6123710 975 6123710
6128427 496 6128427
6142453 725 6142453
6148464 399 6148464
6156920 352 6156920
6160873 939 6160873
6166166 983 6166166
6180251 653 6180251
6186430 694 6186430
6196409 445 6196409
6232592 495 6232592
6232680 128 6232680
6235074 203 6235074
6249877 927 6249877
6267257 517 6267257
6275570 809 6275570
6278349 446 6278349
6291816 952 6291816
6303584 133 6303584
6304807 144 6304807
6310604 766 6310604
6312437 590 6312437
6315511 242 6315511
6317209 67 6317209
6324510 912 6324510
6332063 188 6332063
6337179 584 6337179
6345830 708 6345830
6354581 429 6354581
6360333 228 6360333
6401999 913 6401999
6402050 631 6402050
6404086 536 6404086
6414796 273 6414796
6425315 336 6425315
6431149 8 6431149
6437176 591 6437176
6458618 461 6458618
6462087 204 6462087
6462757 582 6462757
6463149 623 6463149
6463828 169 6463828
6465395 56 6465395
6467022 386 6467022
6470818 467 6470818
6475646 707 6475646
6501269 777 6501269
6506660 396 6506660
6522787 119 6522787
6532216 369 6532216
6534237 730 6534237
6568230 957 6568230
6577712 111 6577712
6588711 793 6588711
6596750 303 6596750
6601301 548 6601301
6607778 808 6607778
6608489 953 6608489
6614194 613 6614194
6615449 945 6615449
6646786 226 6646786
6647071 466 6647071
6649094 250 6649094
6649868 841 6649868
6658794 88 6658794
6666939 977 6666939
6673237 781 6673237
6696685 407 6696685
6700541 248 6700541
6728863 71 6728863
6735790 431 6735790
6740667 340 6740667
6743534 632 6743534
6753540 249 6753540
6779344 59 6779344
6821123 665 6821123
6826883 256 6826883
6896892 965 6896892
6898213 221 6898213
6906363 138 6906363
6909728 233 6909728
6913973 702 6913973
6916806 768 6916806
6918277 640 6918277
6931510 384 6931510
6934402 358 6934402
6957115 870 6957115
6957845 923 6957845
6958208 125 6958208
6962334 901 6962334
6963981 348 6963981
6996835 316 6996835
6997575 668 6997575
7005782 892 7005782
7008872 10 7008872
7025227 77 7025227
7025643 180 7025643
7043908 31 7043908
7064982 974 7064982
7069636 385 7069636
7073582 582 7073582
7084879 153 7084879
7085065 457 7085065
7095206 395 7095206
7109750 876 7109750
7153948 235 7153948
7162033 860 7162033
7188115 430 7188115
7195777 168 7195777
7210205 683 7210205
7219051 67 7219051
7241939 16 7241939
7267091 872 7267091
7267963 622 7267963
7284944 153 7284944
7296168 297 7296168
7302704 519 7302704
7312863 330 7312863
7314690 76 7314690
7351746 175 7351746
7361351 423 7361351
7364269 429 7364269
7368781 627 7368781
7378669 555 7378669
7393002 129 7393002
7395230 444 7395230
7398099 182 7398099
7398745 357 7398745
7409411 123 7409411
7424534 988 7424534
7426119 57 7426119
7427623 251 7427623
7438102 210 7438102
7445352 914 7445352
7460891 351 7460891
7461934 26 7461934
7469979 870 7469979
7474628 782 7474628
7475123 590 7475123
7486032 102 7486032
7492103 122 7492103
7492356 913 7492356
7505178 459 7505178
7510924 384 7510924
7527338 222 7527338
7538935 566 7538935
7541979 362 7541979
7550788 202 7550788
7556296 517 7556296
7560847 431 7560847
7573282 509 7573282
7578425 661 7578425
7596053 828 7596053
7597287 50 7597287
7604824 150 7604824
7613021 246 7613021
7619205 454 7619205
7620694 62 7620694
7623519 677 7623519
7626637 175 7626637
7638539 376 7638539
7639120 827 7639120
7647409 736 7647409
7655098 112 7655098
7656985 570 7656985
7685285 248 7685285
7688702 649 7688702
7712697 833 7712697
7714715 584 7714715
7722739 862 7722739
7738924 110 7738924
7745925 660 7745925
7750535 714 7750535
7751658 411 7751658
7786279 964 7786279
7787580 443 7787580
7803733 427 7803733
7809559 447 7809559
7839461 766 7839461
7852532 180 7852532
7858132 593 7858132
7858384 832 7858384
7860341 370 7860341
7860999 293 7860999
7862411 19 7862411
7866164 613 7866164
7869584 529 7869584
7873638 517 7873638
7874243 58 7874243
7876533 7 7876533
7885309 558 7885309
7896250 161 7896250
7919146 329 7919146
7921183 172 7921183
7924126 409 7924126
7933126 40 7933126
7939788 648 7939788
7952091 114 7952091
7965643 904 7965643
7977239 834 7977239
7977922 245 7977922
7981179 68 7981179
7982248 632 7982248
7984960 555 7984960
7987290 992 7987290
7988021 775 7988021
8002564 573 8002564
8020964 773 8020964
8024683 116 8024683
8025477 594 8025477
8052828 66 8052828
8064392 868 8064392
8067392 419 8067392
8070094 249 8070094
8094910 256 8094910
8098822 590 8098822
8108775 774 8108775
8115631 658 8115631
8120109 829 8120109
8168222 449 8168222
8174229 554 8174229
8176118 38 8176118
8183949 459 8183949
8185798 104 8185798
8211003 348 8211003
8231845 445 8231845
8234940 778 8234940
8244071 265 8244071
8251778 481 8251778
8253269 11 8253269
8262305 276 8262305
8287056 443 8287056
8302893 695 8302893
8332691 498 8332691
8334459 847 8334459
8337506 20 8337506
8340220 883 8340220
8345671 51 8345671
8349330 174 8349330
8379894 15 8379894
8386816 33 8386816
8392155 736 8392155
8401026 128 8401026
8405220 23 8405220
8407457 934 8407457
8420096 473 8420096
8436621 447 8436621
8436668 181 8436668
8437398 367 8437398
8449412 26 8449412
8465530 534 8465530
8474206 221 8474206
8481336 840 8481336
8486259 263 8486259
8505908 160 8505908
8506411 369 8506411
8514066 816 8514066
8528334 590 8528334
8534615 320 8534615
8541063 416 8541063
8550357 561 8550357
8557171 905 8557171
8557284 297 8557284
8574212 717 8574212
8576926 779 8576926
8606856 455 8606856
8627373 956 8627373
8629853 602 8629853
8634821 184 8634821
8636819 424 8636819
8648448 762 8648448
8651424 14 8651424
8659310 405 8659310
8660179 370 8660179
8664747 485 8664747
8688216 806 8688216
8695511 138 8695511
8747893 809 8747893
8750192 617 8750192
8752333 266 8752333
8756057 541 8756057
8763755 164 8763755
8768320 860 8768320
8777246 897 8777246
8782965 141 8782965
8783260 683 8783260
8788047 138 8788047
8824963 485 8824963
8841029 201 8841029
8845663 188 8845663
8849938 698 8849938
8854920 929 8854920
8856941 440 8856941
8859672 937 8859672
8870588 500 8870588
8896637 974 8896637
8900539 314 8900539
8913921 949 8913921
8914305 703 8914305
8918579 520 8918579
8935252 22 8935252
8938893 451 8938893
8956600 411 8956600
8962668 80 8962668
8963870 633 8963870
9000443 704 9000443
9007523 499 9007523
9009323 527 9009323
9021189 389 9021189
9021828 92 9021828
9026899 540 9026899
9053843 453 9053843
9064654 609 9064654
9066476 545 9066476
9073099 453 9073099
9074283 495 9074283
9080611 775 9080611
9081793 875 9081793
9093811 932 9093811
9095019 250 9095019
9106858 260 9106858
9117749 814 9117749
9133460 640 9133460
9133841 918 9133841
9144519 583 9144519
9157311 974 9157311
9159720 866 9159720
9164249 861 9164249
9179392 654 9179392
9192281 33 9192281
9195953 395 9195953
9196222 793 9196222
9201531 843 9201531
9219678 949 9219678
9222025 173 9222025
9256370 299 9256370
9284841 958 9284841
9296528 945 9296528
9304479 285 9304479
9307344 196 9307344
9309322 290 9309322
9317650 422 9317650
9348601 323 9348601
9364341 916 9364341
9364466 109 9364466
9366729 535 9366729
9383868 733 9383868
9384056 491 9384056
9401271 442 9401271
9402893 992 9402893
9408794 402 9408794
9412590 145 9412590
9413030 641 9413030
9416789 592 9416789
9421974 237 9421974
9440516 457 9440516
9470569 663 9470569
9481095 466 9481095
9482678 753 9482678
9493060 126 9493060
9499559 436 9499559
9510438 143 9510438
9527394 604 9527394
9551915 987 9551915
9561924 546 9561924
9566658 469 9566658
9569837 541 9569837
9586345 891 9586345
9595867 240 9595867
9596144 140 9596144
9597703 332 9597703
9610630 831 9610630
9631067 588 9631067
9637336 888 9637336
9651256 456 9651256
9664177 902 9664177
9669110 322 9669110
9672431 669 9672431
9672546 659 9672546
9681992 24 9681992
9695864 235 9695864
9697343 166 9697343
9700984 263 9700984
9704416 242 9704416
9719899 873 9719899
9727685 877 9727685
9732424 423 9732424
9734963 484 9734963
9735024 829 9735024
9738110 589 9738110
9743249 160 9743249
9753185 17 9753185
9755666 111 9755666
9756218 545 9756218
9759375 351 9759375
9766839 719 9766839
9770649 821 9770649
9772614 7 9772614
9782131 836 9782131
9809392 169 9809392
9813935 537 9813935
9820076 720 9820076
9836497 551 9836497
9841549 649 9841549
9842477 236 9842477
9850732 961 9850732
9853650 987 9853650
9862371 488 9862371
9864430 773 9864430
9877678 454 9877678
9881816 446 9881816
9893722 760 9893722
9910439 542 9910439
9913876 451 9913876
9914206 811 9914206
9914585 33 9914585
9921935 365 9921935
9932163 341 9932163
9962315 834 9962315
9967738 325 9967738
9973789 91 9973789
9975913 202 9975913
9992600 177 9992600
