1000 999
77 419 5979
214 135 6058
468 856 3783
752 304 447
889 804 2170
406 411 6668
135 978 4686
86 980 8329
116 376 798
651 592 8346
288 166 7445
173 731 290
511 576 8386
843 507 977
172 303 3977
76 267 9724
990 942 3280
774 672 7140
370 575 4622
301 45 904
179 382 1522
224 892 6955
287 672 6390
950 720 9409
644 894 5203
216 788 5383
242 592 377
231 40 5185
988 840 2905
85 542 8412
94 297 5543
435 514 2468
914 714 2576
364 27 5160
578 149 2020
828 748 5396
415 585 1121
80 704 4854
149 979 7156
685 262 63
465 780 9264
932 683 8925
974 137 9701
226 11 438
267 716 7167
79 164 1267
354 385 4835
818 228 3749
225 463 8598
130 488 1110
573 462 92
246 791 920
781 65 2657
99 206 7266
412 301 5470
489 887 6218
774 851 1112
824 935 5286
597 829 5577
975 228 9150
802 554 412
150 838 3587
268 807 9070
487 408 3361
715 900 5885
981 611 9998
184 790 5743
281 166 6166
677 340 3102
979 104 5903
418 179 8780
21 173 9923
270 879 2944
82 805 3019
909 589 3148
1000 875 5196
483 368 570
975 607 3235
845 355 372
655 155 7425
808 39 7547
154 359 1754
9 171 4975
679 729 6236
989 906 8259
458 863 7165
653 993 127
43 659 2953
614 833 3030
669 113 7829
941 294 2571
53 622 1415
566 115 7087
854 533 2170
254 78 5158
620 610 3171
710 623 1697
561 193 5748
448 688 3151
83 324 7920
745 532 4386
972 811 3302
777 304 7096
351 969 8583
602 383 9404
468 547 956
668 729 729
59 784 5656
42 817 3976
641 917 289
972 661 6122
688 41 7192
10 603 5359
544 696 3000
271 56 6528
245 200 5565
843 921 5485
503 591 9382
166 693 4127
356 318 8931
337 498 5039
988 606 5245
16 747 9811
660 744 6977
844 115 1655
531 84 7216
886 101 7952
858 682 357
658 448 6112
156 163 5335
43 862 9310
236 834 5952
91 139 9224
549 903 9026
69 345 7358
608 311 2454
629 159 9866
558 166 8851
66 767 9908
177 659 8647
565 612 2429
747 218 5459
355 767 1171
807 871 4228
772 284 5641
443 622 9725
59 198 3915
110 377 4649
983 89 1231
519 492 5335
263 474 3493
306 729 1186
931 802 5947
786 758 7241
257 556 5794
116 72 8853
276 795 7005
429 518 6376
908 918 819
621 9 2572
146 302 5200
775 571 9902
625 207 9381
300 284 1787
908 1 4836
677 167 407
192 899 334
754 80 5253
742 547 8997
191 992 7056
41 267 8817
387 707 4902
657 255 2024
564 260 9482
114 107 5883
112 31 6689
411 674 6924
703 203 1651
208 589 6731
941 9 5063
901 407 4846
115 965 7259
93 340 9108
305 797 4715
479 9 2999
482 713 7974
489 342 7171
691 998 3225
785 541 5203
247 750 2748
213 638 9684
227 476 8553
240 929 5916
260 896 9530
298 876 25
717 240 6069
839 796 8348
177 936 1595
915 932 3028
67 264 1237
515 589 1124
60 799 7652
944 779 7778
45 652 5620
234 126 2056
957 996 9602
615 499 489
511 667 7171
488 747 4247
707 736 1911
763 217 1918
755 396 5036
345 865 6805
934 388 3108
813 409 3044
884 151 4451
197 825 9145
52 717 6135
100 683 6428
711 830 5862
257 153 3304
562 592 6912
737 294 1105
544 891 957
158 798 3736
787 567 4544
817 92 9333
164 438 5762
778 143 8815
239 850 5108
282 793 1226
584 469 7997
846 928 5532
460 154 1651
453 348 6872
560 461 2476
420 951 1664
794 461 8123
682 492 2036
393 272 4531
735 990 8386
339 343 2556
597 137 2024
822 807 2564
167 517 788
943 654 8652
854 955 8138
198 959 7271
222 759 8925
736 277 504
719 107 2690
38 922 5094
591 111 6626
864 458 353
722 844 7722
769 569 2198
639 166 5701
215 529 2487
459 1 916
892 336 4407
291 136 5485
828 537 3846
627 880 9400
633 258 1395
911 667 4724
960 245 787
929 628 815
164 539 1083
17 454 8028
57 202 2076
654 984 3067
570 217 9908
911 442 1519
983 699 2836
945 853 3621
519 273 7568
962 677 7853
179 390 7079
450 218 1461
869 502 5181
730 879 1103
639 63 7898
570 668 1353
591 250 5393
4 382 8952
747 51 6093
897 859 2205
912 898 6258
973 680 5918
99 573 2781
924 173 4562
655 32 5578
545 888 2769
938 75 3160
77 34 4199
887 913 9325
588 782 3934
551 209 9996
771 846 8615
238 384 3171
545 590 8680
161 415 205
460 217 8362
146 592 1787
836 78 1578
414 357 4743
696 835 3247
65 670 855
671 118 6140
365 548 6498
254 603 9288
461 710 5926
421 339 5742
402 789 8014
816 381 7035
925 203 27
98 174 7858
295 136 7709
86 112 5903
506 354 1858
909 410 9861
521 906 230
882 761 6472
820 917 5028
863 360 7551
830 641 4038
587 953 1800
190 514 1451
630 304 6290
936 664 2788
367 491 1275
823 938 9868
703 96 378
565 661 5124
242 647 2854
362 573 7101
309 142 4578
210 444 7979
955 84 1838
123 927 8945
988 420 8996
37 447 9531
148 570 5226
170 278 1215
495 547 9715
233 540 7357
991 249 3346
24 310 6370
287 437 7094
680 934 9448
545 853 545
402 991 9503
530 849 810
369 721 3154
216 203 762
376 907 806
477 738 4114
269 103 5528
188 450 4500
997 201 9440
466 39 796
527 872 2600
432 702 8348
801 710 257
141 406 3733
229 331 5194
275 67 9750
967 366 4780
456 890 4378
973 242 6006
553 672 7505
392 310 82
68 514 7322
244 230 1012
399 839 7569
621 726 6328
996 292 1551
638 767 5391
742 486 8894
203 430 3380
346 961 8566
757 704 3561
546 700 9161
843 271 8159
249 888 2632
592 848 9859
849 320 1801
391 902 9722
577 373 1363
226 758 8063
283 888 5644
725 252 3413
33 389 247
119 64 8653
837 447 2232
6 312 290
470 257 5881
985 842 1423
635 720 1682
725 723 2022
561 725 3018
867 468 6699
201 671 2969
395 345 6288
726 517 4336
433 34 5603
844 462 2459
243 575 6501
807 752 540
850 618 6453
93 469 950
860 332 3720
587 820 8243
547 449 79
352 659 1269
354 674 9743
552 535 3334
304 481 1428
893 333 5379
813 430 4810
574 740 8166
200 992 6487
723 738 4723
835 623 4502
729 645 1510
908 431 761
157 741 8889
884 909 3069
828 536 5932
947 852 5782
29 734 1110
388 159 5485
174 245 4713
408 128 4456
654 581 5045
189 766 6300
798 912 3339
271 194 9803
633 131 9110
169 911 3748
951 138 9371
654 459 5643
162 328 527
157 68 8225
831 303 1002
616 715 1445
910 930 6993
551 386 5076
378 88 5926
718 104 1772
461 706 9821
767 855 8205
202 166 3720
347 517 2031
936 182 5444
18 565 713
428 904 1136
314 663 3164
417 405 225
70 712 6022
946 557 6724
725 184 4672
112 986 2927
871 375 5186
118 690 5417
415 814 8015
820 185 7840
448 351 8759
154 686 1340
471 611 8431
496 99 7991
868 394 1149
919 184 4156
967 895 8592
886 785 3068
671 669 6556
380 532 2579
261 6 8289
109 359 7595
156 330 4637
923 634 4396
860 638 9247
692 544 7973
267 601 8090
830 843 8593
64 177 3429
548 700 1027
628 421 4916
990 104 9045
223 563 9551
690 402 8013
861 51 4806
795 642 2002
289 256 4438
115 732 7899
548 321 5153
725 312 4167
425 317 1198
550 900 8425
745 127 6500
812 461 8619
290 897 7745
637 782 261
457 278 3187
176 177 4921
854 645 3404
920 687 600
545 980 8556
94 613 407
977 25 350
186 80 2352
663 133 2795
140 391 9038
417 329 5904
395 137 6930
263 964 5558
246 224 6667
971 998 152
296 3 264
582 796 665
165 699 3893
190 826 6555
987 436 9602
697 534 187
451 940 8344
651 125 7536
744 1 782
205 832 8306
159 405 9703
378 770 6893
595 877 2940
681 901 8164
727 968 9395
654 136 4904
582 995 3495
564 358 6099
296 453 8229
58 672 4296
39 163 3894
282 500 878
256 899 9276
89 104 7510
178 755 5796
508 961 1829
778 814 3113
610 717 9264
937 290 9540
702 634 3904
53 685 3034
374 995 4536
953 65 6104
74 315 104
452 604 8848
608 764 6843
666 127 2257
865 8 5915
884 540 6106
724 444 6980
629 452 8332
922 559 274
485 401 7117
551 758 178
547 897 8948
416 320 4130
631 865 69
376 517 6281
798 512 26
587 204 6842
514 466 5183
305 232 6441
23 950 9769
120 841 8130
676 302 5863
325 925 4964
809 180 5062
542 15 4662
602 260 8544
141 106 5945
583 649 8490
844 425 4450
706 883 152
199 943 153
187 838 3421
503 878 9486
321 36 7897
640 464 3316
73 885 5265
695 159 8705
478 348 8388
759 546 1530
391 447 7780
189 705 8015
673 971 2961
739 397 4251
871 467 6769
705 213 3450
699 881 2137
832 131 5310
74 46 4919
755 87 3793
617 123 1508
920 723 9215
66 82 2999
484 208 8251
939 871 1795
456 461 9137
257 48 2893
993 678 4781
761 979 394
717 434 6726
782 220 2249
543 374 134
783 364 5296
265 296 4384
383 523 2632
280 520 3941
567 756 9593
741 175 4107
527 7 1378
194 147 3018
955 764 9699
156 101 915
610 870 696
575 219 4456
667 768 4423
364 237 8810
661 102 1119
378 954 3423
28 348 9910
47 71 9006
584 650 636
666 710 2333
27 544 1337
290 926 9931
59 526 6423
837 799 573
407 247 6442
135 972 8977
765 624 7589
966 623 3121
531 997 5813
83 805 6238
115 256 1017
95 810 4923
548 631 1282
201 944 892
973 694 283
227 278 352
916 854 8247
363 487 9189
560 662 6974
958 172 5361
549 513 9395
152 343 2153
516 141 5382
257 206 8275
145 925 7631
315 53 5855
407 313 1065
506 956 4459
269 914 1071
108 707 2241
870 976 7058
636 720 6961
662 935 2880
21 260 9723
45 634 5867
221 430 8661
461 129 2087
123 751 4853
237 121 7982
555 768 1129
492 542 8951
583 327 3733
680 398 4262
503 984 2305
993 805 9485
708 430 8714
273 651 7156
132 957 9613
134 52 4906
82 569 1253
47 264 8019
893 351 6250
661 88 3218
200 644 7402
275 579 9104
753 480 620
429 10 19
824 667 6718
146 572 788
64 969 3179
48 138 1768
68 874 436
62 485 3052
433 954 5387
614 750 3897
282 601 5585
141 150 4020
21 371 7918
797 755 7331
733 119 7530
248 522 8113
583 25 5736
559 309 4876
39 857 7863
200 241 2213
593 285 8894
196 187 8565
529 44 4146
301 61 1323
375 86 5912
471 929 7479
919 949 3921
296 732 3625
167 331 9769
407 842 1936
648 80 9410
16 598 3162
35 663 8291
266 465 6723
502 776 8375
873 970 742
357 95 6693
318 947 6335
156 934 3641
621 439 9068
365 239 3734
323 881 7455
184 586 6025
185 596 9511
298 59 7201
391 827 3016
493 374 1573
806 348 7559
593 749 8116
440 95 9887
219 400 948
684 26 9248
404 272 7318
808 509 3346
747 963 1148
505 931 7402
647 135 1299
640 660 7905
667 326 1197
120 140 507
946 447 5708
286 863 69
691 127 4179
451 780 3691
789 599 7212
755 991 2299
273 681 5415
685 388 5492
254 31 9281
299 574 288
422 428 6504
377 94 9282
672 646 5871
349 861 7682
299 765 1999
441 212 1877
549 838 3253
293 4 1548
771 74 3960
933 928 960
271 473 3188
182 100 37
585 470 2046
482 997 9397
799 892 9559
756 175 7424
790 419 5117
319 383 7615
792 629 9041
931 436 8014
609 775 5383
181 441 1701
559 316 7828
847 952 8302
267 279 413
593 372 4296
142 423 7420
700 272 1134
991 160 3142
580 816 9974
379 185 5720
528 279 8681
415 876 4884
490 704 2540
748 930 9928
607 13 6549
821 499 4980
78 274 8475
695 970 8974
804 259 6646
307 442 8047
211 524 6857
186 188 5046
982 219 9555
353 885 1623
223 133 7240
581 586 3798
999 421 1432
55 968 9176
649 430 6679
155 293 5677
632 59 8823
762 724 8103
633 424 4696
934 773 4578
401 238 2931
910 579 6946
136 403 2706
451 620 150
305 804 3487
703 627 6598
616 251 7598
275 207 9629
694 987 5992
396 472 5568
958 29 487
247 413 1165
97 844 6200
673 494 2648
506 586 9975
977 875 260
86 75 2339
480 720 8525
384 13 6723
180 453 4599
873 866 8024
877 316 1599
956 367 4473
709 762 6298
168 782 2864
274 498 4515
600 53 2761
986 701 8665
905 445 9830
441 578 5927
610 290 683
479 54 6362
734 285 3439
906 715 4191
148 132 2809
920 760 7729
654 828 5255
816 427 3091
533 401 9548
889 414 2448
617 851 5505
346 471 6133
76 183 4438
517 522 1452
195 10 3888
945 122 7071
656 175 9723
124 893 1110
803 199 710
568 675 2751
438 907 787
2 425 5848
60 731 5601
866 544 4609
497 703 2098
779 819 7634
20 509 1361
43 665 4426
534 239 7670
951 446 2167
260 571 4533
752 426 9123
322 560 322
774 269 2956
81 834 9137
470 14 4979
234 800 6793
247 227 7200
484 864 3851
754 714 9323
103 147 9694
584 643 1767
334 504 7890
587 728 7342
317 73 2439
852 344 4843
308 925 5991
358 492 6654
164 44 3782
136 655 7059
301 341 2726
799 22 7504
989 145 6433
258 102 7146
636 897 9095
114 276 1130
253 893 8280
712 439 6843
929 772 1644
615 891 9694
30 846 3456
658 762 6477
373 857 6153
509 538 9517
619 120 1500
643 786 852
913 994 4099
426 445 5048
235 569 8310
955 489 1856
642 338 8482
384 158 1183
689 831 6976
765 335 2549
328 676 6026
626 814 2646
657 863 815
510 582 5210
394 69 8023
947 525 2146
243 165 3168
219 491 4665
525 506 3004
277 445 2572
61 200 9367
558 633 5669
594 494 4417
165 475 5678
29 248 7105
598 988 4627
335 468 7176
998 683 9838
256 605 3764
930 26 5425
65 234 9257
380 244 2784
815 36 7139
522 392 5013
920 430 8954
675 339 7790
502 159 4394
991 236 3132
501 535 8670
408 757 2227
350 816 4657
95 94 4497
81 340 2565
308 766 6168
493 20 9999
690 759 9963
295 5 5049
128 105 2296
743 836 974
993 33 302
871 211 8080
414 98 2642
855 35 9482
157 139 4662
739 24 9112
847 643 3459
227 948 8936
362 746 864
288 368 7223
90 880 7127
455 12 2632
884 984 8876
825 31 8256
55 546 8462
49 907 8049
840 849 3370
762 501 7998
951 730 9787
701 289 8252
372 527 9750
101 834 828
161 142 6620
913 19 9752
230 231 1284
418 42 5936
350 19 2843
455 1000 5554
144 22 4963
721 599 1839
865 895 3797
980 263 9754
233 225 3655
800 765 3226
486 454 3136
50 575 6331
280 565 4922
504 646 779
610 361 806
119 698 5512
117 633 9856
680 276 3463
782 966 2468
904 292 5958
1000
118930 435 118930
141805 637 141805
150533 647 150533
238104 967 238104
406769 706 406769
462881 428 462881
723940 757 723940
860408 275 860408
916485 954 916485
942786 643 942786
987173 81 987173
1111041 782 1111041
1261320 28 1261320
1429661 843 1429661
1686480 321 1686480
1712518 693 1712518
1962754 148 1962754
1973663 528 1973663
2124430 642 2124430
2151130 742 2151130
2252496 350 2252496
2434482 109 2434482
2465182 961 2465182
2606297 538 2606297
2616410 523 2616410
2627426 930 2627426
2676365 14 2676365
2777886 800 2777886
2811315 600 2811315
3022056 916 3022056
3025127 323 3025127
3067169 250 3067169
3201789 288 3225167
3376787 202 3441528
3450025 594 3460238
3458037 922 3464438
3513184 96 3530144
3527124 287 3921437
3554992 647 3922156
3801359 647 4486512
3816790 197 4563414
3940943 824 4583907
3986300 549 4587492
4203687 693 4699443
4205903 28 4729176
4207889 350 4752924
4315519 609 4873231
4416930 276 4900793
4453815 856 4966673
4533800 848 5023004
4562848 648 5294000
4629037 129 5346081
4635795 777 5373517
4647216 840 5406993
4796762 309 5561794
5156840 975 5869198
5352540 902 5962229
5374170 867 5986072
5391392 711 6187480
5559516 208 6239954
5731666 773 6306764
5755763 935 6773949
5870452 567 6810856
5911563 836 6818394
5956345 685 7637252
6139879 296 7671928
6242086 880 7696300
6301197 366 7919817
6307082 929 7948866
6360444 651 7969175
6457586 789 8108693
6611783 807 8119576
6636718 731 8180245
6655544 738 8228442
6670145 158 8350108
6901229 680 8384693
6922197 730 8464028
7000015 421 8545867
7129870 236 8573166
7146747 618 8626215
7148927 925 8739822
7333627 657 8944544
7347461 677 9155593
7543052 431 9176840
7552860 724 9389462
7646768 124 9685080
7671562 595 9746401
7746205 594 10269150
7804040 530 10315711
7806321 417 10419530
7979206 887 10492224
8136435 288 10575770
8220538 27 10725895
8426534 365 10845852
8737472 370 10857090
8776664 254 11070909
8828328 581 11290190
9140332 153 11332849
9171614 587 11461951
9219536 74 11565641
9301926 183 11601758
9491693 28 11614691
9908141 236 11750697
9939096 255 11923841
10126512 689 12061589
10194429 145 12117329
10231957 576 12222767
10293263 262 12245804
10412116 307 12308869
10485068 616 12346250
10793847 265 12484575
10824708 15 12615468
11090784 974 12671974
11126967 784 12676193
11277669 409 12882173
11443641 440 12925585
11445965 970 13198437
11553089 289 13354597
11625040 520 13851594
11693427 888 14130667
11840747 734 14276958
11842454 377 14286125
11897743 932 14480171
11921558 113 14646484
11951116 70 14744536
12177644 722 14844859
12259406 559 14872910
12378002 719 15003927
12448227 760 15031909
12507646 766 15367695
12765455 321 15487362
12871540 415 15493006
12902740 647 15528198
12971764 594 15673700
13197972 121 15720437
13440407 710 15751456
13447234 215 15770647
13655133 429 15902167
13929709 533 16141842
14185727 506 16241223
14553716 612 16250717
14576100 272 16340808
14732190 393 16381425
14768997 709 16503068
14795156 540 16607720
15016595 524 16690929
15018506 440 16948523
15025755 707 16967382
15073498 751 17023499
15096349 110 17058770
15100992 921 17159056
15151857 928 17246264
15313732 918 17699420
15561954 679 17902309
15566278 155 17914382
15837894 848 17925644
15928773 569 17940201
15991495 396 18003698
16073632 459 18084024
16084788 528 18142964
16086558 505 18148632
16267945 637 18177348
16375690 631 18308381
16397331 272 18338131
16420604 754 18411684
16432990 28 18429352
16465458 777 18526066
16563815 266 18527256
16612378 992 18817834
16816459 559 18843619
16955683 670 18957375
17206997 970 18992680
17349430 134 19014910
17416155 902 19066535
17460748 211 19144016
17462769 776 19150546
17682308 713 19295265
17866846 190 19705659
17975908 888 19932850
18046765 884 20125463
18055595 673 20190049
18115465 993 20636019
18167615 482 20750539
18184635 317 20857376
18218233 33 21051720
18498438 235 21184038
18581779 721 21224187
18747100 773 21241158
18832904 66 21480678
19016853 917 21545151
19150247 334 21567014
19181703 923 21679425
19277924 179 21813343
19295153 345 21877012
19360970 312 21893175
19534735 111 21978389
19563358 600 22016833
19656199 842 22027860
19694701 145 22089650
19711451 893 22133192
19912031 586 22158998
19983997 978 22279600
20102965 777 22350539
20557201 332 22399161
20607970 256 22418944
20689052 984 22478316
20729106 767 22506548
20796104 554 22553288
20839503 978 22620105
20984625 277 22725499
21203848 528 22734319
21453859 564 22772533
21623925 685 23014606
21659954 381 23117183
22013392 248 23288938
22231668 734 23291015
22261755 310 23594577
22311189 970 23691894
22321806 107 23727260
22325156 252 23775064
22352411 523 23898500
22411466 970 24086169
22566287 789 24476324
22653498 626 24519746
22780163 103 24532907
22904221 65 24799069
23448122 859 24868696
23457070 588 24896421
23550630 328 25136359
23664176 968 25136609
23697261 290 25200918
23929945 502 25286092
23963833 924 25323469
23993500 186 25492385
24077896 120 25669493
24103919 140 25672157
24111882 704 25728902
24204556 76 25780774
24605674 702 25795680
24615940 238 25851947
24658199 850 25888869
24688508 993 25903885
24700333 264 25913824
24740588 606 26040236
24760993 784 26071321
24801451 426 26099156
24824698 202 26133094
24851204 606 26472196
24989602 510 26740425
25622118 416 26897213
25774068 406 26941074
25850915 763 27084071
25911442 172 27248226
25976173 374 27401441
26051805 387 27404222
26094860 867 27492159
26423309 94 27633122
26496696 628 27673542
26562411 469 27872537
26596416 869 27887184
26618410 854 28273477
27011229 883 28313396
27187036 493 28329969
27212019 129 28480829
27252939 741 28710431
27345825 596 28821606
27415371 715 28876462
27481927 945 28963995
27606871 1000 29091370
27619778 783 29376583
27706658 661 29412710
27770775 1000 29475000
27835227 219 29483154
27862895 118 29494693
27882739 676 29764554
27942957 186 29796231
28066191 866 29929342
28211289 430 30168359
28219385 146 30329974
28315719 17 30501984
28386186 600 30674288
28534415 975 30676757
28616824 57 30733883
29002629 72 30856215
29003991 172 30891437
29100042 976 30899170
29234900 747 30910085
29452995 678 30917129
29799763 922 30928908
29828958 42 31021457
29923186 887 31385942
30025300 154 31663555
30060942 819 31705551
30062845 129 31819327
30195057 950 31932136
30216741 265 31977106
30326201 178 32030120
30438759 312 32055580
30822766 5 32139929
31015369 516 32141153
31081825 768 32160353
31150184 547 32363585
31159113 624 32374121
31167131 376 32471234
31183687 233 32517352
31241492 841 32521133
31488729 836 32671344
31673704 746 32752092
31686462 580 32763228
31721227 144 32834693
31900500 342 32928702
31995713 94 32966894
32254227 227 33020984
32271086 609 33057714
32307776 60 33066016
32575672 577 33186861
32763147 298 33256272
32972636 128 33317133
33053605 685 33321489
33097880 107 33624327
33123883 300 33792900
33186373 215 33812041
33239052 42 33959786
33387510 490 34071470
33401157 905 34391265
33450708 676 34488540
33606114 26 34644322
33660885 433 34670116
33686460 728 34868684
33784319 798 34981200
33894351 132 35009516
34113750 510 35162177
34198422 215 35649847
34290497 971 35664349
34533458 197 35701463
34651758 908 35864284
34687838 177 35900064
34991711 28 35917001
35029066 573 36184851
35197205 800 36316110
35295703 82 36429480
35378267 904 36487505
35407666 699 36847014
35516027 365 36961221
35536733 14 37022547
35550428 283 37077879
35633692 83 37248439
35691469 968 37286379
35747014 580 37487460
35771041 357 37638441
35821331 993 37649061
35840219 638 38304883
35905542 932 38401487
35922586 646 38660439
36047277 387 38747029
36157753 213 38764704
36335817 879 38770736
36376875 356 38826884
36393611 803 38828317
36395465 365 39032856
36496909 289 39163588
36705725 27 39386309
36715218 778 39411906
37043368 831 39413574
37289072 80 39542905
37296505 452 39700197
37318516 229 39702261
37410629 585 39703282
37490918 306 40060388
37519003 212 40109524
37539835 890 40276372
37602776 796 40376653
37771298 574 40594855
38229449 96 40689786
38321768 592 40872034
38329922 329 40898530
38385350 341 41060553
38513349 556 41158012
38628449 670 41241460
38649014 203 41257097
38669283 192 41330933
38677389 626 41672797
38687926 217 41770082
38866269 321 41777152
38929443 992 42004137
39002499 981 42025124
39137526 720 42160666
39191203 964 42205600
39192881 264 42279165
39383759 660 42304403
39748261 845 42414554
39765526 350 42496949
39782924 722 42548948
39917463 156 42605145
40174435 817 42630645
40275019 688 42769787
40301165 133 42785429
40320820 290 42927647
40534312 429 43187838
40610283 769 43264304
40642878 367 43442603
40649977 973 43676482
40859013 902 43889297
40883928 770 43982523
40982939 391 44311025
41004910 189 44352340
41014614 997 44388007
41179615 101 44393168
41184479 571 44438476
41184804 835 44450180
41268817 881 44456065
41275378 763 44457408
41293394 536 44548602
41353414 873 44551983
41444190 397 44559079
41527273 423 44615002
41527985 928 44706645
41636557 456 44903756
41795980 457 44977561
41811377 411 44987738
42108354 81 44988283
42355789 740 45152102
42496946 524 45221212
42616444 854 45380886
42731854 599 45415144
42746178 335 45486958
42786190 987 45489518
42839278 501 45583150
42845135 802 45604339
42847272 155 45655071
43060490 861 45660380
43134358 622 45764921
43182357 835 45900055
43338462 197 45951526
43389010 427 46174486
43659727 506 46258462
43979690 80 46353086
44004025 817 46480501
44033475 360 46783651
44078304 12 46828261
44081947 279 47109436
44098232 568 47121530
44151710 496 47138174
44175212 386 47180655
44223104 311 47727473
44321673 345 47897935
44402869 378 47931902
44442797 970 47942700
44444748 506 48078825
44463909 843 48493865
44613235 31 48541341
44680697 507 48604327
44750840 305 48739625
44908037 969 48752767
44920818 362 49115698
44962614 55 49154069
45101325 341 49322936
45136730 288 49521774
45189671 687 49661811
45271342 223 49789811
45424356 790 49796122
45436036 855 49965667
45629708 327 50080713
45641632 259 50712751
45688682 162 50873424
45880117 86 50903098
45888984 371 50952242
45973028 284 51065970
46050396 268 51181320
46154899 46 51190687
46196188 930 51249217
46206778 875 51422418
46348625 534 51548008
46437777 392 51625470
46525652 934 51668338
46606674 943 51701070
46685370 846 51841705
46693290 356 51850621
46739205 927 52058783
47030990 386 52073520
47035245 915 52160414
47096700 650 52200482
47219431 12 52254350
47291206 195 52315463
47434939 174 52404376
47441881 43 52496101
47539369 75 53103811
47541934 538 53112627
47708170 86 53147193
47779701 322 53172918
47801051 772 53262311
47925264 828 53471266
47940453 549 53688246
48041929 482 53691897
48060893 511 53751138
48131459 126 53869488
48138110 148 53964466
48170259 845 53977678
48492777 683 54079852
48616484 476 54191322
48806979 159 54274283
48843524 498 54716778
49113710 918 55038963
49146045 323 55584712
49168506 261 55837675
49209178 337 55916051
49280633 966 56017655
49292843 246 56038854
49376557 589 56118722
49417797 454 56126500
49428728 890 56517345
49435891 233 56536147
49543027 915 56701847
49626841 797 56815856
49835517 362 56932178
50407787 37 57012740
50561970 354 57047713
50633429 368 57108724
50639640 839 57117551
50668163 792 57125371
50693009 609 57357371
50832994 629 57444133
50837711 967 57509638
50899283 311 57615706
51053765 62 57650163
51203864 375 57667682
51228064 968 57673469
51232617 499 57815652
51372074 971 57965478
51386958 44 58065797
51406895 322 58123676
51462067 672 58266802
51467999 54 58277283
51561731 402 58279457
51803786 3 58334172
51959530 967 58356254
51975199 404 58438509
51986588 50 58563417
52132507 135 58657185
52223368 3 58667523
52267077 907 58693528
52291537 859 58723583
52395405 528 58860920
52457529 225 58869806
52626798 361 58975575
52702942 867 59236332
52820215 898 59329676
52829354 64 59391434
52982842 742 59410353
53042509 186 59490985
53060168 58 59602975
53077671 8 59603817
53089029 384 59659103
53199810 439 59848207
53290560 691 60054047
53462936 952 60470743
53662413 714 60551514
53780311 412 60629053
53798675 732 60761701
53826658 383 60956436
53830862 381 61055341
53853412 658 61151120
53896441 970 61181437
53909692 159 61191504
54100808 533 61202294
54143959 817 61251311
54147845 926 61339515
54422837 423 61372913
54444071 901 61501839
54532946 955 61741200
54665325 484 61856137
54729522 292 62022087
54778261 190 62024898
54793614 869 62050345
54875598 625 62166434
54879254 297 62182184
54900158 865 62233086
54968292 417 62416183
54985929 310 62558390
55024936 170 62628368
55164758 576 62820934
55338028 237 62849977
55345110 865 62870465
55469987 523 62880481
55854524 104 62895437
55989670 44 63000484
56008145 602 63004489
56117094 637 63120648
56272073 31 63150426
56360563 446 63163685
56387552 293 63194446
56467875 15 63235404
56643422 596 63472692
56870945 728 63594132
57075350 598 63665589
57157388 678 63717704
57279113 86 64175514
57556135 115 64477465
57683683 261 64505757
57831986 446 64521858
57901267 879 64657385
58113750 752 64831914
58375659 574 64909593
58480656 632 64915859
58548164 109 65203143
58633664 980 65223560
58909980 928 65251184
59334390 984 65256265
59389431 567 65432476
59710576 489 65705867
59789566 739 65831048
59974525 775 65993512
59993566 587 65998807
60092194 513 66206499
60115080 524 66396449
60166889 867 66487532
60283911 972 66717750
60519104 289 66760923
60691634 333 66841198
60745067 493 67393375
60788879 869 67531125
60863020 121 67629612
61039188 203 67631159
61120599 954 67828307
61547760 729 67976227
61637811 599 67979556
61652309 553 68031673
61992026 127 68045577
62018918 226 68082944
62088969 7 68121413
62149807 84 68206735
62202926 476 68228931
62239500 939 68307134
62275228 337 68507700
62367124 932 68598673
62427778 409 68634803
62523937 968 68674247
62527741 835 68736609
62631082 722 69045836
62803127 549 69451089
62865565 484 69466464
62881679 47 69518148
62994627 377 69671310
63007853 493 69691631
63058070 862 69732053
63107828 451 69781859
63126999 4 69794931
63320751 326 70223088
63468305 569 70247908
63772812 578 70357939
63838122 309 70368000
63839915 12 70383863
63976516 955 70387880
64190841 376 70399134
64328815 655 70504934
64414727 895 70528535
64490284 171 70602793
64677821 418 70642712
64731625 410 70768020
64732824 522 70782286
64740800 969 70784112
64790463 358 70880847
64875068 827 70929545
64919851 601 70999584
64934924 525 71186911
64988915 804 71189369
64992644 660 71290812
64997617 414 71294722
65133500 592 71302313
65155139 572 71392537
65208708 875 71429489
65223934 812 71441385
65469648 461 71549684
65617071 121 71552494
65631798 613 71829571
65638694 542 71910131
65660862 172 71949989
65664545 271 72052205
65729376 659 72066686
65804746 367 72126098
65863612 815 72152289
65893249 52 72411912
66078867 910 72446178
66083208 663 72446247
66128419 971 72495429
66316567 602 72553940
66449743 940 72585338
66476663 424 72689899
66509168 837 72881132
66675623 449 72993110
66711354 765 73147288
66726840 402 73189179
66789503 798 73373507
66810502 145 73446747
67098226 161 73481268
67261445 774 73506283
67281764 787 73653058
67365198 477 73960766
67585670 29 73971931
67724625 152 73998828
67993407 257 74060902
68144679 849 74095698
68187504 909 74125282
68406677 576 74301937
68653893 758 74379307
69051494 749 74466087
69128256 846 74481409
69237935 764 74488716
69369506 847 74527027
69469754 906 74597904
69617638 14 74771086
69640138 899 74827372
69674699 588 74832188
70101619 925 74860591
70108181 475 74879625
70208640 387 74999779
70245736 930 75135073
70573643 279 75154379
70796665 481 75447832
70813015 91 75475494
70871252 663 75555411
70930795 914 75581909
71026997 449 75658975
71139378 949 75670735
71273183 21 75884736
71288288 996 75931655
71309243 58 76018547
71323855 128 76042354
71425585 136 76063855
71451824 990 76080940
71598439 48 76162696
71598521 80 76308825
71633207 834 76333148
71760214 688 76474626
71887938 141 76882463
72001452 836 76899917
72197875 881 76931554
72230619 606 77004466
72289639 311 77062370
72562470 799 77168140
72651423 595 77268363
72822471 645 77393409
72918071 497 77407137
72945756 495 77418005
73181995 625 77530041
73282076 933 77531816
73299569 8 77585571
73360972 321 77597438
73437969 376 77779336
73679155 871 77853323
73706089 606 78163684
73835639 524 78221556
73955915 252 78361093
74128242 420 78411460
74189422 783 78419893
74304975 848 78507774
74423841 521 78520709
74442516 52 78545775
74450568 545 78594775
74637001 369 78678434
74764544 939 78709021
74826299 172 78743805
74844290 224 78749338
74878482 548 79011188
74999860 375 79159220
75059930 432 79272732
75106671 489 79453152
75300892 267 79455153
75321617 271 79499070
75932722 572 79560191
76010737 601 79567844
76062248 881 79770334
76100396 523 79821424
76241920 518 79869624
76426496 812 79906122
76735610 646 80101267
76810370 386 80425410
76958779 731 80722011
77153350 290 80767979
77267085 161 80838119
77302544 229 80931143
77306244 127 81002040
77349385 156 81103990
77408415 846 81200165
77465721 254 81232532
77540225 601 81397989
77680471 969 81552303
77770700 680 81598780
77904400 521 81692369
78005989 249 81771502
78049910 44 81853579
78059999 648 81867141
78462907 117 81944440
78502200 952 82070346
78522954 856 82129866
78773183 709 82204220
78864790 159 82319463
78886713 262 82363701
79066809 138 82419413
79130413 952 82516337
79406243 162 82525169
79412643 930 82583185
79575857 749 82646262
79649746 319 82650079
79810409 637 82659737
79917618 740 82887489
79981878 576 83131977
80112383 446 83278323
80278784 215 83359604
80475402 941 83359827
80580126 225 83473160
80592668 194 83541330
80749160 745 83636683
80760108 621 83817450
80809147 867 83868431
80822272 735 83915565
80848589 706 83973753
80870218 42 83977757
80887313 229 84002909
80973686 587 84277767
81158269 397 84298795
81188021 252 84325673
81302635 606 84362541
81333116 797 84422404
81425399 937 84436426
81495883 346 84452338
81519125 438 84529724
81683773 524 84532002
81689650 547 84692907
81710745 842 84883102
81922662 619 84889276
81987554 256 84960074
82000621 40 85056917
82035776 441 85086055
82148893 93 85160483
82338182 556 85287039
82532341 952 85340483
82652871 720 85435875
82676238 691 85452740
82808754 971 85638344
82886963 94 85968173
83024243 65 86018732
83103721 141 86164881
83180843 884 86232620
83198776 282 86274354
83334112 490 86277102
83340324 884 86316111
83352619 278 86344811
83400911 183 86479640
83402552 201 86711539
83680885 957 86798650
83776811 558 86825697
83868156 252 86909738
83954290 125 86973842
84362358 325 87063674
84544424 469 87089238
84799397 264 87175177
84835672 597 87362139
85008990 566 87464362
85015283 206 87510662
85647364 704 87591456
85812997 387 87628995
85838484 471 87711579
85871873 173 87741213
85962282 657 87873911
86009223 921 87899184
86088225 5 88150233
86117902 591 88150958
86119071 900 88164782
86346853 66 88292897
86444329 360 88331260
86467921 411 88567862
86496800 223 88609557
86586828 813 88654489
86690034 660 88754790
86734177 620 88941639
86734189 875 89014909
86828434 538 89170441
86988225 591 89316229
86991825 414 89329356
87037054 412 89362573
87077870 370 89374406
87081346 37 89408561
87133404 49 89416293
87269772 720 89544599
87374751 157 89630890
87430040 42 89633177
87544640 150 89809779
87671248 252 89937131
87692670 802 90042424
87787385 431 90119626
87841388 863 90196944
87866966 14 90368529
88120958 469 90446447
88353812 681 90542554
88406441 817 90834456
89047264 81 90864377
89210951 365 90922857
89241008 478 90972571
89341432 458 91409033
89495342 785 91421059
89748211 957 91445718
89846724 126 91509007
89994075 283 91670614
90044688 321 91695966
90209712 939 91828631
90287633 234 91831871
90409490 56 91845391
90538804 898 91957513
90607225 482 92022317
90700393 354 92149340
90895136 394 92213659
91017012 762 92225293
91177664 608 92297670
91488344 873 92324656
91603293 800 92438836
91751677 930 92577222
91926193 300 92591559
92145972 162 92663591
92153771 550 92736041
92229662 608 92738801
92351563 847 92824892
92407112 244 92903981
92412515 974 92953661
92492310 744 93054627
92510533 44 93113875
92578250 997 93123097
92704238 359 93205111
92811306 476 93623379
92945029 35 93683367
92978522 23 93790046
93098104 990 93814012
93139666 852 93859689
93188330 363 93865014
93359184 586 94086563
93433858 983 94107555
93466343 873 94113558
93534534 575 94137605
93585880 885 94197495
93711613 337 94209613
93774922 503 94259340
93823003 534 94409409
93927551 574 94689513
93977833 429 94725660
94072376 884 94814648
94212353 314 94818198
94332142 253 94914297
94371034 725 95154497
94536362 961 95329401
94537566 717 95337280
94793452 634 95425205
94972073 452 95475423
94980794 31 95518860
95075296 148 95537779
95112167 514 95549367
95264564 783 95649663
95282454 342 95654815
95639389 678 95710247
96001146 285 96001146
96084472 499 96084472
96136321 895 96136321
96156938 175 96156938
96161268 257 96161268
96476026 277 96476026
96477009 743 96477009
96488606 148 96488606
96491439 939 96491439
96538717 648 96538717
96542547 258 96542547
96544469 896 96544469
96618221 465 96744998
96736633 518 96787113
96792591 158 96834241
97198080 715 97198080
97263331 155 97263331
97364135 586 97364135
97380184 124 97380184
97484830 160 97484830
97530212 552 97530212
97593803 615 97593803
97602388 16 97620813
97612245 771 97647182
97698290 536 97698290
97821353 621 97857712
97915054 197 97915054
98178176 433 98178176
98371292 446 98371292
98668575 779 98668575
98691609 327 98691609
98725110 59 98725110
98835206 45 98835206
99020918 671 99020918
99176388 891 99176388
99243647 951 99243647
99288685 662 99288685
99420455 401 99420455
99595625 790 99595625
99710694 191 99710694
99763209 505 99763209
99904952 101 99940543
