1000 999
309 514 5544
770 172 7916
443 960 1460
675 650 6342
231 488 3218
173 693 3658
40 980 2131
819 380 7223
199 983 9931
626 334 2927
324 858 3823
644 891 5661
213 316 8777
664 544 9985
962 298 1522
939 341 8923
47 259 2790
697 162 3869
277 219 4217
645 586 5619
497 510 6898
584 597 9647
666 285 2680
842 836 8240
57 940 1415
605 450 3776
131 482 9710
434 425 8907
924 761 7829
224 189 7873
475 953 3724
450 656 762
606 472 9544
397 915 4826
552 290 5216
457 14 4125
883 964 1187
595 460 8202
647 254 5733
239 374 8196
124 459 7710
765 904 4297
781 578 7035
303 177 3083
961 706 1166
548 498 7210
403 92 237
276 699 7392
679 82 6473
697 231 7581
372 65 2580
910 966 7576
832 811 1603
902 813 3637
280 186 9797
920 490 7676
61 734 5877
839 646 8494
389 450 2697
293 698 5045
192 875 359
719 310 8268
44 520 2001
915 50 8749
575 484 5671
682 692 3806
876 796 58
364 820 4824
863 99 8143
373 767 8353
420 271 1394
891 84 4568
885 421 2096
154 364 5855
624 555 2834
333 752 3736
351 104 8686
556 662 6317
505 814 6475
896 32 3687
38 225 7092
739 586 6423
771 354 3414
747 38 5034
226 232 594
547 112 221
683 30 1132
641 531 4886
746 68 8661
914 339 1712
937 400 2450
6 446 1657
647 755 1762
53 137 9164
54 754 7921
522 525 5181
60 804 8322
976 398 7561
146 497 9642
809 953 5577
329 118 5216
18 118 7620
26 803 4290
757 552 5278
559 548 5511
180 80 3398
64 171 7621
300 12 7230
508 967 728
554 864 2342
949 944 2467
709 84 9834
860 303 7604
253 11 8299
698 131 2660
150 198 4597
794 2 1413
486 195 9554
996 711 891
639 396 4325
33 109 8273
644 276 1404
535 417 2537
185 758 1959
797 705 3934
59 549 4755
918 877 668
837 21 7954
567 327 5277
5 341 8142
732 786 3463
394 100 1679
341 304 2270
867 856 5735
760 680 1239
408 204 5238
312 65 3578
164 866 3485
483 897 97
953 438 6838
502 449 751
492 111 9634
724 112 2047
582 361 888
141 619 6841
108 117 8014
101 139 7795
290 825 4556
550 591 5794
722 76 5812
778 263 5811
297 83 756
800 782 6118
178 416 3041
725 573 5714
812 369 6809
161 263 3745
512 223 1232
352 549 3583
257 831 1588
301 296 1296
801 380 1312
985 160 5757
573 923 5205
493 409 212
851 692 1952
886 385 8770
92 805 313
103 355 2686
359 396 9829
569 407 6263
278 597 725
185 3 7712
962 248 7720
473 822 7967
525 426 4179
614 668 6931
466 837 471
992 733 4371
685 190 954
106 292 226
306 887 9610
518 86 4541
334 550 6162
558 493 8657
436 759 9558
104 249 600
599 197 3176
725 153 3757
498 249 5954
588 838 9405
412 5 4892
776 157 9004
321 256 5612
784 662 8221
159 944 4819
493 596 400
572 749 8662
894 49 6145
162 341 8
360 935 6458
738 944 3110
530 286 4614
922 973 3195
732 389 2148
834 710 257
615 392 3276
538 408 391
818 135 7995
44 642 4169
21 744 9956
102 854 4504
935 10 1329
963 786 8061
544 965 2553
467 857 647
728 108 6896
941 47 8180
568 251 412
489 708 6228
565 338 5964
889 189 8669
322 832 2357
770 869 6356
479 221 3339
311 108 7878
905 287 962
172 25 9689
87 981 1282
835 802 2951
164 3 9739
168 898 8655
147 282 2091
82 155 179
945 463 5308
637 871 819
584 426 7211
205 828 2740
919 627 4653
38 787 3699
973 167 5053
398 202 102
505 391 5133
62 129 4493
694 99 3864
125 714 7725
458 863 47
290 13 3955
827 454 4682
296 531 5262
39 763 6037
318 80 7017
844 17 4779
497 62 9805
300 822 4330
750 635 149
663 524 9546
512 147 6417
601 282 2698
981 176 8269
991 671 2489
269 330 2
471 167 9392
630 132 6278
847 388 4834
193 121 8209
810 248 8891
229 490 8052
536 974 5469
979 777 9115
119 715 3699
334 723 1869
71 697 9584
795 584 3269
19 302 9607
22 500 8676
808 506 9097
713 776 9178
348 769 8553
673 677 2418
968 720 7729
404 24 2864
809 456 3377
694 859 773
988 851 6448
323 824 4231
218 427 125
547 40 2227
13 265 8322
586 209 78
773 421 6304
10 114 8320
854 556 7319
410 383 4765
570 167 4360
133 536 9773
416 221 4326
533 793 5677
884 29 6768
903 83 802
615 368 4235
873 419 36
227 628 4794
803 987 7776
942 951 6556
90 552 9021
381 897 7674
748 94 6435
214 175 8544
4 320 3484
977 12 7474
669 595 5276
250 936 1314
571 843 5337
770 428 9940
705 119 3645
868 777 8422
883 23 6809
381 480 7107
781 616 196
209 480 8226
592 146 2280
169 362 5608
7 904 3311
861 807 5672
162 985 6343
316 711 1823
908 566 1736
564 64 4911
683 261 2697
873 199 2282
971 581 7445
509 744 227
135 513 3826
123 469 1244
844 762 2269
184 85 8318
671 658 2089
219 597 6349
636 722 608
722 677 758
920 515 2573
777 710 5355
551 964 7884
683 166 5412
246 224 8640
457 16 3072
807 243 5881
558 611 6171
82 293 1307
829 907 932
982 880 2970
712 411 839
993 530 3214
507 260 5492
853 665 9512
648 291 8308
189 51 284
272 753 393
971 663 4785
313 482 9945
910 963 2648
126 870 5584
241 942 3136
473 227 400
7 205 701
317 835 9027
412 658 2611
927 95 6911
916 182 8437
570 582 6455
933 590 8911
773 774 5083
634 976 1553
245 219 8833
382 748 707
34 64 6798
762 279 4760
233 843 958
138 681 9190
153 914 6175
313 337 2741
817 626 2127
728 966 5602
614 859 4603
560 416 93
790 987 9676
143 901 4543
402 693 9370
394 532 2136
583 318 5634
719 297 1414
984 422 1683
776 761 5187
587 894 7787
906 973 9385
29 921 4020
838 340 9832
997 850 2283
405 735 1839
239 69 7384
126 991 5000
862 993 141
593 919 3650
853 2 4852
940 381 1037
319 262 8687
864 978 883
978 690 6381
660 45 8139
292 260 3635
938 10 123
373 818 8597
777 843 7077
47 778 1222
299 143 6139
79 655 3104
767 483 1667
886 121 1867
99 852 236
579 231 3994
363 888 5050
102 357 5329
900 771 5439
326 405 2179
920 605 2557
778 741 5270
936 951 5642
956 650 1582
756 731 5974
833 432 5912
476 874 2864
610 991 730
577 900 3772
991 934 2084
440 173 2449
957 893 6727
385 723 3936
103 574 3697
474 606 759
764 149 4038
456 334 3256
572 585 2333
896 958 8828
512 372 2041
32 88 5157
203 879 5031
54 841 9244
418 102 3653
758 211 7827
834 689 4427
531 408 5429
598 727 6529
628 734 1318
404 83 8801
244 990 8535
650 936 898
149 213 5106
534 205 423
1000 946 9915
22 721 6759
989 537 3794
766 844 4442
867 316 6745
802 425 2360
436 722 3036
228 324 703
511 536 8314
718 489 4573
909 986 6293
110 735 7632
170 813 6425
655 171 1990
529 913 9569
903 753 5704
90 181 5071
63 72 1171
424 805 8899
506 907 753
670 58 8832
20 263 6163
659 90 8777
50 964 9453
606 898 99
672 813 8065
943 959 5738
431 611 720
631 422 4677
320 245 3539
437 354 6471
921 891 4763
394 968 7514
975 748 6014
893 899 8709
706 959 8786
316 370 2677
519 772 2907
197 699 7326
746 585 3151
477 275 5690
138 30 5966
95 705 1969
746 75 3939
517 372 6147
970 943 9844
175 384 5632
785 347 9124
417 419 3798
173 840 1459
468 221 7745
191 626 8600
707 530 2824
392 780 3659
310 358 9923
173 442 5256
7 326 4710
709 234 4503
81 435 7447
411 190 4144
957 792 2154
995 678 5234
107 25 4199
986 618 2514
742 927 1129
369 502 1229
519 571 182
128 999 526
960 994 733
830 216 6419
654 816 6709
81 34 2660
761 429 6763
775 874 924
567 202 1171
979 69 6872
212 116 5817
230 92 3239
56 132 4422
58 201 259
565 78 3926
740 998 6380
936 821 5396
701 607 9146
902 113 6508
230 701 6954
413 222 4184
691 342 5296
274 545 3540
567 518 3960
71 652 999
666 333 348
747 890 2467
673 339 3015
242 737 1858
881 814 1570
919 604 7193
143 285 4487
635 850 2325
655 613 389
370 383 5527
853 539 2125
307 10 3194
672 756 8263
563 393 3391
31 563 1388
768 802 7856
445 271 3784
729 887 3805
642 37 647
948 982 4330
617 611 8994
941 439 2061
95 187 9424
109 789 532
281 348 5267
799 599 4692
971 876 4414
846 903 4864
161 912 3402
150 251 5045
327 807 2113
117 247 7614
97 739 2540
826 656 6134
460 643 3040
808 678 4717
343 677 8178
985 630 3603
865 903 8448
283 223 7989
85 501 2635
937 421 661
748 350 6261
764 275 1267
226 836 8007
726 629 7244
843 182 7585
134 211 7721
325 754 7779
387 438 3667
508 378 8556
486 428 1752
619 196 636
721 49 2636
462 772 7446
324 111 5512
924 632 9279
208 527 9487
251 785 9326
488 956 4831
655 572 8413
875 723 3077
330 25 8262
411 185 9211
314 352 6593
277 489 2411
326 686 2269
59 404 7389
546 972 4668
855 394 9911
717 327 571
433 54 3745
255 846 1131
376 238 2349
42 945 9877
175 965 8574
733 137 1758
446 218 7138
692 444 1904
424 777 7797
42 97 117
72 336 1974
830 589 6283
297 574 8507
531 383 1103
994 165 6037
534 478 8626
920 268 9471
194 360 940
318 349 9422
8 540 5874
314 145 2566
273 158 4128
187 346 5639
205 156 1482
592 479 1806
947 283 3479
838 512 2997
31 85 2399
264 844 5311
123 564 5933
651 619 5509
187 296 3522
133 811 7626
412 504 4110
348 850 7987
902 367 6253
788 382 7216
602 124 3139
890 609 9370
320 362 6391
926 327 8613
381 236 2642
35 663 8512
536 55 6800
514 797 9351
701 896 7225
218 737 529
811 237 5535
728 308 290
32 849 7544
704 198 6120
387 621 5240
452 251 4589
299 980 3493
203 798 1963
621 448 3083
139 637 2639
543 285 3870
661 225 9429
402 952 2301
848 611 3002
758 295 9403
465 583 4756
779 730 986
794 386 110
302 805 6887
572 341 187
691 263 2697
172 70 976
800 332 8747
119 505 3957
800 138 1919
423 722 3397
454 331 9188
121 415 866
793 696 6717
270 803 3009
604 230 3314
544 751 2746
589 460 2930
174 216 9961
819 635 5694
480 52 2695
993 345 5509
466 905 329
797 491 392
433 353 9069
647 263 8328
120 260 7692
104 665 284
447 149 6888
629 882 3236
737 575 6862
700 208 8473
543 620 1947
120 796 8937
362 590 6024
940 127 7812
379 975 2993
174 536 4717
657 429 9387
122 982 4269
794 319 7042
402 461 6650
679 400 8878
733 245 8577
480 820 7095
105 380 3071
73 455 2165
294 179 20
703 811 2367
152 72 9948
14 544 9284
978 576 6701
287 755 3917
432 715 9861
513 678 7569
376 321 7224
206 575 4345
276 430 95
546 289 4286
283 106 3554
288 932 1065
327 623 6521
299 151 8629
87 842 8444
288 305 9037
371 787 417
864 93 7561
448 10 9668
604 530 3299
745 307 1774
791 394 5570
665 930 3903
503 167 6934
377 694 704
541 397 9020
469 77 8174
183 414 6112
954 247 7376
863 839 6533
682 874 8056
393 929 2360
981 396 8105
857 415 7451
98 28 8787
376 895 5024
470 280 2790
214 572 3774
779 160 741
98 526 46
94 154 8191
738 414 3236
707 956 1812
384 480 16
220 437 782
272 638 9687
48 507 3195
240 906 6512
389 880 760
990 309 1192
362 918 9874
815 8 9945
642 981 2695
794 909 7581
234 487 6440
620 222 9144
188 18 7651
817 481 6212
811 53 3298
49 258 1414
328 845 5911
799 395 5264
130 480 1915
158 335 7164
653 402 3572
714 886 7696
940 253 3163
631 577 3769
729 795 3103
322 879 9555
122 824 2898
128 97 2704
147 658 5257
485 267 8187
96 690 5590
528 212 177
566 817 937
502 791 5798
376 24 1228
836 731 4918
73 798 5602
235 318 8280
654 896 9050
760 375 8759
969 81 4659
622 449 5645
955 94 3452
33 302 4353
605 365 2445
425 200 1465
356 602 8452
479 81 691
348 760 5857
172 600 3881
328 479 742
298 674 4342
887 41 7384
863 521 1027
882 129 8824
737 534 9016
312 608 7579
441 411 1103
17 192 7017
252 5 80
869 215 2075
806 214 3830
987 716 3324
363 617 561
322 727 6607
305 496 867
541 931 930
966 612 6694
568 472 4896
340 110 7734
911 483 1311
464 889 3505
37 740 8653
831 209 1918
806 15 1272
693 538 5476
331 626 4091
735 1000 6493
651 577 3446
707 495 6490
711 783 943
64 390 3458
878 449 3607
753 931 8524
329 163 9419
277 687 1518
548 273 5247
337 393 651
453 976 5031
142 495 7448
971 775 9482
590 908 2689
277 891 583
849 633 2986
807 624 8836
406 179 5771
115 91 4424
620 258 3798
653 763 8814
706 325 1734
793 662 8857
387 485 6249
893 549 9421
603 364 1500
917 607 7914
96 872 2998
839 670 9908
574 27 2040
210 102 6717
522 892 8229
675 594 3222
324 14 9015
675 336 6334
344 714 4427
254 612 252
696 759 3947
144 973 1854
448 823 8338
780 668 6319
667 515 6021
203 98 7865
561 701 6634
243 950 7072
255 557 6064
38 789 1809
674 289 3381
208 438 9376
686 212 3754
388 984 6540
695 694 1865
266 704 6940
540 356 3306
965 499 9445
148 207 2166
373 67 191
508 736 5320
387 414 8205
117 417 9452
674 225 2976
127 445 8265
743 735 2077
36 284 5376
66 732 4491
18 408 4192
418 74 1265
558 625 5260
648 755 7792
270 953 1837
554 365 1492
379 853 9041
217 619 8669
303 261 2267
694 873 5252
584 451 9046
520 781 5695
523 325 1477
292 989 8157
523 261 2155
552 235 8475
908 688 1001
532 65 7684
78 445 8708
539 378 1442
676 35 3414
197 638 6041
581 804 8051
553 930 1873
308 569 5551
371 274 8986
928 171 3809
685 136 1890
649 726 5796
564 684 8396
916 45 318
325 298 2684
155 602 3753
433 833 4367
712 259 245
318 894 3884
925 184 7741
189 302 7463
315 62 8016
266 177 625
73 1 4160
566 542 5565
288 585 405
327 140 1580
770 313 75
628 740 5381
562 776 283
115 728 9802
158 425 6400
624 36 1046
636 470 5941
377 325 1266
516 740 3905
556 232 4815
507 348 129
494 349 4747
17 851 2434
465 684 3435
702 401 9804
693 640 2622
946 9 9769
613 573 3365
889 847 9649
580 199 3136
89 542 9347
997 179 4117
596 673 6313
721 207 8602
473 139 576
949 43 1227
250 503 3941
468 913 6598
844 366 4674
652 443 5188
401 83 652
399 687 6721
632 95 2426
72 624 7698
864 46 4607
431 184 1867
1000
48740 420 68572
99585 868 257096
155043 604 267969
402086 165 402086
423878 509 423878
503563 263 503563
612557 756 612557
650831 746 650831
653752 352 653752
654452 925 677979
708335 438 717770
717887 410 756399
723644 403 832756
786141 521 856067
1031315 944 1073778
1041228 9 1177862
1083535 978 1183742
1083714 89 1189971
1093185 120 1234907
1114698 369 1253200
1383895 741 1383895
1431587 878 1431587
1492159 403 1492159
1504086 321 1504086
1576319 116 1576319
1633769 525 1633769
1644500 839 1644500
1648441 882 1648441
1649376 971 1674906
1666324 453 1682037
1707175 619 1764350
1793223 645 1793223
1839151 35 1839151
1843509 529 1843509
1924330 711 1924330
1963732 252 1963732
2014334 617 2014334
2072538 399 2072538
2079502 972 2079502
2095660 5 2095660
2095705 448 2095705
2153647 414 2153647
2200327 995 2200327
2213743 237 2213743
2367592 880 2367592
2518430 92 2518430
2548137 575 2548137
2591449 988 2591449
2605965 54 2605965
2741889 923 2741889
2846897 225 2846897
2911974 267 2911974
2981646 271 2981646
2986505 952 2986505
2991205 74 2991205
3042761 866 3042761
3063333 881 3063333
3067828 692 3067828
3092400 13 3092400
3123032 969 3123032
3168262 628 3168262
3194501 878 3194501
3336366 461 3336366
3346744 917 3346744
3349519 977 3349519
3370167 542 3370167
3445171 669 3445171
3474275 242 3474275
3476136 161 3476136
3514918 270 3514918
3523022 728 3523022
3558959 394 3558959
3596089 646 3596089
3663783 920 3663783
3703980 311 3703980
3730060 831 3764856
3816270 457 3816270
3825073 869 3825073
3943986 881 3943986
3967495 54 3974365
3999446 245 4005220
4021535 146 4054761
4098028 63 4098028
4211922 546 4211922
4269737 866 4269737
4416591 88 4416591
4450924 773 4450924
4524652 568 4524652
4583916 759 4583916
4601568 903 4601568
4631638 304 4631638
4633373 977 4633373
4837720 601 4837720
4893725 922 4893725
4965292 560 4965292
5073389 615 5073389
5161704 959 5161704
5161908 795 5161908
5196103 377 5196103
5281011 464 5281011
5309716 169 5309716
5361762 747 5361762
5470251 151 5470251
5519622 831 5519622
5540065 976 5540065
5647987 314 5647987
5677558 821 5677558
5752638 357 5752638
5838947 762 5838947
5839480 472 5839480
5935513 153 5935513
6010814 541 6010814
6012799 83 6012799
6042754 235 6042754
6052174 427 6052174
6238380 903 6238380
6255430 231 6255430
6262376 392 6262376
6555419 920 6555419
6649768 279 6649768
6661598 286 6661598
6840946 148 6840946
6934938 56 6934938
7117436 42 7117436
7172142 388 7172142
7173352 668 7173352
7215501 600 7215501
7236109 407 7236109
7283560 110 7283560
7292042 762 7292042
7294845 672 7294845
7298004 691 7298004
7327887 575 7327887
7489143 676 7489143
7523381 342 7523381
7551855 51 7551855
7578439 317 7578439
7608196 906 7608196
7653088 974 7653088
7661262 162 7661262
7777536 495 7777536
7869654 260 7869654
7872780 962 7872780
7945920 933 7945920
8001810 85 8001810
8037309 323 8037309
8076115 579 8076115
8138355 636 8138355
8161403 230 8161403
8205344 517 8205344
8282964 856 8282964
8305624 273 8305624
8309733 376 8309733
8341072 12 8341072
8382954 509 8382954
8385349 473 8385349
8385696 783 8385696
8390742 178 8390742
8432030 864 8432030
8462443 190 8462443
8502539 304 8502539
8602411 980 8602411
8673537 650 8673537
8716351 14 8716351
8730884 126 8730884
8750092 192 8750092
8773337 9 8773337
8806944 21 8806944
8822922 340 8822922
8855381 728 8855381
9031202 717 9031202
9031822 55 9031822
9038239 731 9038239
9045002 377 9045002
9047423 105 9047423
9137209 230 9137209
9149616 359 9149616
9221199 896 9221199
9268697 120 9268697
9274967 899 9274967
9360382 718 9360382
9386710 926 9386710
9387864 820 9387864
9477032 652 9477032
9525104 711 9525104
9615146 197 9615146
9742897 638 9742897
9792508 414 9792508
9807874 347 9807874
9838600 929 9838600
9896801 709 9896801
9917383 319 9917383
9943231 496 9943231
9958925 119 9958925
9979637 558 9979637
9998805 589 9998805
10003874 119 10003874
10016967 883 10016967
10030926 392 10030926
10065442 103 10065442
10177849 829 10177849
10203442 823 10203442
10263400 895 10263400
10317472 986 10317472
10351832 464 10351832
10446938 867 10446938
10453597 848 10453597
10493921 524 10493921
10585561 681 10585561
10609952 42 10609952
10659657 287 10659657
10694531 76 10694531
10698844 373 10712469
10747065 972 10858036
10781110 204 11006720
10827211 550 11059203
10854562 828 11096241
10893936 721 11106567
10899806 774 11114212
10974736 934 11218867
11014984 613 11338807
11113562 127 11380178
11184400 327 11459831
11328364 889 11552657
11333630 211 11593314
11473751 169 11620297
11488048 667 11677338
11500234 285 11735739
11552735 8 11795891
11585298 874 11844172
11593719 646 11877201
11625846 995 11989253
11707598 316 12048908
11726351 244 12183950
11772852 750 12236883
11819058 740 12254985
11822249 851 12269609
11826999 812 12386958
11887023 446 12480920
11920791 245 12554058
12079773 183 12602088
12095895 366 12636907
12152175 729 12711093
12168735 956 12820202
12247224 969 12854645
12253684 623 12872627
12295701 451 13089554
12330758 81 13091537
12353111 567 13122720
12364428 435 13139223
12378857 587 13204452
12436036 341 13284171
12503626 83 13285237
12710749 399 13361466
12804684 714 13392281
12853353 32 13393831
13007341 518 13426855
13040281 81 13462558
13068910 811 13512146
13110603 48 13667582
13141445 452 13796050
13272958 723 13844098
13319610 107 13901697
13349940 735 13916592
13443897 151 13977783
13516353 348 14085227
13535492 355 14119944
13542973 787 14128145
13618108 472 14256927
13659307 552 14290043
13707223 183 14476610
13794867 267 14478280
13906579 498 14523465
13982925 60 14538071
13990039 722 14579103
14068487 53 14688872
14068785 139 14695023
14272501 8 14758732
14445461 715 14829916
14497256 359 14875066
14543880 244 14955249
14685533 60 14983406
14794423 897 14986565
14843144 297 15115281
14859551 465 15140517
14875270 999 15233495
14896159 726 15258935
14928462 969 15367010
14988410 747 15455664
15030326 220 15495227
15063943 673 15562532
15066444 575 15606728
15260811 465 15674532
15354093 472 15695093
15358160 853 15729560
15455966 136 15811212
15461348 257 15822923
15484201 768 15916787
15579709 917 15939210
15679331 691 15990393
15857936 213 16018366
15871054 356 16082939
15934981 103 16100396
16011915 393 16106821
16039742 559 16114523
16057249 411 16127963
16175903 124 16175903
16192819 639 16192819
16239381 272 16295332
16253763 964 16324580
16276564 952 16349540
16312520 564 16370823
16374588 108 16510171
16436783 850 16512027
16449810 270 16518190
16460934 894 16523136
16513900 258 16536679
16522046 401 16595290
16582972 475 16619573
16603290 162 16620760
16715314 325 16766788
16743145 789 16895253
16756282 596 16904944
16781960 504 16910386
16913485 254 16922453
16977219 664 16977219
17011110 680 17011110
17063137 300 17063137
17218313 588 17218313
17269914 512 17269914
17279116 404 17279116
17292578 498 17292578
17410889 829 17410889
17425384 57 17425384
17465699 948 17465699
17558197 983 17558197
17590868 243 17590868
17690717 978 17690717
17709234 346 17709234
17739442 404 17739442
17751164 608 17751164
17788693 406 17788693
17804519 680 17804519
17840191 735 17840191
17971139 966 17971139
18007328 506 18007328
18026048 756 18026048
18132771 488 18132771
18218377 748 18218377
18220619 443 18220619
18270290 986 18270290
18285972 304 18285972
18455021 489 18455021
18523937 509 18523937
18626714 575 18626714
18644445 14 18644445
18660103 816 18660103
18752497 341 18752497
18794090 535 18794090
18829145 210 18829145
18903823 584 18903823
18928706 984 18928706
18972524 129 18972524
19045091 642 19045091
19074376 326 19074376
19118331 361 19118331
19145287 246 19145287
19148729 650 19148729
19159007 280 19159007
19312623 811 19312623
19384425 80 19384425
19564381 611 19564381
19670748 159 19670748
19732102 543 19732102
19735224 627 19735224
19788893 924 19788893
19825001 315 19825001
19839907 981 19839907
19858564 795 19858564
19900381 47 19900381
19905728 408 19905728
19957513 151 19957513
19980673 282 19980673
20002132 908 20002132
20011519 643 20011519
20062101 881 20062101
20062976 691 20062976
20167025 6 20167025
20375329 746 20375329
20435365 172 20435365
20528360 393 20528360
20537052 380 20537052
20565838 116 20565838
20601125 601 20601125
20736765 314 20736765
20744689 952 20744689
20763659 514 20763659
20811853 935 20811853
20894327 167 20894327
21004684 949 21004684
21410758 474 21410758
21432103 612 21432103
21465293 661 21465293
21512308 959 21512308
21567965 489 21567965
21656907 754 21656907
21850179 287 21850179
21973470 894 21973470
22018415 815 22018415
22026500 97 22026500
22035585 90 22035585
22091905 889 22091905
22118139 444 22118139
22146891 698 22146891
22274202 548 22274202
22379696 244 22379696
22499767 690 22499767
22637729 665 22637729
22706539 534 22706539
22711772 41 22711772
22723626 879 22723626
22756208 826 22756208
22769075 735 22769075
22770902 43 22770902
23001486 949 23001486
23024070 509 23024070
23026761 511 23026761
23060746 387 23060746
23087413 544 23087413
23137553 809 23137553
23199182 524 23199182
23305589 868 23305589
23463671 517 23463671
23481139 934 23481139
23542502 792 23542502
23561201 612 23561201
23582164 406 23582164
23614777 64 23614777
23649653 69 23649653
23779117 388 23779117
23867364 902 23867364
24015631 710 24015631
24021346 802 24021346
24074357 125 24074357
24078342 789 24078342
24150765 68 24150765
24260992 419 24260992
24263618 763 24263618
24288584 978 24288584
24322388 906 24322388
24329088 748 24329088
24408624 39 24408624
24472728 357 24472728
24475940 584 24475940
24529367 314 24529367
24585938 134 24585938
24672916 100 24672916
24685325 566 24685325
24789642 537 24789642
24795660 502 24795660
24834347 326 24834347
24904827 530 24904827
24912201 950 24912201
24917154 467 24917154
25004773 789 25004773
25007540 899 25007540
25016876 31 25016876
25032182 614 25032182
25038176 945 25038176
25045435 915 25045435
25089058 30 25089058
25103442 655 25103442
25338767 213 25338767
25341534 39 25341534
25348742 835 25348742
25376154 823 25376154
25425405 538 25425405
25453213 202 25453213
25464394 803 25464394
25538068 173 25538068
25623964 897 25623964
25653794 550 25653794
25676543 977 25676543
25696390 157 25696390
25776003 497 25776003
25785999 534 25785999
25793922 587 25793922
25798421 676 25798421
25845612 635 25845612
25997400 785 25997400
26085607 306 26085607
26105338 123 26105338
26204646 351 26204646
26206892 791 26206892
26401964 717 26401964
26426305 269 26426305
26474927 440 26474927
26526552 486 26526552
26622915 875 26622915
26670593 517 26670593
26679261 666 26679261
26699003 149 26699003
26735013 566 26735013
26736002 403 26736002
26784640 953 26784640
26791673 686 26791673
26810910 103 26810910
26867974 421 26867974
26988394 541 26988394
27027421 943 27027421
27207432 837 27207432
27219104 798 27219104
27279413 803 27279413
27319855 737 27319855
27367960 842 27367960
27568719 280 27568719
27620209 151 27620209
27726815 917 27726815
27761210 262 27761210
27808399 133 27808399
27850185 246 27850185
27863571 299 27863571
27885949 588 27885949
27889023 477 27889023
27892144 492 27892144
27893065 499 27893065
27908916 49 27908916
27972493 592 27972493
27990770 505 27990770
28064915 580 28064915
28231580 14 28231580
28267299 64 28267299
28323249 2 28323249
28334324 885 28334324
28399831 436 28399831
28408996 432 28408996
28448126 956 28448126
28484630 420 28484630
28484873 213 28484873
28506759 188 28506759
28542152 624 28542152
28563700 867 28563700
28607267 135 28607267
28622314 486 28622314
28632945 285 28632945
28719990 23 28719990
28735191 475 28735191
28837776 705 28837776
28907169 721 28907169
28954538 42 28954538
29050376 418 29050376
29105444 225 29105444
29114320 953 29114320
29145929 642 29145929
29155329 89 29155329
29178671 885 29178671
29289232 219 29289232
29301858 28 29301858
29344680 426 29344680
29367698 177 29367698
29437638 90 29437638
29500422 131 29500422
29623503 347 29623503
29691621 662 29691621
29723317 215 29723317
29785991 528 29785991
29792996 887 29792996
29881065 3 29881065
29908459 699 29908459
29960712 558 29960712
30036036 972 30036036
30048340 585 30048340
30222488 116 30222488
30259406 776 30259406
30262502 193 30262502
30269478 699 30269478
30306578 48 30306578
30342875 46 30342875
30416500 249 30416500
30419896 177 30419896
30611045 98 30611045
30614548 768 30614548
30615637 145 30615637
30627223 930 30627223
30630889 152 30630889
30654334 115 30654334
30707879 280 30707879
30736095 29 30736095
30751807 194 30751807
30783306 65 30783306
30801582 469 30801582
30832637 805 30832637
30950055 234 30950055
30998537 936 30998537
30998884 494 30998884
31030894 961 31030894
31044194 437 31044194
31083084 74 31083084
31112453 832 31112453
31114533 949 31114533
31189611 284 31189611
31205966 837 31205966
31220350 762 31220350
31252076 461 31252076
31261647 465 31261647
31327634 753 31327634
31389443 342 31389443
31414705 722 31414705
31444218 540 31444218
31564592 248 31564592
31584370 889 31584370
31658759 552 31658759
31669655 408 31669655
31888410 907 31888410
31973734 419 31973734
31978829 348 31978829
31998381 595 31998381
32003646 167 32003646
32032249 613 32032249
32095693 966 32095693
32097767 40 32097767
32099853 485 32099853
32118458 619 32118458
32209998 524 32209998
32324306 333 32324306
32338044 789 32338044
32443233 384 32443233
32654564 111 32654564
32686901 717 32686901
32729883 72 32729883
32732042 758 32732042
32734422 124 32734422
32798543 544 32798543
32836998 210 32836998
32883496 740 32883496
32944233 920 32944233
33029029 716 33029029
33052597 276 33052597
33063377 237 33063377
33081194 702 33081194
33141168 276 33141168
33143440 760 33143440
33256956 458 33256956
33298372 867 33298372
33302652 662 33302652
33312744 240 33312744
33336470 522 33336470
33466070 734 33466070
33480916 667 33480916
33670479 443 33670479
33686252 115 33686252
33708179 13 33708179
33789756 762 33789756
33816708 507 33816708
33872355 761 33872355
33878968 204 33878968
33930633 748 33930633
33983878 480 33983878
34012988 306 34012988
34050173 786 34050173
34068767 178 34068767
34096294 936 34096294
34130844 612 34130844
34157600 484 34157600
34161539 504 34161539
34231040 836 34231040
34235252 886 34235252
34323658 100 34323658
34476950 611 34476950
34541418 803 34541418
34679725 76 34679725
34723412 282 34723412
34805421 253 34805421
34836075 608 34836075
34850749 761 34850749
34855618 827 34855618
34915289 797 34915289
34930120 564 34930120
34933129 753 34933129
34941961 689 34941961
34954345 511 34954345
34983716 599 34983716
35024652 57 35024652
35031069 188 35031069
35104466 131 35104466
35149672 16 35149672
35217277 808 35217277
35235195 963 35235195
35329192 452 35329192
35344614 701 35344614
35410185 590 35410185
35439128 665 35439128
35465455 101 35465455
35524703 832 35524703
35539989 840 35539989
35540456 860 35540456
35560830 854 35560830
35642385 418 35642385
35709455 355 35709455
35764425 246 35764425
35778755 69 35778755
35808575 722 35808575
35875278 332 35875278
35890074 290 35890074
35908778 270 35908778
35910723 468 35910723
35928867 374 35928867
35931017 355 35931017
35962817 250 35962817
36022943 376 36022943
36049179 971 36049179
36053699 243 36053699
36070919 88 36070919
36100944 866 36100944
36182920 935 36182920
36299036 282 36299036
36309752 837 36309752
36353812 189 36353812
36528889 745 36528889
36549921 440 36549921
36593346 325 36593346
36595812 14 36595812
36630602 547 36630602
36662041 521 36662041
36679601 22 36679601
36710996 287 36710996
36719021 965 36719021
36730674 132 36730674
36755718 844 36755718
36761230 594 36761230
36761677 493 36761677
36792426 210 36792426
36858990 610 36858990
36900298 10 36900298
36923666 244 36923666
36925317 434 36925317
36966261 749 36966261
36975089 607 36975089
36998482 244 36998482
37051210 761 37051210
37078327 653 37078327
37158154 587 37158154
37182518 764 37182518
37218858 55 37218858
37228200 866 37228200
37267408 140 37267408
37371716 446 37371716
37419301 559 37419301
37429300 706 37429300
37577917 572 37577917
37671976 636 37671976
37688812 12 37688812
37702363 94 37702363
37758909 752 37758909
37765792 493 37765792
37805138 965 37805138
37898727 815 37898727
37910285 541 37910285
37952304 385 37952304
37959801 679 37959801
38014357 269 38014357
38104197 661 38104197
38149827 114 38149827
38210553 168 38210553
38217409 229 38217409
38235399 514 38235399
38272499 510 38272499
38500971 495 38500971
38668098 597 38668098
38682515 430 38682515
38685795 67 38685795
38755041 267 38755041
39033670 662 39033670
39089662 533 39089662
39190691 194 39190691
39204104 538 39204104
39229578 545 39229578
39282645 330 39282645
39325509 815 39325509
39333103 238 39333103
39449563 562 39449563
39455247 50 39455247
39477922 376 39477922
39510525 856 39510525
39667555 989 39667555
39719977 745 39719977
39721855 870 39721855
39737495 624 39737495
39756034 991 39756034
39783886 651 39783886
39798202 842 39798202
39823547 860 39823547
39857262 172 39857262
39945172 62 39945172
40001117 866 40001117
40011568 941 40011568
40021075 447 40021075
40096579 639 40096579
40129103 8 40129103
40181436 231 40181436
40237609 103 40237609
40286963 810 40286963
40315434 699 40315434
40356892 341 40356892
40365485 852 40365485
40409073 53 40409073
40465838 572 40465838
40480791 265 40480791
40580186 189 40580186
40615799 217 40615799
40659659 972 40659659
40721750 429 40721750
40746717 474 40746717
40883117 604 40883117
41032516 351 41032516
41053791 198 41053791
41072801 500 41072801
41211887 671 41211887
41273695 286 41273695
41283005 938 41283005
41287770 286 41287770
41319121 647 41319121
41322117 340 41322117
41342039 738 41342039
41347815 671 41347815
41358063 560 41358063
41407402 812 41407402
41439925 25 41439925
41476262 195 41476262
41514812 177 41514812
41691136 321 41691136
41702214 831 41702214
41805604 28 41805604
41827992 138 41827992
41836589 247 41836589
41898405 747 41898405
41934594 321 41934594
41946691 369 41946691
41994314 971 41994314
42087898 311 42087898
42297742 786 42297742
42378168 843 42378168
42422754 530 42422754
42481180 722 42481180
42530087 319 42530087
42536127 133 42536127
42740326 999 42740326
42745654 821 42745654
42758311 565 42758311
42791211 703 42791211
42834874 592 42834874
42918711 357 42918711
42980903 685 42980903
43012956 557 43012956
43020850 765 43020850
43145896 895 43145896
43157316 620 43157316
43238547 985 43238547
43242800 652 43242800
43256744 772 43256744
43278271 877 43278271
43380543 168 43380543
43462782 891 43462782
43641635 424 43641635
43720270 731 43720270
43747054 461 43747054
43820815 787 43820815
43962164 56 43962164
43964872 661 43964872
43995578 476 43995578
44014809 667 44014809
44123186 321 44123186
44157497 563 44157497
44183285 874 44183285
44233848 158 44233848
44253051 496 44253051
44390658 899 44390658
44390810 256 44390810
44544010 149 44544010
44656091 877 44656091
44719776 952 44719776
44726957 726 44726957
44730075 925 44730075
44782876 344 44782876
44785815 863 44785815
44803873 992 44803873
44893411 563 44893411
44906902 635 44906902
44926056 500 44926056
44930114 160 44930114
45115341 912 45115341
45167611 242 45167611
45172649 508 45172649
45198603 349 45198603
45205861 511 45205861
45307776 421 45307776
45399635 753 45399635
45541374 138 45541374
45557635 280 45557635
45566802 986 45566802
45602871 238 45602871
45684272 617 45684272
45690315 636 45690315
45763536 292 45763536
45805023 162 45805023
45890544 338 45890544
45946568 868 45946568
45985379 928 45985379
46033544 600 46033544
46082776 5 46082776
46087145 301 46087145
46111967 468 46111967
46151146 33 46151146
46212224 817 46212224
46232028 264 46232028
46253680 165 46253680
46261450 442 46261450
46410997 848 46410997
46421058 163 46421058
46491443 511 46491443
46531795 434 46531795
46562299 202 46562299
46609127 942 46609127
46623866 610 46623866
46626505 537 46626505
46676667 378 46676667
46749862 297 46749862
46753366 815 46753366
46790040 97 46790040
46833338 159 46833338
46883361 262 46883361
46894162 517 46894162
46899726 245 46899726
46905474 226 46905474
46980934 294 46980934
47006283 585 47006283
47090005 905 47090005
47161215 822 47161215
47213545 980 47213545
47284938 712 47284938
47289259 966 47289259
47444582 449 47444582
47480826 248 47480826
47508947 59 47508947
47544511 924 47544511
47572150 759 47572150
47623295 618 47623295
47726200 941 47726200
47787761 463 47787761
47873691 580 47873691
47892798 718 47892798
47928287 138 47928287
47986619 645 47986619
48007412 560 48007412
48034674 594 48034674
48036833 8 48036833
48103078 533 48103078
48136057 325 48136057
48181624 822 48181624
48185943 720 48185943
48196530 924 48196530
48289398 844 48289398
48306488 121 48306488
48333172 945 48333172
48354176 554 48354176
48389346 872 48389346
48429249 372 48429249
48503214 664 48503214
48579351 639 48579351
48627859 39 48627859
48690458 790 48690458
48765422 754 48765422
48796517 119 48796517
48851112 19 48851112
48991051 777 48991051
49033002 81 49033002
49045870 119 49045870
49118390 811 49118390
49120172 931 49120172
49217198 892 49217198
49262577 519 49262577
49266063 93 49266063
49278849 416 49278849
49436915 423 49436915
49441323 653 49441323
49445117 177 49445117
49447820 914 49447820
49514116 180 49514116
49575654 736 49575654
49617732 313 49617732
49628544 174 49628544
49655938 184 49655938
49752854 406 49752854
49778838 127 49778838
49793415 398 49793415
49831235 300 49831235
49853705 634 49853705
49899677 852 49899677
49921305 609 49976561
49975011 110 49995742
