1000 999
354 514 7780
977 482 5851
854 739 9795
565 732 410
223 845 4841
157 144 4284
336 365 8358
766 331 3924
880 65 9244
272 716 6527
982 811 651
344 312 9772
757 52 6846
111 41 9035
134 842 9009
180 332 5733
631 975 4763
978 60 2488
873 218 3909
538 621 3333
565 280 5205
783 332 7563
402 324 2268
483 857 7013
235 779 1391
207 834 2342
479 868 6854
54 612 1140
443 284 232
500 40 1824
152 228 1153
774 279 4511
352 719 6573
319 813 6819
900 892 5927
696 656 9389
902 432 9908
493 373 7023
115 465 1200
46 369 7896
541 594 6068
842 476 1048
706 8 8966
899 399 9543
722 133 5517
930 128 5853
880 336 9837
229 488 9076
113 516 4384
684 154 1907
970 839 3335
366 827 9107
571 109 1808
346 634 2721
817 162 8668
581 375 8881
212 394 6689
942 666 7263
239 644 5483
754 466 3466
752 852 6718
124 927 6179
277 524 6985
712 755 3188
820 939 2610
285 186 8828
55 635 4245
494 99 3278
635 690 8564
600 774 2083
694 500 1947
531 624 4897
948 835 6114
158 993 4956
210 58 5825
287 512 5919
150 2 5121
222 12 3949
909 541 5614
7 157 4189
397 922 7465
273 663 5759
726 327 2179
124 885 6036
141 435 6300
762 530 7663
81 50 3269
558 996 3807
281 554 951
353 908 6005
540 662 5027
674 982 6182
729 937 1249
711 643 4111
339 701 8237
998 671 416
154 459 9729
59 431 5358
807 575 9942
338 114 1630
939 473 4582
145 139 8253
51 843 1131
960 79 1101
598 745 2453
612 720 6134
250 26 65
671 789 6177
802 938 7080
669 371 6237
45 156 9579
37 611 7534
623 224 3015
279 513 1602
252 330 5575
54 477 2650
153 875 1279
186 673 841
82 267 7027
575 189 6839
492 103 4712
77 278 8780
564 957 4576
59 608 2007
561 916 9876
663 918 3267
82 539 3123
548 671 1303
319 967 4036
3 617 4891
645 134 9222
983 521 6027
938 272 2160
60 312 4796
572 450 692
718 611 5866
165 625 7643
326 578 6327
584 620 2500
485 885 3996
828 172 1094
80 414 4804
533 362 3418
7 719 8204
711 561 9390
592 93 4425
208 85 7174
187 167 390
130 537 8281
207 825 1972
540 260 2680
24 747 2186
507 631 8318
454 25 8898
392 847 926
633 699 6400
24 61 3735
424 660 63
402 710 6086
262 868 8376
955 416 2542
98 49 5031
844 289 6367
984 571 1166
103 384 7055
523 436 9494
406 245 6383
910 210 9214
665 382 3916
511 940 4380
75 665 6745
118 408 9410
884 898 6276
825 555 497
309 8 4670
297 270 5525
815 685 557
198 877 3835
319 279 1825
339 557 4166
818 405 6616
78 912 6560
718 787 2493
611 831 6055
282 124 7948
733 481 1815
379 957 1655
968 43 5083
855 630 8308
416 742 7048
32 274 6483
766 105 9817
490 938 1107
71 328 8177
996 142 9493
676 607 4389
350 656 5520
698 592 7693
849 685 157
231 642 5973
347 925 695
633 227 5363
533 302 612
249 543 6674
341 675 6278
790 887 7798
388 235 6554
956 229 4027
333 41 3039
833 181 1478
419 16 8762
737 711 8549
838 414 7415
748 193 271
437 165 40
154 313 1269
125 544 9285
682 404 7050
776 52 2963
711 545 7428
231 558 7153
589 350 1829
461 949 9328
669 997 4045
929 246 1967
460 428 5295
798 823 2059
274 438 1952
284 428 4451
289 153 2234
913 786 2681
23 710 8174
914 127 9642
965 303 9076
122 417 2005
547 691 9860
316 562 3502
515 849 3494
686 426 1784
519 872 4441
288 529 1173
31 536 3281
62 648 6921
870 713 6122
249 777 9831
551 147 6157
515 457 9589
57 942 5761
740 814 405
640 4 1912
355 48 6415
520 98 8318
760 735 8949
735 554 6107
617 828 4674
220 749 649
494 715 6276
136 165 7692
765 150 7237
200 829 2056
897 964 1356
694 953 2221
298 299 953
396 143 9263
285 287 3608
550 268 172
428 734 8011
236 689 5976
104 411 2294
304 449 3897
17 110 3782
691 799 238
381 555 3512
216 816 6079
252 322 7712
999 127 3174
661 611 635
703 440 7572
44 534 8352
825 478 6920
436 895 2270
143 635 8461
219 246 2720
920 135 7374
996 19 7024
785 736 3120
258 137 4272
156 908 9504
495 33 6042
848 288 3857
194 610 3123
444 902 3615
325 875 4449
917 763 7522
397 360 2
769 18 7113
168 752 7034
179 399 2553
552 882 8460
10 119 91
471 678 3669
17 996 5223
917 316 4878
930 687 4816
243 874 7804
619 340 8418
338 480 8837
922 203 1090
161 574 6578
127 395 6771
214 169 1099
113 5 1935
665 896 9329
632 568 975
455 159 1084
295 65 2009
38 380 5468
347 187 5314
655 385 8536
178 690 6258
30 642 7267
317 999 313
260 131 3593
504 984 6355
974 494 3174
783 937 1730
455 299 1830
926 873 379
997 148 3562
38 149 2438
321 405 2050
556 555 5959
993 316 2826
482 331 1214
271 974 7591
786 61 5382
805 937 1951
180 342 1649
845 881 5908
260 766 1655
683 975 5065
911 778 5016
995 466 9181
543 677 9152
976 374 4460
316 100 2564
794 464 9947
947 967 6190
580 346 4308
960 612 6976
866 322 7932
553 798 4721
185 367 4612
268 731 6604
110 647 4872
891 661 9920
156 166 6291
43 518 6239
566 487 5270
649 830 4130
445 210 1755
170 950 7915
985 41 5255
443 352 5537
924 959 6627
183 42 9247
202 162 1233
283 987 2395
363 628 4020
615 207 4400
848 145 1534
722 353 2034
468 919 2230
492 205 5439
907 628 4086
902 751 95
230 754 4891
458 411 3779
303 780 9139
174 239 1289
293 149 8041
244 569 195
788 760 2453
286 716 9320
568 526 842
791 923 4320
644 849 5736
954 208 2060
358 679 2765
982 453 1116
550 681 2871
856 766 4769
103 184 4301
48 456 9630
423 397 3503
692 196 3335
326 761 8962
731 777 7719
677 322 6149
910 751 1147
62 428 8742
728 322 7024
433 806 2899
614 419 9554
406 248 5796
74 682 4523
994 793 3349
652 269 244
579 733 5521
723 44 8062
13 785 832
720 374 6407
591 73 7301
242 897 3713
749 921 4005
467 163 7320
251 265 8060
540 667 2116
38 225 5903
741 729 5336
292 302 9822
348 653 1670
992 913 8297
935 123 2981
497 56 8237
515 320 1479
255 818 2747
819 93 4164
884 92 2595
316 535 6777
450 865 4725
878 1000 3230
112 903 6721
227 12 3500
861 385 1934
73 357 9360
228 872 478
992 232 6314
788 705 6392
2 211 1149
875 628 3193
682 864 4985
617 577 7725
597 676 2745
338 381 7345
738 364 1133
15 702 9613
886 508 9311
422 221 621
388 124 9179
827 343 5063
942 357 9912
563 584 2732
841 974 6693
559 746 1534
944 266 832
888 426 4782
14 828 8554
796 232 2559
858 2 1011
14 582 1660
837 327 2428
633 916 7477
641 204 210
358 583 2162
832 788 8742
124 464 3441
648 81 1488
736 422 6115
693 789 5254
364 92 5485
21 479 2942
188 164 247
91 700 9184
946 866 784
983 913 6497
427 955 2668
779 560 2184
486 802 1803
730 548 676
108 725 3289
225 739 938
307 275 642
528 335 355
581 721 8400
622 373 4590
953 499 201
985 207 5612
237 672 6834
99 337 7404
356 733 1212
221 353 6830
322 485 777
981 522 3494
749 782 9845
244 844 2266
410 925 597
836 216 9460
984 146 611
719 291 1802
616 553 5849
440 39 5990
756 409 2072
927 114 2357
394 481 317
961 31 7419
932 434 5269
944 247 2949
714 603 1517
537 590 915
374 700 2310
62 502 6717
978 860 3005
823 270 5565
54 122 1561
840 598 2557
340 358 7860
555 704 9596
990 965 7012
479 537 4688
231 446 3794
375 794 8082
334 103 9860
277 425 6843
854 930 9502
936 493 1960
747 210 8537
317 801 6004
119 756 3112
64 253 7868
638 438 6134
692 469 3646
206 242 2048
889 50 4928
106 773 8477
663 429 3837
371 26 1932
415 763 8439
509 70 934
9 300 725
652 351 5328
233 163 4032
863 900 5547
890 764 4101
786 306 7171
35 753 620
312 441 6599
758 845 1825
999 835 3559
911 901 9977
525 919 5284
595 119 9093
604 253 7669
71 513 6910
66 431 4764
822 751 5496
422 751 4457
511 257 1949
627 130 3861
485 618 6403
940 899 1945
877 713 4140
222 107 6741
605 15 3437
956 703 6872
531 641 3565
638 496 2303
998 645 341
660 551 6702
290 328 6296
212 806 4807
602 249 5010
991 944 2029
577 215 3379
295 83 3350
14 468 267
292 106 3405
473 886 4027
135 321 5243
976 462 5725
121 874 2079
370 813 7481
243 905 2177
893 610 4933
736 869 3411
318 487 9231
755 733 430
374 119 5073
656 901 856
951 540 9544
403 293 2147
315 345 316
200 350 7154
155 532 7646
659 307 7654
694 173 5903
47 637 3785
657 552 690
642 606 1251
602 876 2077
972 139 3251
108 868 5413
556 514 8792
18 420 4963
511 951 9905
986 197 2205
883 552 2910
513 784 7831
313 374 6582
261 195 3012
417 918 8652
491 976 3004
655 978 4178
725 787 7904
264 551 2173
296 374 5325
707 442 4716
522 770 9414
548 686 373
437 234 3481
637 819 2994
184 636 8697
670 281 8338
49 263 4620
70 811 1049
368 498 6107
658 653 9829
683 629 5437
124 931 7844
28 134 6345
102 251 5075
784 803 9308
177 685 5839
979 824 3628
186 89 7927
759 721 7646
435 763 3552
820 415 1640
357 171 4237
688 484 9923
240 80 9833
584 137 9856
169 623 290
703 474 7872
67 744 3235
811 980 2248
837 980 691
842 351 6952
449 776 1903
380 151 1625
447 166 6560
446 164 6280
454 628 5303
20 335 3498
146 20 642
853 107 6246
463 125 1265
88 451 3904
386 790 1853
408 56 4075
840 497 7185
175 267 4793
82 869 7544
334 637 350
98 18 9534
152 778 5338
46 246 602
216 44 2756
575 723 4150
368 614 2065
1 810 7985
510 808 5296
87 427 8686
738 101 3152
215 402 7821
96 879 3913
391 253 1226
288 772 4399
593 321 1823
369 377 8884
982 139 3844
68 209 5841
218 944 9779
76 182 3541
27 140 5069
475 640 4264
855 542 2046
688 353 2724
296 495 9934
77 516 9313
943 523 1135
763 283 7193
220 772 9239
352 226 1070
383 962 2161
943 1000 5920
971 743 2063
834 664 1251
838 224 1784
850 659 5625
472 353 5733
96 673 7945
371 518 9394
904 663 13
709 400 2743
939 587 5245
107 696 4709
620 140 9860
90 126 289
349 514 7522
202 654 9253
138 656 5598
78 777 9327
79 775 4791
470 580 1713
697 361 1371
354 342 2276
217 750 9361
98 290 5318
603 665 9007
639 981 7870
756 182 7676
708 678 8451
38 638 8748
945 488 3645
451 11 7229
43 58 7330
625 963 7682
764 651 1070
781 618 4475
912 440 2504
29 587 8143
36 162 5038
237 939 1450
436 894 9219
609 703 1831
217 109 3936
378 429 7986
966 432 4135
820 430 151
390 691 1322
299 223 5381
539 605 3373
246 87 623
196 85 3791
225 203 2948
63 911 2628
792 873 3397
952 647 4273
30 914 7309
93 653 9494
576 851 452
98 706 9935
966 208 9676
400 597 4027
747 654 1027
131 618 2503
293 799 4127
613 346 3105
724 797 1381
20 307 7669
205 517 3567
909 771 9818
391 305 6998
988 652 9456
317 170 5092
567 689 2313
448 459 386
523 724 3862
646 161 2965
837 291 1189
790 529 6191
734 588 5715
804 620 3062
821 111 5482
854 877 1760
961 394 1263
486 933 3345
80 2 5683
323 466 7910
146 314 912
524 819 4771
28 493 7201
503 97 1108
141 812 6807
638 626 6949
507 388 4072
35 9 751
134 893 4524
197 528 60
115 546 1713
498 329 9616
780 372 3632
779 439 382
297 455 2333
167 12 6840
695 25 7612
601 315 3289
906 952 9111
3 51 7756
589 882 1676
816 383 9505
11 835 5408
726 421 8048
132 752 4291
793 378 3551
812 826 2009
798 1 3534
667 176 1342
807 29 2083
668 444 1412
945 800 3902
435 17 1321
943 761 1948
505 927 217
955 621 6136
894 267 2130
367 751 8057
713 317 1325
65 67 2759
583 321 8710
973 114 2577
123 860 8081
830 392 7529
740 904 9229
365 900 3410
630 756 1288
294 393 1358
84 36 229
762 631 8514
512 233 3549
285 53 3370
489 65 2635
193 376 6
649 579 2135
175 460 3023
287 147 9513
267 773 6586
262 767 3312
680 610 629
599 509 7200
413 558 6384
859 147 8626
715 121 4322
897 892 202
241 958 3874
840 4 6214
745 101 2308
672 501 6547
480 795 9762
596 599 8822
364 86 769
903 397 7069
697 490 209
418 170 229
324 955 2520
815 351 1
561 276 716
957 383 9387
300 389 4358
137 575 4833
533 768 4851
567 373 1697
117 14 1013
715 350 18
470 348 1423
5 697 6463
815 56 2006
401 789 924
33 527 8328
242 308 2869
75 461 1396
853 549 1493
862 45 677
239 649 8685
629 394 7292
563 318 9164
466 560 6079
683 341 1718
537 999 5179
126 540 4115
405 156 6457
453 199 5212
234 333 9786
23 265 308
717 207 6800
387 278 1295
450 238 8025
632 797 6803
2 585 3943
544 195 7087
651 272 4189
847 171 6789
26 867 7818
456 95 1425
191 929 6569
894 213 2146
246 341 6121
933 996 1722
747 941 7073
138 907 3681
469 846 7517
715 987 3363
452 472 5151
98 94 205
969 4 2367
506 204 2823
266 322 6697
116 606 4503
418 650 6926
915 988 8245
477 35 4341
833 717 9112
200 313 7768
359 597 614
259 756 2887
823 559 6400
379 65 8802
707 891 4957
928 983 3821
864 552 6063
866 771 3642
791 708 2138
15 851 6304
665 717 1482
701 389 2051
18 173 2741
324 971 2123
398 299 92
66 469 1372
204 86 3879
458 355 4
488 419 7176
34 968 1463
570 407 6430
463 454 63
209 27 9051
355 499 3483
41 72 8410
30 407 4441
510 52 9242
513 601 717
310 859 8341
226 161 4030
182 573 2070
402 924 733
589 256 4038
443 827 3704
263 834 8058
589 857 9856
192 3 2977
572 624 6307
666 120 5441
414 854 793
586 574 7714
551 248 9202
678 244 656
22 426 6231
254 894 2959
409 64 6828
910 355 6384
52 8 5217
55 445 5495
973 311 9184
6 77 2847
799 809 3310
332 932 9380
532 620 9609
327 280 3326
824 369 1993
946 383 4622
472 393 7361
989 534 7086
201 358 7240
902 42 9501
857 658 8559
522 546 5011
867 359 407
831 335 3797
934 423 5902
467 696 3266
752 113 1484
727 740 6900
190 828 482
301 985 8825
363 503 6160
965 788 9445
376 935 1486
241 633 1870
559 583 6821
871 440 2092
524 705 3633
978 280 1087
69 660 3130
783 160 6555
115 553 5154
615 412 7327
904 129 5426
970 95 4701
1000
8408 154 10203
11569 449 15955
16712 773 17307
25168 5 25168
25707 790 25707
35840 486 35840
41580 297 43940
43182 34 44596
60689 887 60689
61067 37 61067
61790 211 103991
71463 577 139911
73431 805 160986
75909 7 164847
91565 2 193774
99985 545 232471
102345 866 254020
115915 727 263155
118995 75 264268
124035 342 264778
131214 887 271659
134200 77 279289
141387 46 284567
149231 936 289134
152971 495 290694
154901 523 298191
158687 383 298342
164585 467 301377
165246 684 329943
171241 187 336231
179964 302 376959
190781 59 377058
210491 299 380622
221357 144 392131
227928 358 401489
234731 803 401526
238582 424 417841
240771 832 424391
246856 812 424903
264387 570 428169
272498 57 429080
272679 854 445755
277262 635 446683
285834 680 451128
289925 321 455846
300996 309 467902
316490 966 474173
335147 962 496745
336940 375 499185
341531 569 501859
354921 627 510649
365708 41 525908
400470 164 528578
424822 728 528820
433704 634 533277
433781 694 541523
435520 994 541608
441137 100 541717
445178 300 544888
448927 716 546221
452223 964 564123
457742 793 566188
463328 379 573858
467352 221 604201
486737 2 613984
486747 7 614124
525184 520 614620
526210 339 636101
539396 15 659850
551618 219 723218
554568 233 739969
588481 715 744658
597167 274 750857
602743 43 754198
618402 940 755164
645191 198 770396
652796 116 773000
660980 971 780060
661848 735 781864
684451 902 782285
686756 181 809498
705505 827 825150
708669 83 831948
721414 951 865232
726102 158 877607
754616 356 906761
777687 515 917325
777981 470 931278
780728 135 933220
785643 251 945704
793554 673 952716
795351 302 953642
798310 32 954220
805169 719 959019
826871 26 970114
829281 639 999836
846501 216 1007231
853860 143 1008882
877094 580 1011649
877542 316 1024206
881848 621 1026228
895290 877 1039301
901751 726 1053870
902812 269 1080399
905732 252 1083372
906877 558 1085018
915310 270 1089512
920226 182 1111950
922187 476 1112712
927968 952 1120188
930507 607 1120464
931386 822 1137712
934082 348 1148339
940082 494 1148498
940659 177 1174851
941050 566 1193058
943176 31 1194135
949657 823 1225468
951684 921 1231754
957837 458 1238196
959289 342 1246136
967059 547 1275141
971363 633 1276006
982757 174 1284912
983474 831 1285427
994754 710 1289841
1004906 737 1292015
1007241 481 1317371
1009718 822 1319633
1011504 956 1320698
1018653 661 1323060
1047126 923 1323971
1057944 157 1335350
1062815 209 1345575
1072434 743 1361738
1082087 233 1371305
1085494 622 1374487
1101244 857 1375198
1124192 554 1379876
1124663 915 1406561
1130934 854 1411987
1134422 99 1438378
1141715 215 1449574
1168542 208 1460073
1173791 832 1484913
1177957 701 1487665
1183086 76 1519368
1197579 474 1522440
1234343 910 1529181
1240736 148 1539814
1248467 907 1542109
1268514 861 1555031
1275783 296 1568858
1282274 534 1574114
1301288 241 1581044
1304399 745 1601539
1307938 222 1604229
1323186 212 1616656
1328378 489 1616875
1337679 74 1634443
1342195 824 1645728
1368611 511 1657924
1369831 193 1679344
1378334 583 1682828
1383547 510 1687160
1407022 436 1698055
1415819 918 1698310
1422116 732 1701878
1431803 377 1730042
1444441 894 1743575
1467995 358 1748023
1473537 581 1756858
1502701 79 1761410
1528845 941 1775197
1531853 776 1791263
1533073 692 1793448
1556095 843 1794330
1557073 294 1806553
1574881 396 1832984
1576554 285 1834245
1592055 425 1849271
1593104 653 1858656
1598237 28 1877132
1603927 262 1883594
1604317 378 1894621
1605869 173 1911541
1642417 894 1943534
1652027 434 1945257
1660114 914 1961451
1670529 928 1962423
1675566 481 1967373
1677085 229 1979997
1692724 164 1982313
1693070 507 1983885
1693464 253 1985187
1701447 759 1985693
1701724 772 1989871
1704497 240 1993862
1706612 593 1999924
1709986 702 2035684
1717409 655 2044725
1720659 998 2053079
1726162 431 2084787
1728788 273 2094561
1736395 802 2109713
1741439 442 2118073
1766049 224 2150164
1771872 918 2157528
1774544 495 2161153
1778525 635 2168001
1785084 704 2170625
1792587 691 2192446
1803944 904 2210948
1834281 965 2215918
1866888 331 2233660
1890775 193 2247082
1895700 757 2271609
1899663 307 2282968
1913971 161 2294454
1927075 72 2318028
1936455 314 2324376
1948959 810 2335655
1955235 182 2366438
1970201 600 2379970
1975360 1000 2384616
1975647 813 2393355
1977423 882 2395139
1978741 929 2417389
1982266 49 2421831
2020797 216 2430950
2024465 79 2437556
2050734 907 2445504
2063835 433 2453344
2073329 760 2453719
2077617 879 2463791
2079337 309 2463875
2095825 906 2467369
2098356 836 2489569
2105743 264 2503541
2108444 412 2504829
2115939 341 2505744
2117885 923 2512050
2130042 982 2515441
2134118 768 2538639
2137924 930 2539563
2151159 891 2540237
2162218 144 2565591
2167408 836 2565609
2174499 127 2572876
2179218 296 2576359
2182940 843 2593218
2185321 997 2593389
2207972 233 2601060
2216668 304 2606362
2228037 813 2607109
2229696 580 2615463
2233213 573 2616929
2247674 403 2631159
2248291 71 2649692
2261459 450 2655299
2266280 82 2657299
2266598 513 2673931
2269425 752 2673950
2280598 288 2676308
2321276 966 2702058
2324427 404 2705361
2335713 212 2715128
2340986 672 2727348
2343276 940 2739961
2352648 154 2743008
2364056 939 2744774
2365603 386 2757121
2368651 367 2766894
2385193 116 2775066
2398136 379 2776508
2405072 162 2784678
2408861 634 2796370
2416629 367 2808715
2424599 238 2809047
2444051 726 2824347
2458370 202 2832905
2459617 122 2834398
2460583 941 2834482
2460661 172 2837176
2465538 786 2842857
2471668 394 2883955
2480059 597 2884251
2528170 775 2908643
2557670 351 2915142
2558891 133 2918981
2562128 830 2920752
2574601 808 2922924
2583371 848 2929177
2586080 727 2931371
2592073 836 2936898
2593664 402 2937609
2597785 431 2943000
2599455 254 2983335
2607054 471 2985676
2611908 223 2987235
2621393 410 2995518
2639661 416 2996226
2642283 68 3009355
2655870 449 3011338
2657380 716 3028588
2671540 236 3029322
2695646 380 3030254
2699104 273 3033504
2707564 106 3034219
2717152 110 3055152
2729716 845 3117428
2737655 422 3121788
2786647 445 3123456
2823588 302 3127906
2839810 144 3144147
2843047 988 3154366
2867462 532 3158333
2874948 734 3181532
2883267 393 3193763
2891987 864 3195740
2898319 919 3208216
2899847 235 3209403
2903231 262 3211571
2912952 62 3224257
2928782 959 3233121
2950884 121 3253956
2976382 979 3266093
2981693 334 3281339
3002406 233 3286324
3007286 266 3306430
3012792 640 3310544
3030357 237 3316942
3067704 481 3322304
3073533 938 3325011
3074083 521 3330127
3077387 109 3345580
3085470 449 3372494
3088853 883 3376556
3090591 250 3379121
3095864 957 3399680
3097878 393 3405191
3100101 454 3412369
3109059 550 3416593
3110016 535 3420352
3111217 418 3465035
3113509 507 3470486
3120368 852 3475083
3147323 399 3477176
3148938 232 3479236
3158068 6 3484655
3177655 678 3485184
3184747 596 3502077
3193088 661 3513565
3231326 872 3527387
3233037 843 3536269
3254580 964 3542240
3277866 500 3555334
3278757 359 3557505
3280412 195 3560076
3291051 219 3568418
3315376 608 3581045
3341650 154 3597654
3342226 157 3604952
3343582 897 3608957
3343591 271 3613786
3351948 710 3622848
3362165 673 3631665
3366698 832 3638444
3374847 357 3658374
3378156 504 3658729
3379827 641 3661003
3385341 21 3679404
3389081 859 3680276
3390842 606 3686853
3404426 163 3690253
3431590 768 3697098
3432571 208 3710157
3437268 432 3754551
3445849 172 3755676
3459358 819 3777228
3461737 898 3784031
3486852 532 3814380
3488468 556 3817397
3511529 478 3822083
3526080 738 3855018
3535835 978 3855946
3549088 119 3872719
3559617 258 3878132
3563196 920 3884651
3572319 463 3898376
3593983 939 3909842
3606550 203 3918350
3608986 329 3918899
3609206 931 3921786
3627287 957 3925670
3641370 894 3928414
3672353 939 3940483
3679306 255 3941412
3680943 244 3943805
3683151 279 3947380
3693003 599 3954925
3694536 223 3958809
3695096 480 3963941
3702634 94 3965844
3712570 283 3969901
3725171 879 3976007
3789189 119 3976797
3798356 413 3993070
3824723 772 3996134
3852304 726 4005455
3874141 600 4015323
3878173 167 4029390
3887018 612 4029983
3893337 528 4030832
3901525 855 4046345
3907308 220 4054064
3916882 476 4059865
3923256 567 4066750
3926463 20 4078732
3929120 120 4086744
3934751 372 4093580
3937944 275 4094439
3944020 509 4101422
3948079 235 4107790
3967655 569 4117354
3971512 817 4122998
3974891 525 4149168
3978926 508 4163573
3990525 52 4180001
3994258 388 4203913
3997210 18 4215324
4014667 781 4215933
4022275 76 4243676
4033385 441 4243851
4048330 34 4252955
4057364 820 4257030
4068064 786 4288416
4077898 401 4304166
4079394 667 4315476
4084017 130 4315646
4086425 193 4338098
4096253 490 4342358
4103913 671 4350623
4111470 211 4358450
4146581 838 4359049
4192683 488 4378133
4202862 34 4385940
4203231 199 4412504
4207917 416 4423475
4214144 465 4432149
4234209 650 4461853
4244779 159 4479103
4245717 936 4482619
4246299 256 4484643
4247422 999 4491257
4280479 650 4494558
4283552 181 4510911
4292236 94 4524474
4295584 524 4525435
4308494 558 4535340
4309071 246 4536621
4343487 368 4563703
4347469 294 4563891
4368170 693 4591466
4379635 52 4609102
4401678 840 4612218
4408177 64 4639758
4414415 427 4640854
4416099 429 4657407
4416350 51 4674194
4430426 262 4677440
4441559 385 4687531
4448916 206 4692941
4455914 836 4707253
4468720 20 4719655
4488922 224 4735766
4498354 788 4737943
4500347 551 4763176
4501504 846 4778505
4506050 766 4790878
4507915 953 4802894
4540427 752 4844546
4542370 165 4848319
4547729 43 4850018
4552481 31 4852157
4571009 678 4853079
4574513 76 4872654
4580486 407 4887597
4584593 210 4898605
4608150 506 4908673
4612101 747 4913334
4625016 170 4917242
4626789 562 4924723
4630279 684 4926356
4630873 869 4932902
4631548 288 4969578
4637260 873 4986355
4648533 417 5000125
4654531 96 5002162
4663132 447 5009863
4668760 438 5024780
4675017 625 5034433
4701693 266 5042203
4720795 415 5048578
4720941 689 5049808
4727005 301 5056434
4740817 572 5056729
4754315 213 5072916
4758920 6 5073824
4760102 103 5078730
4768844 659 5080350
4775129 965 5081055
4782443 886 5086860
4821480 554 5098607
4826792 205 5105122
4842548 672 5144088
4855434 902 5148071
4856492 257 5148783
4857903 393 5151272
4869734 332 5172549
4878544 472 5179601
4880813 720 5190466
4883563 909 5206506
4919164 794 5210372
4943377 343 5213747
4945435 298 5237792
4956981 794 5278808
5034883 208 5290192
5040750 37 5294803
5045761 401 5320119
5058203 714 5326007
5067315 278 5327678
5077880 446 5375414
5079082 604 5375759
5083827 891 5386873
5085465 680 5396944
5092026 64 5412161
5097254 12 5417702
5113459 650 5422250
5122566 952 5428735
5144391 988 5438728
5149100 467 5442142
5149241 892 5445625
5183063 669 5457955
5186206 89 5472967
5193304 492 5473405
5198006 146 5475526
5202936 176 5486906
5203146 693 5494179
5215292 867 5502552
5237476 877 5508825
5249300 663 5518082
5253748 447 5540265
5257586 308 5545030
5262774 516 5548948
5282199 630 5568524
5284165 71 5573187
5298094 46 5575736
5339054 377 5583573
5352570 122 5597759
5366786 941 5602029
5381569 639 5613732
5397598 267 5660359
5412086 945 5661886
5414013 232 5677653
5426073 612 5687130
5428099 417 5687291
5464356 144 5700647
5477045 217 5708040
5478228 969 5719984
5490639 823 5731611
5520607 387 5749789
5529541 195 5755427
5536165 542 5766232
5561493 607 5772267
5569330 557 5772416
5581494 934 5777448
5589008 402 5783859
5592926 866 5789220
5602626 880 5825062
5612777 553 5832436
5613767 847 5864550
5634759 393 5876090
5638437 235 5902245
5640585 226 5913687
5641523 311 5925447
5643142 148 5930306
5660798 36 5936585
5680695 180 5949065
5694742 631 5956952
5704767 964 5971499
5719190 964 5987346
5724406 179 6019436
5750987 512 6031460
5764775 63 6031953
5767815 318 6034730
5780545 164 6037212
5801178 489 6066978
5801734 17 6085209
5834797 898 6092830
5842883 256 6092837
5878106 577 6093397
5880808 749 6094673
5892361 605 6096293
5909440 643 6119826
5951878 907 6151979
5964647 616 6163515
5965982 746 6177666
5967930 740 6177969
5968588 724 6190822
5972160 128 6209319
5994273 29 6224042
5996770 994 6244490
6000181 429 6245321
6013117 328 6247497
6030055 428 6267588
6035390 485 6286030
6039076 699 6292626
6071630 3 6307991
6071831 664 6316533
6073953 456 6320678
6074192 493 6330544
6083161 455 6374368
6083730 497 6382615
6098420 976 6406978
6120308 852 6415866
6122208 328 6416993
6140766 797 6421823
6156796 335 6423961
6164054 761 6428906
6182457 695 6433002
6186111 885 6435131
6193494 449 6435909
6204476 79 6442015
6206317 313 6447281
6207388 603 6448670
6208645 635 6459225
6218787 230 6469720
6229323 949 6482724
6236887 300 6483635
6264495 365 6502271
6265192 566 6506850
6265238 399 6521892
6276295 992 6530890
6278873 857 6531087
6291465 804 6545274
6297060 472 6550009
6301067 728 6570432
6302976 72 6575841
6308290 201 6592748
6313430 623 6601484
6327786 47 6610132
6329020 48 6623990
6334249 224 6627360
6364596 173 6633952
6366505 282 6634413
6396740 404 6652301
6418069 719 6655517
6445553 61 6660703
6454930 689 6674993
6457892 441 6679348
6458785 891 6682700
6471206 599 6689834
6475408 658 6695070
6477872 335 6698642
6486483 783 6706540
6497189 615 6707278
6501091 830 6742470
6506016 774 6751550
6508938 747 6752824
6511673 812 6756474
6522351 82 6761222
6534570 468 6765270
6549335 926 6771674
6550542 848 6771802
6630312 35 6790029
6671841 494 6806688
6690644 963 6811990
6694957 462 6812725
6701442 245 6830879
6704611 393 6839369
6708721 370 6841382
6709019 645 6855644
6734129 837 6865687
6734295 497 6866961
6745798 319 6875879
6769884 286 6878026
6777029 57 6886919
6779662 281 6887645
6794791 468 6898560
6814234 8 6905977
6816181 227 6937959
6829969 294 6969114
6835995 564 6995704
6837852 690 6999865
6838043 814 7002570
6858966 720 7021072
6883198 955 7045495
6883392 124 7049993
6893632 639 7066899
6904474 928 7068062
6904827 520 7091915
6909102 569 7104739
6915511 942 7105287
6939704 688 7118748
6973025 34 7129310
6973407 80 7149752
6975721 457 7169493
6991526 13 7188482
7019899 606 7188760
7025040 276 7207343
7033773 873 7211453
7055416 658 7212963
7062537 456 7227317
7074361 165 7230136
7085767 644 7231176
7101197 960 7233539
7140577 859 7236623
7143279 902 7237110
7175173 523 7249262
7184396 512 7254092
7198543 294 7257494
7203291 131 7259925
7204374 587 7273685
7206409 31 7283588
7228320 213 7293379
7267644 631 7311336
7272767 44 7316892
7280485 52 7319848
7288987 176 7328292
7298659 801 7335664
7305747 107 7351218
7340673 807 7357542
7341504 162 7358830
7347416 878 7370219
7349252 82 7383114
7352591 434 7385367
7366942 671 7392074
7380958 408 7408964
7385739 236 7426510
7395601 712 7427740
7397027 905 7438676
7402217 566 7471708
7405419 658 7478767
7409695 606 7484617
7427657 65 7486675
7434212 269 7492548
7444142 210 7492652
7454154 526 7494838
7457483 282 7495587
7468461 359 7533198
7480204 324 7538919
7481492 200 7543164
7508791 707 7544580
7508950 659 7545123
7519252 999 7551860
7528656 325 7562764
7532130 234 7584324
7542765 272 7586161
7551167 523 7599722
7557424 405 7603026
7557538 123 7606860
7562362 343 7622373
7571070 375 7626588
7578721 640 7652668
7583953 952 7656649
7589541 167 7671085
7590919 845 7671683
7634679 171 7694070
7635505 272 7707409
7640307 741 7713153
7663526 491 7716184
7668181 868 7740024
7693594 38 7740952
7713233 599 7745041
7714063 232 7757437
7721399 843 7760814
7727864 466 7774468
7746185 719 7790024
7746908 283 7807326
7760057 332 7833675
7785617 290 7835446
7787707 262 7852476
7817741 41 7870418
7819269 31 7893618
7821347 957 7919144
7822989 385 7941502
7824252 561 7947032
7824555 138 7964389
7836902 63 7965682
7857553 100 7971654
7862864 451 7971817
7867459 769 7974956
7885348 568 7987878
7893409 213 8003897
7895662 246 8019585
7900859 577 8030284
7900872 683 8040544
7926869 916 8058034
7938374 514 8071277
7950119 335 8078471
7967027 368 8080431
7976575 534 8084558
7978247 637 8093017
7978985 602 8101494
8018146 404 8146975
8031299 584 8172721
8040892 427 8177135
8047178 550 8187363
8050665 776 8194620
8096373 71 8196008
8111837 431 8203070
8125956 926 8206554
8126069 656 8211262
8127443 766 8213352
8165363 929 8218235
8169899 620 8229861
8169922 980 8265467
8196539 938 8265970
8206994 484 8271185
8227082 715 8273867
8233403 627 8278020
8241908 786 8290805
8248383 680 8295951
8252607 785 8315940
8254581 700 8343033
8268654 713 8362079
8273302 704 8369973
8280617 379 8371192
8281253 178 8383525
8284063 599 8397805
8298456 71 8420661
8306983 892 8428868
8311356 55 8432131
8324960 587 8440455
8327410 325 8441804
8334555 142 8443841
8337870 797 8457392
8345844 795 8477963
8349828 279 8486359
8359808 548 8486420
8367137 927 8487886
8385776 503 8490901
8390132 391 8506016
8400891 136 8509000
8415810 744 8511119
8420295 916 8531216
8445490 365 8537925
8457093 865 8538456
8462587 696 8556986
8472825 158 8557066
8479844 682 8559257
8504926 43 8563702
8514618 448 8563723
8528823 209 8569043
8530375 368 8612306
8534362 838 8622957
8536953 863 8626872
8551513 3 8640293
8555873 53 8658962
8558286 738 8686153
8575169 607 8692882
8606198 889 8703156
8610979 929 8705133
8613873 452 8715830
8632284 454 8724414
8656007 99 8729908
8671964 667 8732257
8677625 188 8735781
8678455 820 8750764
8687456 758 8780025
8698039 800 8784455
8716502 973 8810462
8734512 641 8825007
8734711 73 8830256
8744788 110 8849610
8744827 638 8865059
8761677 213 8871087
8781271 245 8895368
8788040 927 8896093
8790822 794 8900280
8806519 531 8923695
8808584 593 8935324
8820645 888 8958601
8828950 371 8999415
8831000 387 9000268
8833047 293 9004254
8858580 457 9010860
8866497 570 9013119
8869950 374 9016754
8874622 97 9019514
8878693 66 9023552
8882265 622 9033067
8900956 120 9039504
8908094 525 9040135
8910632 60 9042818
8912984 547 9050808
8916300 211 9083096
8940100 681 9108568
8943199 201 9122923
8950856 649 9149624
8954478 691 9156165
8959099 446 9157103
8965465 657 9163196
8972253 443 9167481
8985074 945 9169816
8993670 830 9177240
9021722 864 9186862
9026647 377 9196723
9029641 158 9199353
9038481 976 9205759
9041703 807 9210038
9050392 166 9214727
9057572 861 9218687
9068982 379 9228944
9093377 459 9238359
9097237 835 9252626
9097316 303 9253452
9113231 675 9257154
9113779 37 9259368
9131242 958 9261622
9161296 685 9263202
9163963 809 9264618
9166070 422 9277657
9217055 427 9289374
9226159 101 9292324
9226199 358 9307960
9236390 457 9311589
9247077 318 9336605
9261667 185 9345405
9272090 949 9350534
9272298 546 9359082
9276758 875 9364653
9294578 237 9368905
9311035 589 9369790
9324113 338 9372051
9330788 351 9385557
9342361 80 9393065
9349702 350 9418512
9362716 579 9425537
9364306 477 9428149
9382905 311 9465355
9392612 90 9469289
9399153 275 9469290
9403080 475 9480274
9420484 889 9481537
9423709 905 9492882
9429358 303 9497031
9439560 996 9512846
9443251 483 9521368
9448557 517 9543697
9451364 273 9549411
9451662 972 9554089
9453053 336 9554418
9459900 634 9556616
9477698 680 9566364
9489278 311 9566852
9514766 991 9586927
9519664 797 9597917
9524738 342 9629625
9524754 808 9639378
9565321 378 9648443
9578605 632 9680028
9586558 775 9719383
9587331 33 9730859
9611609 38 9731922
9616611 499 9736082
9631259 427 9743133
9634237 180 9756498
9658641 494 9762121
9668116 304 9792876
9670713 407 9806067
9692407 999 9813827
9693260 677 9826057
9702942 661 9828213
9709181 472 9838691
9714649 429 9851638
9730285 325 9865497
9739836 844 9866886
9747253 834 9868919
9747402 283 9877771
9754604 350 9900592
9756080 914 9901235
9759863 996 9907997
9784132 123 9928943
9784822 679 9944732
9823483 980 9946639
9837462 130 9949475
9850656 690 9953916
9860744 912 9956132
9879459 557 9956158
9891217 697 9963735
9897093 677 9964160
9909291 5 9971141
9912063 739 9976509
9931866 200 9984371
9939180 655 9987235
9977515 466 9988633
9979792 763 9991375
9981558 721 9996323
