1000 999
348 238 3552
877 401 5104
943 754 1868
293 552 5705
804 560 8554
934 230 6517
554 268 6188
437 233 8125
281 622 8046
854 567 6379
834 255 1278
396 72 8010
86 180 584
66 948 5875
693 492 762
734 993 54
250 769 1721
799 781 1971
575 808 1477
760 58 7305
879 355 8062
513 248 8431
617 222 5908
515 108 1970
786 165 1837
914 888 9106
627 507 4122
218 640 7643
36 64 6725
328 516 7774
907 495 9356
836 425 1355
249 313 892
114 19 5776
259 437 7955
121 726 6313
633 347 2350
244 916 4768
672 128 1760
963 516 8236
901 480 6711
245 759 3765
299 629 2793
128 811 212
819 438 2912
767 146 5704
893 208 9983
424 988 3643
90 672 6282
599 511 2020
231 83 3754
107 109 1163
133 803 8081
687 12 7190
45 492 1426
26 178 9240
939 584 9389
77 51 5698
148 203 7757
860 51 856
222 357 3092
543 272 1937
344 868 2325
498 867 9219
402 585 8477
350 895 4571
352 796 4344
261 641 2219
342 512 4682
794 248 3910
12 219 6224
707 15 63
486 631 7191
184 980 168
606 459 9188
812 743 2983
455 544 1582
305 895 7249
434 500 1360
875 833 5341
649 789 2057
388 910 7737
452 147 47
462 413 5388
565 287 9381
426 356 6582
902 428 2591
215 317 1633
946 749 669
559 21 2664
7 703 2593
394 917 728
848 659 4654
330 75 4948
167 864 340
81 558 5746
448 168 2956
185 641 1984
879 168 9245
685 349 6245
280 884 1625
596 199 386
799 73 6775
450 520 2610
385 312 4525
141 435 660
684 508 3943
580 317 9846
560 445 4046
908 125 5462
5 345 764
308 691 3156
497 17 4644
801 697 111
236 393 2780
957 343 5897
992 296 2777
613 490 668
150 76 6552
770 981 9312
708 325 7479
187 982 9675
992 307 1027
301 898 3534
927 639 5427
411 298 4218
130 749 2572
836 32 750
605 6 1342
18 513 1812
651 337 9125
773 583 2595
407 255 7669
272 40 821
576 631 6705
395 737 8607
132 797 7942
127 82 7024
135 600 2227
234 929 6473
261 413 8568
910 408 1771
685 224 4130
20 211 833
272 559 450
596 925 8481
591 982 1328
320 621 5101
800 809 2052
821 899 798
634 78 8600
137 5 5284
539 535 4404
366 618 4822
905 258 7563
385 153 3871
470 318 3499
482 952 660
558 38 7128
200 581 9624
493 265 1224
194 574 913
416 844 9722
930 699 69
424 975 7237
977 8 1596
49 332 9958
783 32 3991
473 858 5576
940 23 490
179 26 9829
752 704 8046
361 526 8906
688 339 439
404 938 7269
269 395 1483
65 564 2085
628 393 9417
464 246 3626
788 486 318
429 916 753
224 710 3791
606 609 6467
198 152 1004
931 967 4984
801 793 9281
482 169 4386
164 592 5052
49 626 7490
33 939 1196
742 416 7462
126 62 2986
455 738 6066
494 482 1075
563 102 5444
235 11 8029
553 811 8329
2 760 7886
372 825 8601
901 865 3018
232 359 8287
333 487 3556
311 586 2532
163 525 196
529 786 3164
503 839 649
458 699 5283
943 610 906
481 775 1711
557 88 4013
503 196 4566
56 882 8608
617 666 7552
966 28 3934
45 669 1961
677 908 9276
732 385 6293
201 955 7964
892 338 9755
983 27 801
555 388 3361
937 524 6692
828 782 7081
830 523 3724
776 81 4841
69 381 3402
850 636 9850
594 298 9275
468 329 8702
191 106 8770
745 888 9816
824 289 9332
187 403 4776
182 235 1871
916 678 717
699 6 5133
321 682 1213
922 943 4939
995 718 7639
80 801 1834
706 303 8803
747 921 454
11 664 7973
712 972 7698
899 336 1034
845 928 3268
281 171 6416
274 161 9311
530 625 5677
833 724 914
188 827 3677
790 942 3382
654 61 6560
443 856 958
514 286 4377
629 500 405
683 210 588
388 222 8424
782 161 5514
638 65 8659
887 405 7378
433 360 5946
538 351 3102
281 944 4827
76 361 1067
526 226 158
365 883 5139
206 939 949
469 502 5060
129 863 4592
5 988 34
752 960 1706
807 595 756
16 238 3052
724 420 2997
723 190 473
494 105 8209
97 655 8423
298 21 3741
842 86 6513
787 951 1208
907 110 2040
573 172 6809
63 665 4199
122 502 9372
353 103 3084
770 632 9047
953 435 4381
798 119 4915
424 812 914
462 182 7214
348 597 3952
916 505 8846
887 581 7338
32 957 8773
739 234 2293
856 653 2618
950 965 9501
551 762 7552
726 823 6068
39 466 4642
488 713 6875
294 229 4543
995 170 4421
756 838 3618
508 435 9686
976 74 6190
170 445 9009
181 604 7736
407 712 9705
176 950 5669
267 300 8973
606 438 6783
242 830 5836
970 217 1990
72 210 2971
931 479 8507
587 363 5190
166 920 4672
645 128 5357
798 174 480
618 705 6575
398 286 1732
210 451 6212
891 726 8682
375 974 4584
448 600 7869
745 482 3630
571 689 5925
572 348 8705
672 574 6731
371 913 7805
108 360 9702
240 500 4028
538 545 5346
15 764 4434
506 115 6184
955 987 1833
331 778 6791
956 442 3603
409 356 0
698 885 9657
219 509 5722
548 970 7171
291 74 1346
295 659 2959
16 67 7897
582 276 2307
758 685 1594
492 643 8340
53 142 7929
39 517 7174
587 714 331
608 686 1651
694 408 9478
96 812 7934
736 97 1336
481 847 962
173 310 1287
132 239 2777
567 68 1038
322 839 2587
276 369 8952
428 252 5466
69 589 9033
193 889 5846
698 894 8079
779 672 5668
89 100 7661
746 482 2666
735 39 3755
747 436 6658
844 935 3026
954 406 985
946 970 6135
846 900 1653
197 124 2018
777 413 5491
906 616 6375
125 924 4167
465 689 7731
171 446 7808
606 885 8107
877 998 6418
673 941 9810
701 211 1710
381 470 1947
923 519 9807
39 8 9581
216 766 6887
998 48 1026
316 996 2203
14 930 183
162 984 9232
326 319 8170
918 369 7277
656 1000 720
268 285 9330
997 969 4578
358 1 297
176 74 5299
868 169 7320
508 247 1223
788 857 8497
731 742 8043
128 129 4829
418 457 9221
290 115 8422
795 775 9779
158 632 185
904 850 8286
129 186 6578
435 319 7199
978 673 2603
722 671 1206
861 481 3228
534 471 5752
679 954 5271
323 717 602
451 148 9380
969 66 2247
533 650 4777
481 31 7149
35 521 1567
596 399 46
70 665 4018
957 1000 4974
358 979 9111
510 835 3095
29 571 8822
920 84 9603
382 670 2083
506 287 7614
79 165 608
702 945 9077
960 508 6732
279 94 3895
598 952 9443
46 338 1243
195 649 9310
985 525 7748
164 969 9533
795 659 6148
912 539 2509
969 296 5316
541 828 8262
237 422 8051
465 143 3694
461 919 8800
169 541 4627
876 100 1615
122 277 6983
966 605 7719
62 442 9139
637 542 7125
676 401 7747
365 389 8677
662 259 6648
567 50 5104
197 509 9770
929 520 2697
797 518 2025
193 232 8255
286 745 2174
710 228 4875
389 840 1722
43 262 3537
999 37 3657
905 796 4330
384 162 7013
688 257 1821
453 559 7629
685 188 9818
703 652 9469
937 690 8155
275 247 778
931 592 3437
801 395 4037
771 920 2591
52 370 9175
53 881 1920
6 744 1825
695 159 9700
180 246 6604
815 561 6012
373 999 5167
171 60 5277
435 212 3145
619 371 2439
303 291 7524
260 941 7613
35 577 1290
183 859 7484
393 192 3781
385 820 6966
432 440 3979
438 415 6321
449 814 7689
101 558 7120
707 183 3584
1 694 2409
819 830 1449
531 822 5944
612 310 8227
855 814 4494
913 630 4216
239 655 5243
460 241 7099
780 513 2441
631 781 7819
400 814 4109
704 487 6884
29 346 2010
489 123 1574
755 744 3283
61 982 6722
559 93 5031
149 841 9349
579 55 8441
434 78 4440
391 221 486
340 306 7918
554 144 2300
818 145 2570
878 614 6701
736 271 2406
840 594 6074
728 492 7804
113 57 2476
151 549 4145
91 742 8341
551 427 9860
585 696 5515
7 866 8216
963 626 550
532 710 1013
964 567 6623
9 707 3461
770 430 8905
725 215 9902
391 803 8531
722 989 8438
981 947 1918
833 426 5173
915 938 349
601 154 6377
871 226 7784
138 730 555
261 892 8292
843 570 6950
71 793 8795
579 474 563
376 484 73
454 824 7865
234 350 867
234 108 2564
853 761 7578
709 873 8271
66 635 4357
850 134 5934
95 759 8703
764 953 1433
886 933 2014
102 677 4219
95 343 6993
114 96 4920
814 476 1345
255 501 8794
728 614 4557
81 740 2531
884 21 8454
846 294 6805
218 572 9811
263 504 1674
784 34 8134
663 830 2998
223 770 9385
277 674 5541
253 182 8200
169 347 2922
95 36 9170
491 459 5806
903 479 5958
511 402 6283
909 928 6913
835 785 5309
174 690 2046
434 205 8567
247 997 7807
134 156 6125
327 650 1473
133 20 4130
658 63 5325
816 672 1479
101 477 3482
152 607 6549
655 542 3774
692 62 7926
329 784 6992
566 354 1671
602 994 7889
334 110 7300
202 355 86
911 896 3903
306 121 7510
38 902 5385
204 802 7126
536 182 5872
431 338 1974
488 714 8962
102 756 3486
807 312 9858
88 653 1228
467 429 4136
238 787 4978
175 778 6999
85 716 7685
157 131 3407
432 710 1276
902 871 6248
747 421 6723
465 813 2131
932 90 2485
850 367 4499
214 962 6704
376 439 8580
332 628 8037
976 880 7764
579 402 1925
939 715 6389
179 20 3636
999 281 719
537 227 7041
67 603 6829
795 662 7821
627 27 6782
734 263 4628
778 587 8080
973 952 8049
163 578 5431
826 660 4593
626 241 5395
190 358 892
260 125 2163
962 111 6373
419 957 6216
511 480 7454
243 126 2889
380 149 3836
547 327 679
272 998 8206
131 719 3884
324 570 9465
303 929 3412
189 439 1189
980 837 9623
390 115 6937
639 687 6051
846 625 3199
799 192 3686
894 968 593
927 382 4608
227 49 7933
238 869 8303
686 854 646
952 309 1354
677 254 5835
851 455 5580
537 155 1072
207 841 1892
210 695 5610
224 648 2210
936 191 635
712 452 5136
356 806 3559
853 533 2653
889 109 260
354 263 7805
999 762 8759
498 523 8322
765 758 5035
385 314 4301
745 970 5509
988 859 9815
225 622 692
43 34 5332
475 646 1591
575 833 8606
635 293 9539
375 417 846
179 878 191
285 527 5604
111 645 8203
468 938 6697
362 257 5441
788 768 6652
158 98 5886
771 534 5982
326 590 7912
492 561 5905
797 936 4076
821 913 7104
495 249 9696
718 666 9675
707 213 4787
600 224 3558
321 456 7618
111 461 2575
912 226 9005
568 342 5420
483 947 6914
302 72 1854
874 735 590
727 702 2832
130 359 2930
788 136 1071
989 426 4517
984 423 7961
721 886 314
607 739 8176
810 297 9158
638 829 4067
256 817 5221
325 79 879
211 447 5952
95 809 4155
940 495 7222
595 951 7473
94 793 6188
647 913 1238
527 250 8466
78 870 7309
90 675 6997
773 432 8721
421 61 8096
865 144 3953
614 651 16
316 54 5691
984 123 6204
55 85 5388
368 257 9003
242 642 4573
791 921 9140
803 184 4177
189 618 9228
208 517 1788
729 719 5011
365 283 2218
218 897 8168
748 701 6810
852 954 2891
43 92 4274
658 206 5145
34 741 5293
644 518 6065
585 982 5078
582 273 7704
54 770 5153
700 986 7320
364 728 2697
937 818 7299
85 394 5136
719 923 1520
831 908 1197
561 278 4257
327 821 6469
334 423 2199
650 17 2388
351 112 652
62 846 4924
848 657 6252
762 934 640
623 302 2835
478 726 7480
763 444 3221
212 350 9674
750 807 2234
358 379 5126
472 725 9585
661 195 1076
416 986 3782
414 474 6645
264 961 2770
201 485 8788
824 774 5075
688 146 9825
171 478 1215
205 83 9238
890 979 9968
988 75 7506
142 32 8828
85 711 6200
384 490 5797
630 753 983
361 288 6186
292 800 5186
59 267 1168
377 886 7810
4 964 305
872 257 8264
126 453 2493
679 764 5497
611 720 6705
624 160 6163
278 7 6671
140 851 3047
692 44 5212
903 805 5199
416 432 2082
422 646 5393
148 624 2673
817 306 5554
942 72 6799
783 668 4418
620 793 6965
103 456 2622
823 540 621
968 647 4879
450 196 1828
362 722 5386
420 406 97
206 348 972
856 611 1050
309 466 8207
663 326 8095
842 991 7772
993 177 8644
556 896 7953
240 426 6158
475 760 7979
89 949 8405
421 266 6759
966 323 7272
768 282 8264
964 825 4908
24 594 5399
958 385 7904
139 541 8559
81 744 3858
519 496 9878
270 855 7169
662 660 778
562 603 4710
28 186 7872
29 267 4239
560 896 1328
667 541 965
670 317 5899
480 115 5714
154 98 9464
714 448 7776
3 478 8461
746 858 4884
864 426 8969
754 953 4317
284 729 7155
380 56 5111
120 757 440
197 780 754
621 961 7144
476 86 8376
766 10 4223
297 290 4896
382 604 6350
106 573 7660
79 652 596
117 184 2205
94 789 6999
37 983 5099
308 387 9081
586 435 850
8 33 3210
417 99 4061
5 849 2171
199 183 8982
945 892 6933
562 189 4358
971 183 4394
907 499 7966
733 148 4957
374 216 5678
605 304 3111
342 868 7889
975 550 8076
418 341 5832
370 611 7077
136 862 5876
220 489 9051
549 570 4081
171 933 7913
28 410 9087
834 230 9746
546 904 9672
389 339 7546
834 561 4739
265 773 2594
879 463 534
858 505 4748
216 837 6030
906 510 7676
882 42 2663
138 646 1672
881 258 9918
443 854 3747
528 508 4319
690 477 5205
425 194 5352
873 23 9085
615 422 1392
250 25 2117
273 271 1873
167 88 8770
569 745 1801
899 763 9842
299 792 9453
646 748 981
36 470 3358
295 57 5782
91 774 1284
150 841 5420
404 310 4608
846 13 3621
126 392 9438
616 622 5943
335 390 3304
896 386 7499
127 12 5232
544 538 6501
227 110 253
531 456 8052
479 315 177
928 488 6076
620 116 8913
12 680 6420
973 577 1088
990 880 1741
453 772 1650
991 561 7932
258 496 5941
438 898 5621
267 516 5155
461 959 3421
581 770 8088
751 213 5344
77 883 9899
145 94 8848
439 525 5257
87 182 5459
87 934 1765
29 643 4211
595 459 9025
449 47 4974
17 173 8321
104 752 6173
84 64 3882
143 851 8658
341 944 3687
383 483 2327
449 593 3468
378 455 6233
662 366 8425
738 354 1379
209 127 8825
531 681 1996
78 725 4180
22 622 770
691 704 5175
412 135 9197
58 994 1527
120 449 4495
200 118 2083
251 261 64
160 26 8463
23 822 5468
802 635 7857
832 464 2109
41 738 6514
590 397 6772
441 330 1853
320 57 9370
715 358 378
549 835 1720
545 485 7947
99 921 8899
156 547 7145
522 700 9717
163 402 9654
999 638 5423
471 876 7493
588 110 5285
481 770 7826
30 443 3026
122 364 9109
102 175 7104
974 624 221
132 378 5264
33 186 882
926 59 2198
727 742 6320
1000
9178 541 19831
14600 920 64926
28059 947 381889
58598 295 519410
144687 587 522362
158733 253 755494
201891 140 873374
223880 326 1006067
290336 375 1017166
410857 47 1259285
650217 574 1515382
783061 603 1527312
906253 526 1561538
1071911 176 1693642
1192815 127 1751569
1313098 538 2140981
1347144 270 2318346
1390725 897 2355154
1544529 490 2489971
1594782 585 2570102
1612331 149 2600361
1694444 635 2613288
1807230 368 2633322
1837112 988 2708491
1837763 6 2734311
1912802 503 2802567
2193980 657 2953861
2423996 505 3040681
2802489 916 3066080
2942088 793 3207054
2960809 308 3348478
3050063 504 3485793
3143051 950 3522339
3274699 916 3525682
3429715 288 3652003
3453263 840 3719945
3458958 210 3982370
3567408 385 4059035
3609619 815 4080556
3633207 380 4131033
3747291 399 4187551
3841297 906 4234669
3898888 558 4348295
4037017 520 4365103
4572800 141 4572800
4704585 656 4704585
4819843 841 4869837
4893966 733 5185998
4996527 916 5232518
5508301 866 5508301
5564877 382 5564877
5602533 180 5602533
5667462 205 5667462
5705075 703 5705075
5744730 293 5744730
5748614 754 5748614
5827240 545 5919508
5846671 323 6065085
5862897 977 6080437
5910416 813 6097053
5916572 192 6100411
5993390 14 6121019
6090214 3 6296415
6162842 690 6327113
6487021 564 6487021
6519601 303 6724731
6659798 739 6752081
6668113 202 6802540
6734365 490 6805254
6788134 189 7039575
6888773 285 7279970
7100915 539 7331097
7151926 34 7382045
7231025 4 7548126
7237805 428 7565982
7398455 829 7606561
7420665 847 7627523
7605032 333 7667850
7609740 900 7812389
7612672 352 7846473
7766289 631 7854008
7931368 308 7931368
8053212 837 8053212
8119229 482 8119229
8326574 554 8326574
8431012 718 8431012
8693358 127 8693358
8695707 103 8695707
9009947 914 9009947
9087400 227 9087400
9093677 577 9093677
9121405 590 9121405
9205403 803 9205403
9250960 560 9250960
9301169 871 9301169
9374303 523 9374303
9443255 579 9443255
9465405 770 9465405
9595934 429 9595934
9736525 403 9736525
9770724 680 9770724
9829025 667 9829025
10076402 224 10076402
10314418 297 10314418
10337133 551 10337133
10361872 684 10361872
10372185 330 10372185
10393178 320 10393178
10461324 201 10461324
10465569 777 10465569
10563492 138 10563492
10632566 484 10632566
10755928 686 10755928
10788709 889 10788709
11121067 132 11121067
11150341 755 11150341
11157262 326 11157262
11310575 500 11310575
11389174 772 11389174
11394274 646 11394274
11562179 395 11562179
11633087 954 11633087
11662656 830 11662656
11666020 120 11666020
11668994 26 11857534
11886327 921 11926937
12072331 516 12277760
12227344 636 12277954
12260331 899 12396257
12319022 733 12425758
12391427 806 12433358
12494124 644 12901426
12559944 969 12926117
12605063 383 13150563
12634434 932 13248866
12645971 237 13317301
12659641 283 13358593
12826373 654 13607131
12899750 977 13675864
13057811 415 14025582
13090573 16 14197636
13144803 405 14282916
13280749 392 14324898
13443570 131 14612086
13544353 360 14676433
13553462 342 14739595
13626084 649 14829738
13661808 52 14843601
13693016 229 14876847
13763029 774 14982430
13780075 168 15026260
13787471 590 15068367
13887565 173 15424795
14155526 436 15530260
14230669 878 15593539
14441565 591 15635608
14509772 984 15651008
14525006 494 15659213
14529246 884 15705108
14558942 737 15925026
14698202 551 15964288
14832197 664 15980409
14855321 488 16040770
14883422 220 16052215
14960852 25 16120504
15028524 860 16297125
15136296 222 16411704
15550074 86 16499627
15591721 167 16888411
15902025 896 16937166
16112370 443 17191941
16170235 208 17227512
16272372 148 17234988
16402758 428 17337466
16688617 178 17536197
16718232 637 17596863
16813225 224 17712531
16869014 591 17721879
16972543 559 17746968
17082239 947 17857354
17139830 691 18076327
17204164 381 18115971
17245495 156 18696368
17249564 341 18994717
17279668 580 19060282
17346294 775 19246724
17394491 38 19284389
17395659 252 19318219
17425936 678 19559804
17430650 139 19602508
17575023 115 19877390
17691123 94 19975237
17734078 325 20221510
18093355 394 20334781
18115684 477 20390043
18143121 814 20426441
18276962 802 20617480
18640015 616 20660858
18645177 943 20689171
18676802 85 20694895
18747290 594 20755145
18850248 284 20808715
19092215 897 20917486
19127618 868 21114884
19195630 716 21307502
19404641 890 21334106
19626514 966 21352182
19629040 861 21367342
19677280 917 21370883
19758170 320 21454094
19799530 89 21486322
19812273 315 21514310
20031323 275 21519665
20097985 745 21667477
20140818 241 21690303
20251685 737 21754693
20538305 639 21762424
20703396 446 21866523
20719525 357 21988887
20779477 297 21989285
21053939 195 21999661
21073036 453 22361765
21144673 86 22363800
21171689 524 22541909
21322230 91 22580055
21495048 609 22644316
21819875 703 22685316
21837431 126 22698919
21992348 399 22740662
22005640 714 23124196
22006164 487 23329384
22094458 663 23361331
22129740 987 23384354
22214603 968 23517362
22284381 948 23530307
22296466 366 23547028
22579727 106 23636022
22600561 336 23637012
22716781 960 23723072
22730603 109 24316909
22740090 420 24352308
22801976 158 24807363
22927877 278 24878911
23010633 819 24944345
23069072 39 25246716
23090828 469 25297377
23176740 823 25384534
23283763 653 25395972
23446237 270 25484774
23566475 146 25565027
23651623 540 25601521
23807253 487 25672564
24074608 195 25927766
24124882 684 25962687
24273529 150 25994324
24471492 117 26028960
24471956 586 26047583
24546916 240 26100370
24738472 257 26106870
24751529 62 26171642
24948026 707 26187695
25006140 957 26202418
25039019 839 26288992
25056350 324 26302822
25069941 236 26463995
25256162 884 26538916
25307144 767 26631129
25391430 71 26819758
25436571 349 26844910
25452543 181 26846969
25552440 182 26866105
25914983 514 26932908
25924939 484 26957557
26042037 952 26975515
26231700 869 27032501
26368345 794 27043568
26535845 207 27097230
26612889 875 27121634
26618280 427 27171343
26732396 964 27267851
26918247 604 27322865
26927546 419 27364683
26930069 883 27443463
26944260 622 27497210
27040695 253 27645567
27094664 883 27859814
27185002 829 28120088
27465470 141 28160102
27471788 854 28461375
27486622 197 28748059
27486731 405 28864427
27746412 149 28924720
27817201 588 28944303
27927237 301 28963057
27981299 789 29205596
27990029 249 29217404
28133948 622 29389050
28368446 446 29501793
28538415 416 29530173
28641047 103 29564785
28765965 25 29632149
28783703 594 29762243
28816938 215 29914627
28867150 814 30083015
28922826 339 30162392
28935406 527 30338932
29163199 953 30632982
29210224 654 30757019
29220414 888 30965741
29365918 554 31073073
29531339 741 31076018
29774008 451 31111036
30396722 607 31187512
30545182 322 31421948
30554085 175 31568349
30610872 429 31670338
30659367 182 31674476
30670662 290 31727526
30679383 154 31975865
30763826 121 31978851
30785068 310 32179727
30845386 196 32341036
30988012 289 32466888
31013268 248 32530597
31134911 688 32566128
31587106 573 32745886
31606146 800 32770026
31727188 662 32778748
31761374 59 32865436
31851898 310 32979691
31890846 14 33123070
31934551 896 33280791
31952964 820 33304885
31995903 103 33353096
32095425 564 33452987
32184105 274 33702525
32362964 534 33745601
32417171 704 33806078
32443209 101 33819812
32519834 906 33855575
32670594 474 34047019
32782822 922 34216335
32839738 759 34410171
32892556 480 34553457
32932825 32 34608339
33209646 175 34649295
33442714 199 34819175
33564375 646 34842556
33579235 190 34937320
33669475 411 35031593
33680724 507 35089129
33712257 154 35147552
33949844 248 35294502
34125368 301 35396127
34139007 26 35586945
34176164 124 35706568
34187003 997 35855774
34242335 876 35900868
34450065 650 35916806
34564954 332 35940818
34579457 886 35964269
34593915 39 36000346
34922015 445 36013278
35220327 755 36174614
35677584 422 36214220
35830137 360 36425868
35848532 313 36480689
36047322 874 36530689
36056728 544 36554559
36143383 29 36880322
36351685 219 37042207
36438538 78 37042556
36442208 215 37292270
36536402 301 37294130
36603076 7 37403142
36609608 52 37540231
36739396 496 37570211
37061551 18 37587386
37357113 456 37656434
37403042 168 37696040
37465754 971 37799059
37475032 298 38052382
37644207 678 38239449
37817911 461 38249660
38025958 147 38273186
38345503 896 38384569
38437367 10 38444948
38867766 290 38867766
38874077 259 38874077
38904189 442 38904189
39102104 510 39102104
39243368 250 39243368
39320347 58 39320347
39382613 208 39382613
39421680 648 39421680
39787513 200 39787513
39838586 985 39838586
39971240 207 39971240
40060257 73 40060257
40086732 341 40086732
40091552 616 40091552
40108370 873 40108370
40112788 883 40112788
40193305 149 40193305
40348565 631 40348565
40365740 706 40365740
40477765 487 40477765
40523277 873 40523277
40562792 747 40562792
40624247 5 40624247
40742809 864 40742809
40811433 339 40811433
40836913 484 40836913
40840134 253 40840134
40880826 150 40880826
40955951 25 40955951
41240782 646 41240782
41273341 548 41273341
41584431 69 41584431
41797213 782 41797213
42023139 663 42023139
42040361 375 42040361
42093193 763 42093193
42313409 225 42313409
42346260 775 42346260
42426370 334 42426370
42576918 530 42576918
42599309 688 42599309
42666439 135 42666439
42872528 401 42872528
42898505 363 42898505
42901317 947 42901317
43180837 540 43180837
43183449 265 43183449
43212626 451 43212626
43230412 345 43230412
43627245 39 43627245
43691876 647 43691876
44065518 214 44065518
44277520 562 44277520
44303930 621 44303930
44316200 516 44316200
44364300 491 44364300
44573538 928 44573538
44603244 882 44603244
44780866 676 44780866
45014287 891 45014287
45247254 190 45247254
45318912 625 45318912
45330570 245 45330570
45418342 441 45418342
45426359 591 45426359
46138415 532 46138415
46139499 190 46139499
46235997 40 46235997
46260609 787 46260609
46374060 709 46374060
46443668 92 46443668
46450651 889 46450651
46480629 659 46480629
46874575 344 46874575
47073641 149 47073641
47247079 926 47247079
47258555 717 47258555
47278411 51 47278411
47425243 725 47425243
47515159 895 47515159
47557056 784 47557056
47628291 416 47628291
47636364 735 47636364
47666066 313 47666066
47816407 312 47816407
47832336 64 47832336
47853401 904 47853401
47988149 739 47988149
48009411 283 48009411
48040286 728 48040286
48175739 986 48175739
48228538 601 48228538
48258233 193 48258233
48527073 894 48527073
48619157 228 48619157
48643067 72 48643067
48954880 599 48954880
48971281 688 48971281
49041781 791 49041781
49406393 722 49406393
49433625 535 49433625
49551816 81 49551816
49635816 996 49635816
49979075 392 49979075
50006067 158 50006067
50099795 209 50099795
50235921 14 50235921
50309638 913 50309638
50446032 39 50446032
50474197 461 50474197
50491871 287 50491871
50499064 602 50499064
50532286 719 50532286
50556133 607 50556133
50627249 118 50627249
50813124 749 50813124
51428899 498 51428899
51585344 219 51585344
51756386 663 51756386
51924112 425 51924112
52039689 78 52039689
52105413 221 52105413
52116515 607 52116515
52273470 82 52273470
52611028 89 52611028
52615856 370 52615856
52659229 501 52659229
52746255 735 52746255
53003209 730 53003209
53239063 978 53239063
53375830 806 53375830
53707835 231 53707835
53718397 83 53718397
53728419 320 53728419
53883092 960 53883092
53985309 217 53985309
54069055 851 54069055
54142691 739 54142691
54165843 86 54165843
54227890 662 54227890
54486804 116 54486804
54729302 102 54729302
54956483 120 54956483
55096308 516 55096308
55218192 437 55218192
55565861 406 55565861
55568512 618 55568512
55625933 199 55625933
55641925 533 55641925
55649313 775 55649313
55739465 832 55739465
55833256 141 55833256
55908438 694 55908438
55964251 418 55964251
55992615 457 55992615
56064049 249 56064049
56092640 752 56092640
56102193 666 56102193
56109846 714 56109846
56185441 149 56185441
56185652 899 56185652
56232131 648 56232131
56261556 170 56261556
56411340 326 56411340
56481768 349 56481768
56483111 32 56483111
56522499 646 56522499
56523466 515 56523466
56536314 402 56536314
56635198 872 56635198
56709128 576 56709128
56725342 572 56725342
56934591 885 56934591
56977529 633 56977529
57016608 34 57016608
57179046 919 57179046
57206272 109 57206272
57347953 815 57347953
57369255 789 57369255
57419573 60 57419573
57504257 533 57504257
57582469 45 57582469
57611131 467 57611131
57629304 871 57629304
57676762 424 57676762
57689025 148 57689025
58014428 839 58014428
58183548 848 58183548
58311582 6 58311582
58319675 757 58319675
58502697 309 58502697
58530078 748 58530078
58679766 270 58679766
58739806 747 58739806
58740783 955 58740783
58782539 710 58782539
58941280 314 58941280
59071299 666 59071299
59090350 784 59090350
59238887 778 59238887
59312978 834 59312978
59357551 452 59357551
59359303 744 59359303
59583137 506 59583137
59589413 10 59589413
59605209 546 59605209
59797155 764 59797155
59819251 417 59819251
60087392 539 60087392
60090309 725 60090309
60117653 766 60117653
60124398 803 60124398
60126970 376 60126970
60199240 94 60199240
60270662 63 60270662
60315912 73 60315912
60359496 268 60359496
60502006 566 60502006
60850804 829 60850804
60903393 41 60903393
61097809 285 61097809
61132763 490 61132763
61229526 773 61229526
61304030 610 61304030
61346959 851 61346959
61457106 822 61457106
61603382 230 61603382
61687601 179 61687601
61689435 105 61689435
61706815 859 61706815
61750604 577 61750604
61751689 546 61751689
61786556 546 61786556
61872073 393 61872073
62053559 738 62053559
62092006 953 62092006
62114158 707 62114158
62178898 759 62178898
62210269 229 62210269
62657024 990 62657024
62704199 967 62704199
62791559 42 62791559
62833438 212 62833438
62841376 781 62841376
62968054 719 62968054
63066840 781 63066840
63079337 662 63079337
63251458 246 63251458
63482189 178 63482189
63536227 299 63536227
63675399 83 63675399
63689760 780 63689760
63944313 242 63944313
63951668 944 63951668
63990267 171 63990267
64677908 205 64677908
64714025 51 64714025
64866421 202 64866421
64881161 539 64881161
64895869 392 64895869
65021256 782 65021256
65085597 27 65085597
65128525 335 65128525
65395367 297 65395367
65418827 481 65418827
65439858 847 65439858
65492278 271 65492278
65996270 130 65996270
66007740 754 66007740
66226604 521 66226604
66344507 21 66344507
66346841 709 66346841
66473127 229 66473127
66508511 394 66508511
66767873 569 66767873
66997259 903 66997259
67005780 199 67005780
67014302 48 67014302
67042003 312 67042003
67084231 744 67084231
67093181 219 67093181
67101888 776 67101888
67246147 950 67246147
67375721 691 67375721
67381878 472 67381878
67542134 238 67542134
67542764 723 67542764
67560496 639 67560496
67672623 160 67672623
67818785 630 67818785
67833726 843 67833726
67890335 150 67890335
67923022 111 67923022
68033222 319 68033222
68087228 531 68087228
68088130 159 68088130
68190674 875 68190674
68212613 406 68212613
68348796 540 68348796
68588729 105 68588729
68593318 271 68593318
68639997 460 68639997
68667100 370 68667100
68689266 808 68689266
68693140 597 68693140
68823065 132 68823065
68908311 294 68908311
69109016 336 69109016
69127412 204 69127412
69163596 766 69163596
69207660 645 69207660
69415520 460 69415520
69485131 126 69485131
69509663 841 69509663
69517333 718 69517333
69636533 71 69636533
69915819 664 69915819
69996973 482 69996973
70170713 243 70170713
70180039 497 70180039
70502563 976 70502563
70640385 51 70640385
70647490 860 70647490
70747325 9 70747325
70836507 621 70836507
70853886 931 70853886
71006486 50 71006486
71046978 269 71046978
71174490 288 71174490
71331744 363 71331744
71447241 857 71447241
71743279 841 71743279
71815954 576 71815954
72152977 508 72152977
72208853 760 72208853
72230518 981 72230518
72436260 168 72436260
72496080 369 72496080
72600180 209 72600180
72759045 155 72759045
72775691 716 72775691
72951025 710 72951025
73017063 677 73017063
73021298 377 73021298
73069748 157 73069748
73133585 564 73133585
73445461 178 73445461
73622823 228 73622823
73647337 41 73647337
73662016 359 73662016
73672933 820 73672933
73845941 758 73845941
73863245 216 73863245
73953190 143 73953190
74092116 436 74092116
74159858 964 74159858
74311011 226 74311011
74334256 241 74334256
74538811 824 74538811
74750467 659 74750467
74830271 345 74830271
75076217 907 75076217
75141768 684 75141768
75258880 515 75258880
75355899 46 75355899
75384130 140 75384130
75411485 59 75411485
75518959 743 75518959
75576791 852 75576791
75650885 487 75650885
75735934 835 75735934
75902761 489 75902761
75923931 183 75923931
75932145 214 75932145
75945026 849 75945026
76153333 776 76153333
76159692 915 76159692
76221353 990 76221353
76242658 633 76242658
76265488 746 76265488
76286571 510 76286571
76325530 345 76325530
76341321 345 76341321
76699906 87 76699906
76777178 111 76777178
76851828 298 76851828
76894360 433 76894360
76932315 847 76932315
77125598 176 77125598
77179536 384 77179536
77191245 687 77191245
77251714 383 77251714
77328731 818 77328731
77686643 704 77686643
77691683 753 77691683
77808795 419 77808795
78008868 541 78008868
78015861 718 78015861
78424498 494 78424498
78592120 570 78592120
78644656 954 78644656
78682541 682 78682541
78695023 523 78695023
78838267 491 78838267
78944188 799 78944188
78976522 593 78976522
79472690 818 79472690
79549155 253 79549155
79615060 947 79615060
79830183 778 79830183
79865309 304 79865309
79873549 244 79873549
80008043 489 80008043
80053468 834 80053468
80423458 51 80423458
80568580 874 80568580
80678176 473 80678176
80913129 317 80913129
81112702 71 81112702
81145595 505 81145595
81199700 530 81199700
81253077 844 81253077
81350722 848 81350722
81376729 59 81376729
81440997 238 81440997
81520915 577 81520915
81584182 637 81584182
81632218 214 81632218
81658656 773 81658656
81801507 983 81801507
81838580 504 81838580
81902296 762 81902296
81915102 144 81915102
81998427 660 81998427
82048870 711 82048870
82055337 783 82055337
82241079 488 82241079
82623251 488 82623251
82793781 87 82793781
82911417 714 82911417
82916915 205 82916915
82964939 977 82964939
83133956 420 83133956
83167389 212 83167389
83169640 916 83169640
83184784 92 83184784
83302219 552 83302219
83464839 187 83464839
83489368 993 83489368
83522010 390 83522010
83539406 376 83539406
83558934 957 83558934
83584418 983 83584418
83658139 983 83658139
83735895 163 83735895
83817667 886 83817667
83879888 728 83879888
83887145 787 83887145
84121354 461 84121354
84185658 962 84185658
84191799 105 84191799
84279649 991 84279649
84336511 750 84336511
84767375 682 84767375
84878485 784 84878485
84991716 140 84991716
85063290 743 85063290
85142796 552 85142796
85220509 292 85220509
85254745 386 85254745
85326374 269 85326374
85383928 755 85383928
85423781 973 85423781
85516329 803 85516329
85540848 993 85540848
85693920 730 85693920
85970978 708 85970978
86290419 918 86290419
86395243 992 86395243
86443622 952 86443622
86482991 420 86482991
86519488 947 86519488
86721696 962 86721696
86796352 442 86796352
86808050 982 86808050
86826971 350 86826971
86862983 613 86862983
87050352 325 87050352
87094044 329 87094044
87134175 292 87134175
87431499 876 87431499
87437540 823 87437540
87437590 811 87437590
87713406 861 87713406
87764473 980 87764473
87902068 539 87902068
88126568 355 88126568
88159826 349 88159826
88238986 908 88238986
88360420 253 88360420
88362587 213 88362587
88546077 136 88546077
88548077 789 88548077
88701935 351 88701935
88917498 889 88917498
89190743 766 89190743
89202665 472 89202665
89339090 209 89339090
89384000 970 89384000
89558940 493 89558940
89716882 913 89716882
90014645 908 90014645
90283840 906 90283840
90307790 66 90307790
90351191 168 90351191
90356548 968 90356548
90476948 894 90476948
90808485 660 90808485
91204843 443 91204843
91439069 898 91439069
91594648 859 91594648
91605337 591 91605337
91665058 306 91665058
91688581 481 91688581
91690864 327 91690864
91981737 127 91981737
92018348 721 92018348
92086112 98 92086112
92095562 153 92095562
92112015 242 92112015
92149214 682 92149214
92532430 827 92532430
92717947 969 92717947
92877308 97 92877308
92881668 149 92881668
92883451 608 92883451
92942612 836 92942612
93192991 404 93192991
93300909 164 93300909
93339383 780 93339383
93398387 371 93398387
93433122 179 93433122
93611973 608 93611973
93623863 962 93623863
93639035 242 93639035
93672043 718 93672043
93745147 310 93745147
93848658 651 93848658
94063305 763 94063305
94103183 574 94103183
94109237 500 94109237
94202102 601 94202102
94265387 126 94265387
94308202 804 94308202
94323296 740 94323296
94461391 201 94461391
94491507 423 94491507
94572626 276 94572626
94752410 961 94752410
94765947 629 94765947
95074148 946 95074148
95109169 65 95109169
95294769 479 95294769
95319841 659 95319841
95496236 236 95496236
95572338 86 95572338
95585248 845 95585248
95596308 534 95596308
95698780 823 95698780
95838762 83 95838762
95855182 60 95855182
95866397 91 95866397
95911456 320 95911456
96123180 176 96123180
96252687 92 96252687
96269325 195 96269325
96505889 710 96505889
96643054 684 96643054
96668558 420 96668558
96702030 858 96702030
96758269 684 96758269
96770474 473 96770474
96891036 992 96891036
96952649 860 97068125
96958126 18 97199132
97003164 775 97201549
97022796 714 97403978
97226065 555 97545566
97689934 156 97842902
97814206 58 97876542
97947954 8 98010730
98146864 621 98146864
98156626 843 98280275
98315975 660 98364576
98322870 582 98429790
98434638 207 98483253
98455426 628 98540753
98456244 559 98545664
98624592 462 98624592
98625191 575 98678974
98638974 165 98721514
98662335 177 98729660
98788418 744 99163600
98857258 960 99250142
99033726 424 99270251
99192076 139 99303471
99364986 734 99447827
99586176 211 99586176
99725837 941 99725837
99894424 360 99894424
99969369 143 99969369
99969734 635 99969734
99979822 242 99979822
