1000 999
858 30 8449
503 497 8700
61 920 4521
427 814 4029
212 242 2682
147 317 269
807 187 8164
71 379 6352
101 903 3182
730 202 1671
432 68 7131
823 736 2132
679 269 5733
85 358 1265
413 557 4000
208 719 7610
257 929 8583
508 584 8907
99 210 5695
827 759 1294
422 883 9481
718 421 7089
146 69 3593
33 307 1090
324 565 2493
274 715 6882
654 236 2877
471 776 6
852 932 9127
771 385 820
424 563 2315
798 324 4290
864 368 2809
694 739 6790
694 960 5821
532 210 3702
67 153 5021
134 475 8488
290 971 1205
185 599 4378
238 682 7960
462 726 8547
201 612 9869
283 907 8707
41 476 216
39 3 9972
265 485 9711
778 813 8882
734 598 425
908 912 4841
439 961 7593
352 707 4750
504 451 4196
224 531 4786
28 997 1279
739 454 9358
705 165 3847
595 684 710
539 887 1017
191 277 2541
895 446 2955
426 686 6919
973 566 2239
87 294 4956
973 484 8812
434 952 2026
350 905 6059
465 776 8270
690 654 4535
523 952 9747
608 411 563
469 618 5168
280 291 4228
32 149 8109
407 460 1494
55 326 4796
711 108 2679
944 907 2474
121 257 3343
737 306 6451
410 121 9276
474 505 9046
648 282 1911
976 696 1337
83 967 4628
415 707 1092
85 574 7242
698 447 5698
515 814 1295
635 898 6122
566 458 5332
914 534 8262
962 28 7315
567 384 6699
508 569 8954
640 237 6962
397 336 7422
958 343 5588
461 716 9263
997 42 8659
553 561 8524
810 749 504
678 103 7966
819 327 6961
741 164 8026
535 365 3182
285 986 3704
587 111 7187
768 922 7500
57 702 1773
65 97 8097
79 66 2016
490 272 1880
30 618 5684
451 304 1802
981 281 2598
252 386 264
21 366 8957
414 202 6426
793 26 7711
437 772 6743
949 412 4326
390 330 7427
895 287 8919
506 582 4290
484 873 2757
188 10 3922
483 703 6054
67 438 528
251 181 2585
633 852 5998
474 644 8896
1000 855 1999
35 747 405
271 773 2458
881 243 1179
842 435 9350
807 31 8402
774 120 44
811 874 5138
145 747 5304
300 543 6963
112 218 9893
642 203 8276
755 494 7638
76 265 9498
740 183 433
373 506 5398
73 606 9951
49 851 9385
219 270 1745
875 33 8934
337 209 1325
131 842 2169
789 463 110
877 477 8499
502 669 9250
409 469 8069
280 424 5702
522 304 7248
955 656 3236
318 104 4633
429 86 386
616 372 1917
552 263 1550
716 279 4778
989 956 3425
339 453 9422
924 859 2183
370 777 285
98 146 5170
841 116 9175
776 966 3737
532 50 7478
868 290 7601
581 47 1183
968 271 3204
10 499 3837
172 824 4300
329 585 7387
568 361 9132
420 868 2156
182 199 544
186 425 7796
652 855 8865
184 281 2133
188 904 8753
288 222 1266
139 530 8303
680 967 5344
590 564 377
175 740 5350
913 261 3325
944 417 180
839 167 4641
310 980 8354
351 551 9045
368 598 407
711 237 8089
329 51 5336
372 537 5389
55 853 6643
970 699 4454
301 887 536
870 458 5255
246 811 9927
961 538 4270
248 352 6693
725 103 9024
622 415 7720
684 854 1012
778 536 1974
935 467 5151
851 597 513
152 350 402
520 817 3975
225 427 8962
186 373 4946
974 914 3057
397 603 5564
653 615 6274
159 819 9976
995 687 4918
679 977 9362
418 80 3465
240 627 9525
579 12 285
400 587 4896
466 478 5802
759 576 6336
200 897 3165
413 202 9744
8 521 6257
161 115 5432
325 554 4009
402 490 2864
540 301 5204
1 599 3417
464 313 7421
716 210 802
374 984 9596
862 717 2982
455 234 4010
29 895 5649
469 205 1171
989 893 5044
448 100 9534
157 894 5373
548 221 2524
734 135 1030
935 658 3690
479 965 6501
16 69 7875
472 18 4978
13 123 6430
921 192 9770
821 66 2726
528 686 3511
201 929 9341
265 299 2694
312 522 5675
337 611 9109
182 922 7695
803 712 3808
563 388 9830
165 253 3922
109 979 1663
638 261 8596
642 276 4618
967 390 1869
435 472 9512
228 262 9060
994 147 2200
392 156 1458
240 149 9349
390 380 1374
701 945 4574
449 570 9916
661 388 9632
661 255 7515
102 669 263
822 86 1089
71 337 5359
527 190 5882
554 942 7455
871 901 6986
77 423 5828
640 748 89
708 519 3332
805 945 1445
346 624 9043
432 162 1100
89 102 6387
723 488 6892
332 869 2895
363 74 8162
296 661 9216
42 422 6065
76 524 3881
62 540 5250
775 14 787
857 739 3941
294 856 4697
571 321 9951
183 851 8017
127 741 842
900 163 6244
735 558 1672
743 793 3567
376 977 6487
146 591 8211
173 911 5359
406 232 765
832 304 4720
652 316 3983
53 512 5642
957 110 8696
319 171 6460
620 684 7402
426 700 9477
824 746 5331
701 2 5650
53 205 7497
15 171 807
990 406 6241
585 398 6104
74 790 9003
496 116 6833
212 886 6114
30 816 6295
550 805 2865
431 128 9996
9 345 5048
853 704 1561
796 527 1799
674 115 7043
686 652 878
519 638 112
56 610 4685
782 269 7120
493 982 1691
563 197 1118
438 21 3535
800 498 8454
125 348 4846
61 393 6313
482 548 4331
11 896 5887
58 91 1908
97 224 8203
261 659 3271
284 840 8953
101 958 1890
357 214 498
268 802 671
970 441 2348
729 127 322
207 83 5534
849 44 6785
63 829 4747
290 187 1200
698 818 6491
974 72 6191
292 118 9590
384 101 1071
354 42 38
840 511 3522
642 726 9926
189 155 7226
919 527 3651
194 114 9740
637 923 5155
107 756 9189
872 609 5606
85 363 8890
510 268 2786
25 685 3753
161 514 1782
433 67 1740
649 18 4003
614 359 285
258 296 2983
855 765 3114
594 668 8017
126 707 8190
205 390 1041
604 550 1864
683 365 6432
965 757 339
958 906 6500
72 81 667
605 600 6592
686 249 9765
588 546 3246
641 851 6662
918 180 8660
242 645 1407
422 293 8568
342 446 736
558 907 4441
731 656 8249
843 248 1892
99 902 8881
251 916 9637
82 811 4815
560 409 1706
890 594 9715
730 89 6180
242 152 8811
570 562 712
428 352 2414
68 560 1261
637 337 9997
981 621 7722
670 199 7495
284 139 3143
436 525 8590
231 315 6766
998 568 3496
804 569 6594
103 70 5302
408 601 3420
563 37 1753
39 497 8895
981 306 8958
695 518 4306
419 623 1602
7 821 1776
660 991 384
68 879 5478
160 865 5712
24 942 6660
34 814 42
64 451 6622
35 226 1087
976 712 6605
239 804 1436
304 532 1524
313 443 1577
200 413 611
571 927 1670
358 470 3002
748 35 8702
799 384 9082
696 717 1072
270 285 4568
791 590 7808
447 375 5967
21 749 5254
786 660 5333
61 863 4366
677 578 2074
494 813 4764
696 529 9324
573 956 6532
355 993 8036
148 630 3266
605 937 7039
318 585 8606
915 776 758
22 727 1768
287 416 6525
480 303 6727
969 662 2061
334 82 1390
808 74 8460
61 93 622
265 222 5595
133 837 4612
140 397 6188
689 821 6940
59 562 968
489 348 6498
433 625 543
403 60 1735
646 254 9276
143 56 615
80 963 4053
269 154 7292
585 650 1622
601 618 9030
581 607 1245
501 531 8882
433 779 6392
457 714 4763
943 720 2235
926 899 8339
211 769 726
460 877 8443
492 396 2493
315 362 4485
179 256 408
445 784 3653
987 131 2723
300 788 544
279 924 9075
354 833 9194
754 696 2137
166 829 1139
371 750 5888
243 11 5184
506 353 3167
151 92 5527
666 235 1587
425 84 4062
361 223 2137
863 284 6441
773 170 7207
675 85 7272
552 834 5137
459 777 61
910 892 8014
826 356 3841
954 1000 7307
609 593 3595
377 401 8741
844 953 3585
799 513 3812
777 456 7974
901 880 3891
328 520 4648
300 114 2427
155 592 8100
389 265 7848
655 988 7572
736 356 775
801 957 5520
888 70 9079
162 535 7709
812 931 7724
12 538 4465
467 198 4638
127 230 1830
665 667 475
502 382 7129
391 456 6368
531 774 4826
955 422 5430
401 927 6255
331 58 8664
217 960 9670
43 739 5259
648 729 2656
402 128 5861
1 889 8202
660 227 841
439 45 6287
238 506 4419
491 772 9520
781 9 350
487 828 3133
577 308 9700
138 106 7310
23 336 9386
483 828 8685
137 213 5561
193 952 5210
505 551 5487
362 901 3856
941 310 6657
22 820 996
196 402 6605
546 273 9636
957 656 5786
214 422 737
256 828 9845
870 666 1694
190 911 4950
969 75 8198
425 150 6231
621 223 1646
580 429 2969
539 420 9433
468 562 4174
910 398 2100
395 25 3432
507 970 4042
828 650 9057
831 278 7131
381 715 3049
72 739 5376
406 284 2266
201 436 335
662 158 5948
639 373 1962
898 406 81
868 782 9352
43 589 8308
785 271 6459
14 9 2268
552 141 5442
906 338 9470
501 250 3081
983 820 9917
366 132 6181
762 733 7579
39 265 9305
649 213 3930
657 773 9716
736 845 7154
402 78 5241
498 476 2269
724 760 1833
933 46 5413
939 976 5148
143 768 8090
368 474 5250
936 110 4048
183 264 5422
479 742 9238
877 581 9105
237 693 6589
752 402 4251
486 876 6870
537 151 9542
931 885 6970
710 344 3398
713 925 6746
333 899 4795
332 76 1231
938 692 8907
142 911 6759
497 295 7419
272 577 295
463 222 4835
548 6 9736
629 454 8006
322 689 7521
787 4 4161
57 454 5321
817 586 7222
995 60 7346
493 877 1224
593 607 5427
112 262 4118
425 975 4037
940 963 1878
792 281 1703
986 722 8190
951 244 5118
83 794 777
860 752 1975
215 885 1958
681 469 8951
188 163 5903
144 637 4081
713 53 5849
292 394 1417
421 797 6168
849 369 162
345 628 8693
453 75 5372
541 688 9151
556 378 7357
405 835 6227
494 35 400
218 457 421
620 17 6912
668 565 9234
27 937 4271
675 751 3859
130 347 9870
429 784 4742
204 115 3803
547 601 8918
316 58 937
67 309 1995
818 619 4545
156 562 819
285 959 4192
243 744 8043
636 622 9774
886 36 1041
544 376 6423
411 72 7511
353 19 5145
588 167 1582
635 985 2158
105 217 1320
880 744 8747
169 382 5213
480 275 7822
300 727 7879
163 863 2078
631 101 9516
198 746 965
95 966 8767
395 964 6782
535 136 1664
944 383 5701
671 500 7470
655 781 1863
60 722 5107
980 112 5802
923 620 7933
555 318 5626
703 317 2947
596 667 8203
212 667 684
197 838 1859
827 738 4879
724 895 5745
580 802 459
846 655 9412
995 281 4698
211 965 4538
126 130 347
950 961 6742
665 196 4322
240 774 2866
882 763 821
973 320 4719
506 992 6647
699 293 3117
185 666 4744
297 790 9564
954 220 7969
421 636 3697
584 961 6353
979 672 6537
373 349 9804
823 206 487
622 168 8323
562 719 9913
545 823 6137
949 111 2031
264 455 8608
303 307 3354
516 95 5229
684 720 4584
482 266 3639
167 21 2549
918 359 4475
343 214 7460
158 613 5670
119 960 523
741 163 3583
543 443 6955
81 90 5457
410 166 7609
866 818 271
212 542 1131
948 148 2027
40 753 3315
425 38 8575
972 358 672
90 816 2381
151 909 8290
995 951 5893
252 638 7287
707 835 2878
667 193 5570
640 996 6132
872 917 5502
497 6 8274
574 20 8375
129 516 2095
13 559 1334
223 975 5336
256 312 4315
229 88 9862
340 735 660
379 134 1879
103 197 2900
798 304 4494
848 18 182
387 160 8336
459 149 6774
948 276 734
999 900 4845
93 263 718
728 824 5469
894 918 1957
977 239 587
605 136 6190
32 178 1112
100 822 8611
367 640 3522
877 485 1918
311 546 1859
217 566 1267
196 62 4859
512 404 5819
341 856 484
446 321 457
879 176 9167
545 827 7057
634 920 1859
947 425 6323
529 618 8341
452 701 9893
298 432 7051
290 761 9901
809 976 4797
951 122 4905
76 257 8983
574 52 8516
106 102 9770
346 150 7968
379 446 6280
194 533 9759
965 758 3203
791 204 5510
251 147 8300
853 94 3500
25 664 1132
198 475 249
241 877 8477
28 360 8396
933 233 6308
320 572 2789
416 310 5617
94 388 8612
248 418 4200
884 366 2559
667 335 7752
821 426 5091
847 240 8474
788 271 8362
478 593 6717
510 706 2905
375 848 1349
733 761 3961
690 632 6278
661 736 1537
930 491 2624
934 326 5936
396 513 374
66 450 212
717 885 7686
172 617 777
296 517 9587
171 372 6701
175 685 2871
54 573 573
755 88 9314
227 691 9886
717 776 5565
760 820 7932
336 314 9216
653 921 1607
891 541 7636
304 933 3686
588 583 8435
155 338 1031
135 929 6104
412 286 4842
496 464 2425
666 132 6354
641 813 9484
91 688 299
772 525 1460
942 113 1611
972 11 9155
214 682 9764
748 307 3409
561 118 151
276 46 447
99 5 8221
811 946 9991
73 774 2522
978 217 6843
158 247 7304
802 501 301
197 275 4879
177 65 7862
188 984 1742
300 561 4762
400 418 1820
683 302 440
815 538 5310
435 314 5035
960 385 3761
846 445 7644
378 387 5763
495 260 4912
411 800 5195
876 359 6713
267 197 7819
677 591 2938
26 413 1948
260 633 9481
793 928 6447
456 305 6033
891 341 4926
227 519 7743
767 100 2593
676 146 7301
825 910 4765
107 258 1322
112 549 8708
831 675 4099
127 908 7334
677 448 8914
850 835 9896
279 626 708
638 766 4162
501 968 9289
141 473 8575
645 735 8775
290 325 8743
378 732 8475
858 46 1925
745 499 5456
42 174 3684
491 195 9892
170 440 716
123 557 4042
371 967 739
274 136 5246
526 657 9224
125 390 5557
558 867 6433
690 836 6886
8 717 7279
953 191 5668
305 253 8190
201 96 7852
333 856 9637
323 378 8547
604 367 2582
575 398 1617
586 813 5773
364 836 6698
874 745 9745
382 646 3725
335 625 7106
504 623 4258
723 444 3196
40 262 2121
304 500 2774
344 487 9220
629 783 9887
319 697 1881
537 567 3539
728 481 5615
541 10 1543
215 949 1742
663 795 7098
852 718 3838
497 20 8021
551 821 4344
621 456 1268
237 911 2714
124 743 5652
449 48 4393
602 216 5413
643 905 1250
863 768 5700
780 852 9638
515 399 8794
837 700 4028
54 864 6515
236 312 9953
686 774 4091
965 620 8189
730 402 1971
795 969 682
4 947 4038
849 940 9970
815 938 7739
216 470 1719
351 764 5250
651 176 4360
323 818 3534
518 303 9076
712 830 7219
384 109 1132
519 507 7828
468 613 599
344 918 3981
245 279 1299
763 520 2334
354 993 2265
721 567 5094
246 509 9458
844 294 8179
784 806 6934
442 922 7059
156 505 6247
999 647 5574
314 787 8329
103 709 9704
161 749 6492
677 117 8080
259 647 5510
629 615 444
671 289 8325
877 861 1397
673 652 1653
795 878 4604
515 618 8012
545 73 6754
770 932 4462
444 747 2697
345 819 6848
423 740 1070
733 234 3919
430 85 558
1000
140934 611 140934
168041 605 168041
168354 181 168354
180933 965 180933
296010 121 296010
366180 412 366180
384053 149 384053
467648 884 467648
524902 57 524902
566398 139 566398
631833 707 631833
635343 200 635343
797848 279 885061
893168 395 895933
958268 830 983387
974604 558 987996
1088430 336 1088430
1120812 636 1120812
1224893 504 1224893
1233760 624 1233760
1301819 380 1301819
1308093 155 1308093
1488531 778 1488531
1502966 541 1502966
1572816 368 1572816
1584875 656 1584875
1616833 694 1616833
1770198 304 1770198
1790453 408 1790453
1833872 821 1833872
1862768 123 1862768
1908995 970 1908995
1958535 725 1958535
2076545 586 2076545
2089718 968 2089718
2211293 248 2211293
2238735 413 2238735
2279302 665 2279302
2594466 12 2594466
2791073 602 2791073
2803783 964 2803783
2815059 466 2815059
2892788 549 2892788
2920177 395 2920177
3056049 114 3056049
3098888 725 3098888
3139215 917 3139215
3198166 568 3198166
3216736 166 3216736
3267704 801 3267704
3360952 699 3360952
3387466 442 3387466
3442017 796 3442017
3458927 795 3458927
3493149 340 3493149
3516606 96 3516606
3522457 399 3522457
3584062 609 3584062
3626491 590 3626491
3677847 645 3677847
3684711 652 3684711
3700868 647 3700868
3709728 20 3709728
3713548 229 3713548
3719668 845 3719668
3719852 608 3719852
3758251 156 3758251
3770238 104 3770238
3776221 988 3776221
3790879 476 3790879
3873472 286 3873472
3963905 348 3963905
4063051 596 4063051
4157116 698 4157116
4160162 334 4160162
4277848 26 4277848
4293047 939 4293047
4330497 588 4330497
4385332 43 4385332
4398863 796 4398863
4431715 191 4431715
4455442 936 4455442
4478502 156 4546222
4485116 728 4637699
4526557 951 4663270
4586497 536 4686365
4609055 858 4748959
4820455 772 4820455
4860735 258 4860735
4953967 190 4953967
5099242 518 5099242
5134003 167 5134003
5174779 1000 5174779
5234499 80 5234499
5288681 952 5288681
5291747 922 5291747
5293218 20 5293218
5322313 170 5322313
5331630 770 5331630
5363599 345 5363599
5394251 904 5394251
5709152 910 5709152
5744528 854 5744528
5806538 314 5806538
5919012 678 5919012
6032963 916 6032963
6070878 278 6070878
6071672 103 6071672
6110710 872 6110710
6128077 962 6128077
6148520 655 6165433
6187723 695 6187723
6323439 747 6323439
6325074 851 6325074
6343283 360 6343283
6375636 439 6468139
6395986 467 6504256
6508525 329 6522306
6538196 688 6607239
6614350 124 6727952
6619107 459 6777108
6635009 259 6818872
6638218 735 6890059
6650445 162 6956190
6726891 527 7026425
6759864 629 7100855
6776753 921 7162158
6832240 835 7179047
6912157 213 7266464
6930948 387 7366070
7001768 785 7388732
7016634 54 7513341
7059726 942 7559373
7079360 996 7589192
7242931 176 7649178
7306008 177 7706782
7325526 315 7734356
7330734 739 7780058
7358255 559 7780138
7395055 700 7859138
7409594 53 7883269
7451011 215 7921145
7495087 977 8026508
7549404 840 8053052
7592651 419 8090970
7598910 88 8101427
7669052 883 8108178
7802207 725 8339344
7883180 30 8340841
7897068 440 8423333
7898826 546 8423784
7961481 603 8445836
7991179 137 8473471
8010418 889 8477822
8152131 470 8538910
8160028 261 8598073
8160901 454 8664612
8176194 332 8722062
8339582 161 8728221
8363790 598 8748017
8372548 380 8830593
8391428 801 8868509
8406412 549 8877137
8429767 943 8893838
8561029 951 8932873
8602158 311 8996972
8646921 473 9014925
8710660 191 9076454
8762498 295 9136623
8803345 303 9194249
8837428 988 9280175
8968631 747 9306002
9007244 64 9324134
9024994 576 9464006
9042851 182 9500375
9205771 652 9541371
9227208 623 9554193
9244723 755 9573456
9270793 935 9699604
9282666 539 9740638
9407151 540 9874892
9410057 859 9929772
9414181 69 9951324
9433160 214 9965906
9452763 386 10018413
9484694 589 10021994
9488065 546 10053954
9491723 778 10055443
9591291 350 10089729
9615677 589 10177339
9727707 594 10211880
9728279 587 10308948
9776459 335 10333761
9793570 800 10502133
9812868 720 10503840
9893793 322 10692066
9920053 418 10856311
10022041 387 10867596
10041225 632 10878958
10086137 758 10879767
10215795 247 10894065
10261296 195 10994195
10275138 111 11012965
10290548 695 11087821
10316063 253 11265122
10333814 942 11359325
10377109 771 11388615
10470279 667 11409293
10473695 137 11424017
10512109 668 11461156
10643480 798 11542029
10779365 865 11578715
10801659 210 11624707
10907217 530 11635441
11002898 540 11719207
11021036 839 11746997
11063366 893 11769141
11067695 350 11775583
11080142 756 11777600
11113752 75 11781924
11252825 679 11834554
11254959 950 11897270
11345217 740 11915416
11366870 296 11959665
11388096 998 12013472
11462754 828 12059400
11482276 843 12119570
11485099 987 12189112
11495853 90 12217982
11598172 449 12245898
11627410 926 12279713
11700053 756 12313114
11715386 169 12315201
11716543 650 12320055
11716884 620 12321986
11869675 257 12368286
11931168 889 12373868
11969803 849 12391723
11991518 548 12416166
12090236 206 12471714
12135148 895 12491391
12175749 74 12572990
12238339 323 12606112
12305359 537 12938010
12309671 195 12977691
12312042 947 12998092
12350137 701 13079133
12377815 156 13091178
12402410 180 13208047
12446890 40 13212059
12500380 508 13243002
12609328 959 13314778
12636512 10 13456302
12646329 22 13649584
12796350 789 13778406
12834081 68 13943913
12884217 383 13949848
12885674 867 14021997
13047644 683 14143828
13129811 815 14149882
13141860 175 14212564
13155182 481 14222944
13171421 549 14240328
13217642 694 14282453
13249499 240 14401220
13319749 687 14467986
13531254 813 14545868
13590881 704 14559960
13611408 209 14617909
13648496 660 14635569
13659390 661 14661160
13695791 777 14698648
13718493 922 14801952
13799431 8 14811469
13849355 866 14825487
13909509 661 14877366
13953323 837 15027030
13979187 724 15118407
14000309 711 15198382
14058690 666 15278123
14226025 704 15280074
14300500 701 15356741
14335070 78 15451081
14376326 973 15627212
14415688 437 15642374
14422219 416 15643845
14444955 918 15680626
14454840 184 15739726
14677500 528 15756886
14690475 780 15803369
14728010 795 15841724
14732976 796 15896607
14735159 546 15959685
14739646 851 16025867
14792785 921 16075056
14844481 968 16160642
14906358 66 16248267
14948331 148 16322483
14955899 422 16335992
15057766 327 16380208
15099434 523 16389044
15146835 547 16427243
15161048 336 16427937
15164670 638 16462271
15182550 466 16474940
15197154 748 16479254
15212783 842 16643586
15312169 192 16687150
15389972 295 16743511
15412558 755 16772548
15440969 664 16823551
15472503 789 16878667
15506351 122 16895966
15534400 158 16939838
15578204 988 16953287
15579311 889 17207472
15619185 880 17214277
15692615 949 17232084
15724022 492 17316468
15725024 159 17327843
15853183 110 17353593
15856614 759 17356977
15973084 511 17417947
16032832 117 17419549
16038740 291 17457449
16045029 141 17474116
16067553 150 17476998
16115691 527 17479999
16154833 755 17528609
16194868 12 17584180
16327894 859 17616746
16347521 164 17656553
16421538 225 17687351
16486531 146 17713466
16513530 306 17736058
16587458 409 17752848
16658450 722 17833608
16678140 383 18002287
16686433 595 18020869
16804483 348 18072577
17020190 787 18082781
17092132 270 18117630
17099037 334 18128796
17134662 889 18139394
17198094 182 18160644
17242899 126 18160797
17385170 205 18165893
17609621 817 18181735
17615642 469 18192745
17659367 339 18217473
17678607 182 18256847
17703429 724 18269408
17765841 113 18279551
17822162 711 18341428
17870727 283 18376398
17878976 399 18424557
17918496 715 18451986
18021385 973 18455307
18055654 193 18489592
18131347 39 18502733
18150898 22 18602397
18165846 162 18622008
18296652 136 18746615
18375962 946 18811926
18488925 98 18814082
18519391 882 18861746
18589029 502 18864991
18622191 729 18899952
18656000 83 18946060
18713366 796 19103765
18887853 774 19139144
18904713 78 19183169
18906305 536 19246103
18939027 645 19246594
18947429 543 19251005
18981823 760 19265439
18998880 333 19272115
19030611 218 19286369
19040252 676 19347104
19058901 535 19357024
19082191 561 19409330
19107163 657 19421999
19137784 190 19453470
19138233 339 19553342
19230015 833 19570722
19264755 902 19710061
19273507 472 19729861
19273933 440 19896236
19451199 625 19901815
19518044 198 19931253
19537127 913 19933171
19582052 310 19957797
19627870 514 19959774
19635975 387 20031258
19774280 430 20120259
19834698 126 20153032
19878444 313 20159395
19994533 979 20181097
20007291 862 20197503
20144580 696 20228396
20147112 726 20323755
20255794 126 20381488
20330980 401 20441534
20369311 743 20473056
20399470 339 20559999
20441300 711 20590356
20443537 112 20687686
20542648 237 20734366
20621239 371 20778100
20648478 124 20802423
20660716 495 20819299
20710044 147 20913546
20733304 232 21025468
20740132 79 21058164
20824642 814 21065116
20854396 762 21067253
20875002 216 21078627
20938842 459 21205434
20940548 251 21231658
20945724 291 21312686
21133074 334 21326209
21177351 515 21439857
21185506 844 21453328
21215617 977 21519852
21217935 82 21553997
21236917 92 21586402
21240746 881 21734140
21270619 350 21757908
21282067 296 21815557
21412629 425 21940949
21434870 77 22042379
21460133 360 22072621
21569223 893 22158912
21604157 140 22165809
21684605 798 22180529
21704379 173 22235322
21709875 385 22280273
21747366 458 22350105
21781496 305 22397429
21790215 133 22466608
21794094 136 22466892
21844651 265 22481651
21854518 225 22593969
21909647 786 22610735
21940040 97 22631384
21988459 759 22686247
22009492 45 22732206
22040415 149 22749809
22111728 160 22762445
22135431 210 22776565
22187993 868 22882877
22191871 595 22925193
22227138 783 22949663
22233999 765 22974228
22312115 664 22981990
22334658 355 22999675
22486304 167 23038825
22488279 848 23068772
22512602 765 23113680
22516520 213 23132188
22558917 479 23143642
22581322 381 23153986
22684464 966 23175345
22777419 882 23345873
22827721 626 23409892
22827935 978 23481838
22959563 628 23521133
22964868 820 23548595
23012185 543 23645754
23173060 236 23653818
23173179 233 23762080
23204422 298 23835080
23216692 799 23949708
23254992 965 24047103
23269063 212 24084001
23272206 364 24084546
23285718 416 24196150
23311123 211 24200158
23361297 415 24311561
23398324 332 24374730
23543277 694 24489020
23554660 159 24503165
23565167 339 24540683
23616820 265 24591983
23710028 403 24683730
23808754 686 24757996
23846671 141 24788320
23871797 190 24860931
23895436 762 25032781
24176750 314 25288828
24236357 44 25365803
24242981 73 25367228
24261091 316 25443633
24270089 583 25650045
24385677 871 25675604
24417585 151 25791945
24426082 478 25853993
24431457 501 25984789
24737640 197 26009322
24996555 827 26042143
25076004 333 26043679
25164446 801 26171935
25178836 966 26175110
25186666 833 26179756
25206406 252 26218534
25207658 744 26219883
25261158 280 26318157
25326357 237 26367723
25354644 812 26502951
25403394 314 26504691
25425976 26 26571786
25462698 824 26664202
25468252 772 26793219
25574229 132 26903622
25593674 441 27032882
25654241 485 27043254
25766002 835 27059509
25836670 485 27097245
25902557 256 27332878
25907519 125 27462253
25951756 34 27554942
25962353 885 27622014
25971878 141 27660993
26021250 811 27785194
26078645 47 27793559
26184740 86 27822048
26244851 367 27834061
26352199 927 27852584
26418438 904 27959074
26465748 976 27979071
26523130 444 28037864
26612909 810 28039588
26616123 168 28147475
26661532 763 28176006
26857147 248 28179632
26874822 509 28260401
27003430 804 28274970
27054639 274 28288847
27130303 996 28469780
27142697 935 28479129
27148636 139 28506041
27250144 842 28517569
27306261 525 28527313
27316881 430 28533124
27366573 127 28535823
27387108 110 28596705
27419124 980 28598956
27549099 883 28664459
27560024 472 28714747
27565531 967 28730020
27595060 745 28752536
27632079 622 28805320
27648090 260 28813414
27670271 438 28848496
27724673 754 28963412
27801651 450 28976696
27858131 892 28984269
27934904 671 28988809
28053335 847 29015306
28211412 279 29123053
28214809 206 29159388
28244479 364 29234245
28244510 752 29234839
28260397 519 29236408
28269100 800 29293448
28283625 806 29305990
28316460 756 29306201
28362842 822 29356612
28364678 147 29440902
28415425 428 29509554
28496837 195 29521171
28531779 615 29533248
28539703 786 29552068
28656148 170 29585117
28691663 269 29650960
28714274 639 29690107
28779817 584 29769540
28807919 92 29876349
28872252 102 29906085
28943878 116 29948626
28951400 4 30033276
28960157 392 30143186
29007343 316 30160492
29168951 781 30214095
29226766 886 30233135
29306856 22 30243678
29310404 810 30274737
29356193 229 30360135
29474854 766 30371506
29482155 171 30376334
29552514 350 30450232
29596844 754 30496367
29625208 534 30604436
29652258 171 30607104
29654637 420 30624739
29661457 417 30698419
29743457 739 30797509
29763600 606 30799499
29862303 914 30847803
29885649 105 30895999
29942409 515 30992393
29987764 86 31015696
30066181 924 31098370
30089812 281 31262486
30096101 297 31281290
30135916 177 31399579
30164236 77 31440375
30177353 922 31452912
30278948 446 31520483
30310146 704 31573293
30424387 824 31574020
30470826 13 31605590
30587528 169 31775070
30592423 567 31812817
30605867 225 32011479
30608553 649 32051365
30629609 773 32097681
30635698 751 32209318
30638539 858 32210291
30640305 794 32210746
30699315 706 32235926
30723868 366 32251473
30750333 954 32273391
30843252 640 32286432
30872628 370 32292532
30960268 990 32295598
31008592 7 32372200
31023235 20 32383918
31035821 64 32442743
31171299 31 32470659
31215303 421 32518210
31251268 408 32537100
31286181 747 32550074
31414791 54 32624244
31557084 997 32628802
31597792 651 32648841
31636234 761 32666062
31757922 679 32711741
31773002 19 32719036
31807693 849 32737840
31836760 237 32789088
32009892 151 32790940
32023593 904 32962341
32202727 764 32985890
32245141 873 33103902
32246104 954 33115835
32252197 231 33242526
32281473 774 33256794
32294937 604 33344155
32325224 885 33415076
32373929 551 33452504
32385254 236 33505281
32408468 418 33510926
32639166 220 33525557
32648746 811 33648510
32654859 860 33778672
32699664 382 33786243
32701211 453 33857640
32712545 908 34146270
32762070 880 34157281
32766969 563 34202377
32767031 459 34202902
32799569 972 34207391
32812933 408 34265993
32863623 881 34299175
32962558 445 34406447
33024124 212 34431123
33063761 292 34468012
33092266 403 34573061
33134426 84 34618430
33172280 291 34684944
33173568 573 34750739
33245742 636 34757614
33390360 916 34771975
33405222 159 34859597
33485038 311 34870328
33498820 536 34900809
33523672 251 34948709
33559824 300 34952972
33598950 203 35017099
33699946 404 35037700
33824967 62 35086500
33929549 994 35162387
33938919 785 35177836
34000847 742 35248628
34025551 416 35339881
34086600 84 35487725
34115694 820 35497321
34212467 780 35504506
34313615 372 35636303
34331667 960 35654003
34374011 187 35739637
34379879 119 35777737
34438525 496 35791157
34459683 792 35868031
34483849 724 35881349
34533027 540 35919574
34548928 243 35973806
34551129 155 36011991
34608603 696 36052197
34684508 413 36103417
34726411 347 36245578
34901288 22 36253257
34902998 636 36257742
34933075 90 36274480
34973882 829 36280835
35003973 379 36309518
35037351 284 36386465
35039858 356 36411659
35115988 856 36417679
35222242 34 36437688
35227666 211 36446279
35326022 271 36459397
35341410 641 36466613
35451092 945 36493107
35459092 289 36532445
35459423 958 36590069
35466744 997 36673949
35483046 912 36691630
35493128 746 36697211
35543232 874 36850584
35629019 511 36920047
35647234 49 36940459
35674238 266 37135664
35703510 25 37147316
35721582 399 37236790
35767524 260 37289638
35821172 649 37290840
35882035 130 37381825
35911104 66 37385602
35927811 99 37402228
35938397 636 37442072
36001546 228 37499914
36043724 126 37521868
36115895 7 37593453
36237892 233 37615172
36299305 310 37628740
36396357 204 37631183
36467027 136 37643631
36491047 934 37807459
36501299 480 37859190
36529822 134 37911058
36531387 434 37920049
36641590 376 38077682
36787839 551 38102436
36793749 261 38106127
36874174 544 38113493
36921172 48 38124840
36977334 414 38132313
37027738 346 38206246
37073348 378 38217624
37097613 965 38223051
37167986 380 38251749
37181330 256 38287504
37193461 793 38301822
37240896 1000 38419223
37261085 420 38428159
37336163 328 38431319
37407526 802 38565196
37717987 59 38599862
37726168 97 38667568
37792821 843 38726699
37833673 109 38726801
37840003 275 38742709
37841040 825 38751226
37872675 329 38760589
37966009 508 38762278
38077472 550 38810873
38179595 662 38823725
38183713 408 38864427
38196160 789 38865030
38205811 688 38966411
38238567 492 38975847
38240152 59 39028425
38292818 783 39031173
38301663 20 39098958
38388796 466 39135054
38420354 228 39154157
38444120 432 39154756
38505632 299 39166829
38545370 827 39263405
38574339 414 39446643
38584903 604 39456100
38606720 789 39466491
38659153 18 39597794
38691744 142 39715134
38798262 370 39777437
38821408 23 39789489
38900962 528 39877908
38959003 960 39914664
38989657 898 40106101
39022713 367 40125130
39032130 700 40137582
39065560 804 40171324
39067344 329 40208087
39107560 928 40208990
39114812 121 40209181
39119247 845 40211339
39128157 316 40360202
39184377 704 40366305
39206482 623 40369598
39258956 83 40387281
39376157 644 40400425
39403700 475 40411951
39514335 287 40447388
39552561 758 40553055
39599963 456 40564916
39624368 772 40629982
39642542 145 40631452
39697491 979 40637250
39726769 408 40655614
39788248 220 40711636
39798322 270 40713316
39892844 766 40744763
39934591 5 40814034
39968089 144 40854700
40003500 32 40860984
40061800 824 40884289
40101142 453 41022240
40111816 883 41028492
40138120 385 41037160
40283695 546 41037914
40294732 745 41050730
40298700 555 41074385
40348154 885 41080696
40374692 817 41137680
40395847 65 41250470
40480096 325 41331378
40482208 331 41390277
40528013 465 41428562
40563859 580 41458165
40570053 519 41477163
40598561 478 41507553
40708709 824 41544779
40738823 851 41555257
40763894 284 41578054
40772541 53 41675509
40799020 560 41709792
40932154 568 41743757
40934578 280 41827632
40946798 619 41835563
40965050 336 41863239
40981674 655 41867562
41045050 924 41886155
41057306 185 41928961
41143847 251 41942087
41151198 370 41982617
41328917 550 42006101
41505018 941 42008084
41618348 943 42009926
41807326 295 42027708
41818287 933 42237698
41833036 797 42274994
41858015 43 42329747
41900627 581 42338618
42108736 290 42428014
42133862 305 42461370
42196610 51 42501772
42230570 974 42505229
42327582 272 42537154
42330665 697 42566229
42333029 337 42588911
42334544 998 42631921
42412796 621 42663898
42423235 268 42683477
42427210 450 42744853
42438821 143 42786784
42459332 38 42842906
42510524 790 42888031
42554154 722 42891303
42555915 865 42992650
42757002 470 43037914
42783612 864 43042258
42802434 900 43115092
42818581 565 43121244
42908058 892 43138486
42943047 898 43171930
42950843 770 43266789
43084651 19 43324317
43162862 526 43447315
43171265 19 43478211
43174800 280 43529469
43243041 19 43602759
43273802 384 43703379
43294594 60 43713940
43350416 285 43728275
43386738 157 43763589
43444351 680 43777387
43451601 302 43834243
43479802 908 43856797
43483394 254 43884449
43508823 35 43912688
43647309 546 43930297
43779048 983 43940771
43837403 838 44016560
43856730 50 44063915
43881875 778 44125068
43905304 695 44171058
43924086 580 44251468
43929216 810 44281248
43937891 12 44337706
44204285 232 44367744
44324200 872 44380328
44334724 541 44719189
44347488 56 44756989
44406493 662 44767227
44553179 128 44800370
44581794 684 44817901
44671570 497 44830060
44748312 605 44874690
44967976 451 44967976
44972587 27 45007219
44973309 767 45045651
45046968 960 45135997
45100884 944 45143111
45102497 566 45167215
45131687 423 45179883
45145787 131 45372438
45182002 121 45384105
45378521 135 45413039
45435536 357 45435536
45461001 519 45461001
45494155 525 45542088
45514958 690 45543490
45596421 502 45596421
45642037 845 45642037
45664063 255 45664063
45673160 800 45673160
45677320 88 45677831
45717226 974 45717226
45913715 480 45925666
45916475 549 45989897
45975020 328 46028408
45976890 523 46063409
46048281 944 46129565
46078472 815 46201445
46088492 552 46272791
46178647 530 46629125
46258875 18 46753741
46279243 415 46767825
46480978 79 46873625
46489862 425 46917570
46599130 358 46951123
46718700 173 46975089
46775160 352 46978596
46819056 217 47105734
46964552 80 47208219
47270789 872 47270789
47353036 848 47353036
47363358 190 47363358
47389690 997 47389690
47434961 47 47434961
47479625 624 47479625
47507698 309 47507698
47510910 602 47510910
47511517 241 47511517
47732046 657 47732046
47827988 332 47827988
47942005 904 47942005
47957674 215 47957674
47962731 143 47962731
48028061 947 48028061
48045793 400 48045793
48092853 64 48092853
48095794 382 48095794
48137001 426 48137001
48144844 596 48144844
48184345 573 48204033
48228750 610 48237028
48236523 135 48277663
48312105 819 48356699
48368489 132 48368489
48394941 438 48478290
48431153 863 48643418
48437773 664 48681481
48474333 709 48710762
48484652 285 48730674
48710286 683 48763502
48726310 896 48778839
48726831 365 48846885
48797423 118 48868240
48825207 930 48888603
48840846 462 48917052
48862547 734 48934370
49092977 142 49092977
49220634 438 49220634
49274914 378 49274914
49320392 567 49320392
49392721 582 49392721
49426856 618 49426856
49432658 71 49432658
49439133 639 49439133
49485857 749 49500550
49519172 466 49580475
49675938 875 49746108
49734274 879 49816752
49741177 546 49829127
49906122 425 49943997
49922757 715 49981660
49981657 928 49993167
