1000 999
462 194 9502
504 155 892
675 222 6772
291 850 5684
759 132 4875
881 787 7122
32 727 8048
397 771 6555
814 752 5991
683 827 6898
155 239 8837
333 584 871
977 436 3660
620 688 215
858 168 4351
67 138 9604
542 537 4571
662 916 3201
678 876 8340
902 312 4559
396 441 4631
765 869 1757
804 100 6998
769 258 7601
436 793 8686
524 547 8368
702 862 4797
486 766 9483
471 917 1197
633 368 2989
684 319 5999
713 728 3571
244 886 5607
579 42 4813
873 181 4923
555 212 4610
564 921 547
141 978 9686
93 99 6384
406 360 6165
926 813 8273
486 702 8300
961 999 8781
712 836 8672
944 513 1858
421 25 7318
478 599 5008
487 390 9019
136 847 4528
861 955 4251
54 783 3065
688 901 8236
180 966 8222
777 241 6888
797 715 7508
153 891 4653
196 909 5135
76 225 4213
995 745 3741
169 404 7754
728 574 1544
477 551 2647
37 546 1268
462 112 2479
458 868 1081
656 201 8362
589 535 7037
262 624 2709
514 865 7474
684 706 6443
725 286 7957
20 663 1465
902 370 9727
155 175 250
914 556 5470
203 953 9025
254 193 6141
36 643 5040
780 236 8692
451 996 3321
375 504 9523
919 82 4205
948 812 8090
121 974 5045
590 856 41
126 511 6244
29 613 6211
455 189 2494
177 796 835
314 809 7201
85 877 5559
5 485 5118
498 863 5815
649 34 4774
505 724 3392
357 730 7332
832 691 8673
522 346 844
950 248 193
387 500 6089
651 601 9932
435 918 9533
446 706 8148
442 260 3223
27 802 3580
11 461 2536
104 272 4696
972 5 6256
822 186 7685
273 870 2941
641 197 3183
640 115 2799
231 404 4357
6 302 5978
625 197 3822
154 979 8966
298 253 1527
280 632 380
949 395 3796
893 675 5599
523 670 68
994 332 263
448 631 4420
674 815 9342
366 818 9066
25 284 6170
181 943 5956
498 245 6356
901 27 9870
924 21 2139
349 685 4105
166 19 7743
732 800 4197
512 489 380
906 959 9062
626 171 2097
2 725 2786
799 484 7781
7 56 2666
90 457 3036
824 455 2209
954 995 3473
642 398 4145
232 763 4233
697 553 4196
700 860 2015
344 430 2069
342 857 5880
251 442 7977
186 911 3172
721 205 4679
243 755 8804
575 360 3859
452 580 863
544 917 4770
401 159 4878
675 73 7874
953 865 8457
317 190 9405
307 475 3447
533 377 6954
366 418 4602
69 350 4683
719 528 5361
873 867 8993
219 894 7422
290 626 5976
809 63 352
608 396 1165
70 551 6297
874 654 4036
445 584 7426
830 403 8979
495 610 1674
898 792 6871
895 263 4571
816 104 1077
316 982 4989
218 390 3869
383 651 1372
207 839 9867
391 601 4718
267 748 7422
109 233 9527
844 526 1641
326 994 6140
394 710 7323
42 706 4535
117 854 2497
884 805 690
810 456 7147
863 792 8208
991 961 1119
468 536 8503
737 680 5581
767 110 4707
379 990 9159
758 912 3810
906 130 9087
215 932 1931
732 35 3632
107 835 1119
1000 936 8788
335 534 3465
903 604 8028
571 344 6684
460 482 1454
213 202 1218
290 857 2745
767 72 8408
548 374 5986
169 405 9483
205 746 7250
821 184 5808
438 312 7506
134 876 7769
150 107 5435
824 43 1433
698 692 1641
63 397 2000
61 246 3276
497 614 5753
217 276 7670
689 656 6945
932 559 8822
449 296 559
730 623 9276
616 668 4712
235 148 5991
293 187 9397
866 899 7931
968 704 3413
957 996 8760
222 30 3808
768 677 6848
563 707 4256
762 305 4533
143 691 8185
60 315 5455
67 139 3660
996 807 361
846 566 7216
537 515 9320
62 472 3189
235 594 9540
54 372 8546
236 16 9751
62 626 1753
693 727 3878
125 324 8130
187 256 1079
925 20 7303
305 404 3836
603 891 9819
905 653 1445
982 25 6569
694 411 3987
411 226 563
919 834 9977
306 671 3211
722 352 2035
827 629 3335
38 414 3194
977 124 299
172 646 926
132 483 9497
266 125 6374
513 927 1129
164 531 4093
394 421 6168
63 298 3579
896 466 4847
944 66 5374
903 480 4451
186 72 7943
830 879 3946
560 341 264
60 440 9250
475 483 3839
505 46 8079
387 58 7950
872 922 1493
838 899 698
587 814 6054
942 782 5061
138 920 3049
408 486 2981
677 393 4261
290 588 2318
488 34 7815
77 328 2869
657 2 7030
761 731 4156
690 433 5681
84 386 4302
140 12 1119
496 629 3516
973 442 4479
529 539 4944
756 932 7877
204 615 7619
194 75 6909
63 318 6676
731 268 6460
163 868 6579
103 138 59
342 556 4633
265 380 5808
714 423 4006
590 661 6735
651 901 2327
244 412 2432
608 950 6515
519 557 5743
330 14 2800
502 167 91
662 122 9671
782 567 7828
337 660 1406
80 106 5061
956 16 1504
768 329 1496
403 406 9712
264 146 5643
246 101 629
128 566 5106
793 520 8703
321 309 549
630 543 5248
125 209 8350
259 863 696
998 313 6331
680 820 8256
120 791 8354
500 699 8018
711 357 7681
904 612 9580
725 238 8640
845 831 7947
220 816 3056
356 491 57
764 414 6467
536 173 7189
210 181 251
784 201 2575
609 62 6565
703 470 9717
280 939 1390
893 351 8721
474 228 3984
927 907 5944
36 602 263
840 22 108
549 875 4712
779 887 2768
532 317 3674
946 297 8456
149 668 2145
720 786 8500
357 816 9690
292 94 66
875 220 3625
528 325 6849
569 728 7462
162 805 2972
657 51 3849
480 118 6321
819 720 6590
197 940 5966
506 965 8569
437 357 1257
19 912 4572
855 116 4232
207 819 3139
637 199 9674
689 3 7004
734 767 1479
709 607 6278
551 568 2618
300 120 6613
888 652 5948
243 735 8259
61 16 7326
160 83 5932
620 68 3042
1 932 5823
835 21 1630
771 113 3074
76 841 9155
176 123 4718
527 269 9430
663 203 8992
779 285 6595
722 880 2242
741 865 4001
783 750 106
407 59 8184
23 691 2145
194 662 8374
302 108 1758
769 829 14
478 842 9868
949 825 6892
254 252 4784
636 744 7728
905 200 4276
212 848 5156
936 774 9762
114 788 8045
657 387 8419
281 356 1345
347 444 4656
552 9 1444
241 48 9967
158 216 5416
497 120 2718
256 419 7148
334 449 1238
229 332 5542
123 742 1695
237 823 9384
874 214 3132
468 836 9808
250 298 2022
733 722 6446
534 285 8579
700 49 5334
844 137 4822
841 626 363
514 235 8380
131 66 8406
89 773 2122
381 145 6356
491 941 1653
280 257 6584
479 358 7795
819 157 2796
181 413 1062
788 552 4093
3 993 2317
141 557 7716
393 744 2081
234 591 1666
458 598 9741
806 847 9756
301 82 5168
563 37 1020
626 162 2525
439 185 5756
693 381 6103
426 685 9353
393 986 4776
863 923 6793
980 621 7369
457 334 6119
99 583 2229
422 109 5999
759 183 5128
456 618 6306
96 33 4934
350 295 1004
570 681 2617
654 362 8278
369 897 5330
470 327 4380
890 232 5779
916 37 1171
88 911 8334
170 555 4809
245 341 5554
400 238 9373
518 897 417
333 498 2463
819 495 1367
429 18 3401
366 287 3662
962 69 4854
511 559 4722
87 464 7595
560 261 3833
331 279 1080
576 930 2782
538 879 3439
53 410 9538
968 888 5293
639 302 5816
296 191 8662
853 345 2065
384 355 2899
796 46 2525
580 50 7583
446 364 837
754 839 1217
388 382 7370
252 100 8946
351 97 4878
947 723 2968
998 364 4013
885 57 4350
244 967 6178
528 28 3645
698 695 6905
977 306 5070
202 860 884
960 226 2833
794 143 4503
187 215 2129
685 895 1880
176 281 6272
347 267 7683
747 227 6294
368 837 8730
684 642 3774
375 971 4135
432 930 9354
238 969 9272
941 849 269
693 473 2276
959 274 4782
971 320 6720
311 191 9640
594 666 6297
355 37 2881
958 311 2342
978 696 9584
622 503 2016
792 255 5034
152 986 5254
24 497 2802
372 885 9036
354 131 6904
547 260 3023
223 322 5359
663 679 2027
685 431 5830
121 946 8917
492 156 6273
323 874 2464
878 91 5442
945 294 1662
418 493 5970
729 994 2628
693 983 4551
390 47 3968
253 736 8603
628 289 5230
273 942 4104
593 856 8302
290 102 8285
432 330 5853
625 351 7475
754 624 7357
140 368 7498
749 479 7905
928 663 3115
238 429 6262
672 207 223
576 492 2489
403 854 4608
687 805 3211
247 38 2683
463 335 1522
240 241 7027
756 828 6226
31 447 9916
900 372 5513
955 181 8857
71 75 6365
492 819 1152
535 205 8895
310 369 2647
763 266 4852
389 928 3181
454 939 7403
590 920 2945
366 888 641
174 404 2341
559 995 5581
888 795 7397
667 831 9741
859 46 1576
806 405 181
606 299 3585
81 838 1778
483 420 449
564 332 3856
834 210 2949
578 803 2882
151 614 8149
434 617 4607
196 931 9954
820 567 1366
745 271 2126
633 811 430
597 592 6370
772 289 7261
665 853 6297
308 507 9784
448 456 3523
10 471 7921
195 133 8986
122 4 8777
532 386 7995
453 142 1512
811 177 9545
886 217 1692
860 229 766
79 283 871
372 872 7621
399 467 3966
275 280 8844
328 984 8451
310 545 1729
338 55 3494
850 240 322
617 68 164
18 40 7686
95 96 8345
124 5 5578
528 214 8655
598 857 8599
432 337 8984
677 840 985
726 481 3464
392 50 530
159 17 4640
143 985 5997
811 751 4376
680 99 1427
882 283 2222
894 108 8982
670 317 4939
476 896 4301
533 250 4388
791 78 213
833 613 3114
664 137 9280
620 24 3358
247 316 9111
242 512 4133
366 206 654
595 153 2483
791 450 3047
914 9 239
743 779 4786
833 185 350
81 425 781
496 566 5127
70 247 3475
925 873 6600
938 107 809
414 970 6856
340 309 1760
658 852 3674
256 697 2992
87 798 123
801 931 7245
402 109 7560
149 134 411
616 997 7052
758 361 4574
901 385 390
993 218 8538
770 61 3801
396 908 1899
879 851 724
509 609 3432
416 137 1053
582 790 9400
521 821 832
814 573 6568
560 221 9221
826 529 5171
121 565 9025
782 278 6705
234 501 8381
240 876 5770
606 234 3824
768 156 1290
416 773 213
736 193 2412
565 154 4041
785 109 8361
844 499 6325
172 376 399
981 568 9176
736 303 5047
554 682 2145
988 376 3372
702 187 5966
720 8 475
171 575 4219
59 818 1296
647 586 1903
105 27 762
891 428 3783
574 457 102
56 49 3666
325 367 8758
680 167 8560
284 965 9968
344 44 7946
540 792 1360
952 390 9137
737 491 4075
543 739 6435
863 597 407
74 517 4610
949 910 1130
992 437 3827
718 400 5696
717 281 8727
353 646 336
555 409 7939
925 618 1172
87 524 6353
556 516 5037
901 640 1567
715 484 2523
52 328 1957
623 490 6419
995 510 6549
936 107 2811
726 873 3829
787 778 3315
471 304 1183
170 276 5310
479 371 4145
52 982 529
676 728 7487
133 669 3978
460 28 1138
353 340 9206
280 439 4860
440 467 2641
921 282 2720
580 57 3269
195 705 632
876 177 4854
333 133 1715
164 453 9283
161 62 3739
902 159 7570
793 760 2381
855 913 5765
499 16 7758
716 305 8957
146 373 9353
334 89 8183
550 147 7229
947 303 6928
44 772 8586
7 831 5099
587 343 2516
208 962 6277
930 608 2570
790 971 8340
822 499 231
545 870 6837
430 540 1875
224 610 5615
662 491 3216
596 736 3562
690 661 9300
860 374 5955
603 896 8459
708 193 7831
812 963 6273
194 775 4872
915 422 8646
321 643 6082
485 778 1064
676 378 8758
878 522 6588
706 382 7290
411 923 5697
510 435 4997
814 51 7845
413 365 2885
60 992 8777
589 488 4282
277 884 800
169 458 1316
508 264 3072
64 665 7564
517 899 9891
494 399 1804
211 180 2754
877 473 2481
464 435 2544
907 561 7361
672 106 2543
808 530 6353
519 459 8732
539 888 5355
659 101 9493
19 211 9115
864 781 960
129 863 5546
1000 92 1741
738 321 7606
415 330 2110
590 512 1808
528 991 1410
474 641 2589
768 468 2861
929 529 3086
597 158 2489
646 978 8124
43 562 3364
228 778 8238
809 31 4059
977 463 3848
138 806 1222
846 715 7731
655 165 9355
466 54 8258
852 431 6981
268 591 2661
611 13 620
237 339 6565
521 697 5392
747 89 9043
512 685 2375
94 760 5592
541 579 8846
836 686 4840
465 132 9614
437 348 756
448 637 6397
650 492 8850
976 198 9255
647 939 5834
581 99 6825
502 989 1850
168 758 9823
33 503 983
98 355 7554
423 854 3092
796 118 9015
59 866 4418
150 996 5004
422 247 3719
692 339 4526
732 196 3570
700 265 4167
817 83 9734
781 276 9898
622 427 3096
92 193 2229
663 976 8210
528 189 4976
965 266 162
987 541 8222
204 80 4857
196 695 7311
115 818 9741
725 543 1810
424 76 7754
288 54 6104
975 266 2666
757 297 6893
55 958 3424
934 708 2603
145 530 6273
349 600 7804
523 799 9274
691 614 9132
417 772 5085
623 346 9219
535 283 5629
789 874 5907
128 964 6826
572 981 7183
258 759 8967
308 110 3924
68 674 1632
734 722 3005
89 13 222
635 25 6606
762 188 7282
628 944 697
274 803 5487
830 921 7166
65 145 649
295 663 513
810 749 9254
823 127 1282
86 800 7788
41 421 1359
438 935 1453
237 407 2320
215 413 6914
676 336 4436
494 749 5406
833 889 9842
73 610 6036
453 786 4037
405 108 7864
577 400 7495
683 843 9472
175 738 675
277 331 2421
682 826 191
429 567 7416
382 892 5894
701 740 7926
97 812 9562
308 65 6652
496 869 9481
485 598 8590
395 834 4322
58 951 9679
142 550 677
600 912 5242
883 586 4247
163 249 8170
759 351 498
934 748 955
665 166 5256
134 469 9612
249 165 102
701 527 485
913 99 2523
552 503 8699
85 585 9170
362 390 1390
813 180 1877
375 465 2875
605 191 5203
306 888 7849
792 182 6694
443 701 374
288 869 1415
39 686 3920
999 756 4651
644 812 8625
443 578 5149
295 359 490
555 279 2714
270 156 4055
178 770 9245
638 366 6490
901 294 9219
311 648 3887
297 612 8550
619 521 3082
121 246 5744
179 43 573
584 304 9381
933 920 3294
401 110 1326
871 562 8805
684 191 1930
645 32 1841
461 224 5400
223 258 1479
905 259 1692
627 474 9052
515 516 4466
712 882 6752
371 525 3921
75 363 6319
623 185 2803
245 817 6551
40 410 7349
673 172 2006
122 327 8751
735 795 9508
117 776 4508
110 15 2470
954 681 4933
726 135 3409
733 60 9061
119 124 6020
578 44 8976
937 612 7731
805 990 7953
152 192 6860
26 692 4302
272 111 8366
333 753 5846
954 144 1767
621 87 7464
677 628 2459
630 607 4182
435 478 7341
385 109 3513
806 398 4534
302 230 2746
683 581 2266
811 656 1348
938 155 4865
408 606 1493
146 798 9568
302 634 8773
45 826 5329
50 381 6905
558 766 4251
1000
28258 446 28258
34891 359 34891
37139 742 54667
37176 774 69785
48210 699 71486
62739 175 77111
85719 486 86442
89537 915 93020
94510 983 105583
100495 579 109011
105782 954 111833
107498 18 112772
108395 381 122498
125896 207 137294
129314 914 149830
131674 200 157422
134870 897 160842
139429 788 171231
146345 937 176310
146900 193 183159
163485 708 188132
164491 276 204152
190761 101 210021
207043 118 226695
215424 549 228161
216131 607 236963
216816 901 240388
217008 822 250759
225054 36 257237
233620 882 261568
244328 453 264220
249109 964 281557
250510 919 283393
263817 508 297766
264921 681 298044
274241 858 299351
287821 120 302645
294045 767 329274
294714 399 332362
295084 356 333549
296722 443 348087
296816 545 354530
305444 816 368648
305832 44 368798
306700 544 378381
308424 244 411297
338654 58 428389
346553 649 429230
371176 169 444328
385838 784 448396
394126 192 452459
394855 500 462321
402896 119 468954
404900 785 469679
407271 977 481067
443173 604 487494
448091 313 496255
451364 346 498557
453159 423 509171
453348 11 515200
453852 302 518416
456984 381 520788
460562 550 541887
488232 149 548241
517222 409 575492
521549 831 577245
521607 656 577256
528055 788 582038
530437 784 583933
543725 840 592370
551747 647 607227
570037 568 624170
578636 921 648296
585292 588 652645
586058 540 665937
590757 485 670168
595922 952 671984
621181 592 694057
622640 54 703158
623106 841 709340
626761 718 728598
629414 423 731458
647720 823 740429
656444 516 744003
670700 183 746362
676593 877 746590
677271 404 753077
683204 183 753925
687341 574 754746
696314 379 760492
708590 690 762180
746060 685 787329
747085 210 792562
766104 802 794446
781348 296 801772
793538 462 831003
797569 865 843691
816247 436 845435
837996 106 845935
847173 905 853249
849703 262 855980
860201 379 867752
872015 538 872015
889093 311 889093
894608 633 894608
918077 283 918077
923160 321 923160
937759 914 937759
975848 397 975848
999171 390 999171
1006890 788 1006890
1007446 257 1007446
1018866 980 1018866
1030360 279 1030360
1030762 433 1030762
1032899 954 1032899
1034004 676 1034004
1037479 69 1037479
1085806 663 1085806
1092995 547 1092995
1093340 232 1093340
1094576 726 1094576
1104129 475 1104129
1104939 195 1104939
1109870 663 1109870
1113489 885 1113489
1138890 55 1138890
1159172 61 1159172
1173466 938 1173466
1178398 305 1184240
1178404 81 1191085
1186453 397 1197356
1195054 798 1203267
1202459 230 1234135
1220913 634 1236270
1223658 14 1247886
1242734 25 1267033
1242737 926 1267604
1318711 680 1318711
1321839 726 1321839
1322448 695 1322448
1325926 556 1325926
1333495 212 1333495
1339411 270 1339411
1345287 893 1345287
1347992 981 1347992
1361207 701 1361207
1377933 255 1377933
1380885 837 1388284
1396470 793 1396470
1413996 141 1413996
1458554 346 1458554
1477519 157 1477519
1478181 621 1478181
1492945 442 1492945
1497090 871 1497090
1507815 110 1507815
1516545 160 1516545
1530366 193 1531462
1541621 626 1541621
1555302 412 1555302
1561340 58 1561340
1574957 516 1574957
1577564 843 1577564
1609790 322 1609790
1612199 254 1612199
1612245 880 1612245
1612806 88 1612806
1637355 62 1637355
1638262 747 1638262
1654145 938 1654145
1657046 674 1657046
1662314 832 1662314
1673529 696 1673529
1689829 596 1689829
1715550 554 1715550
1738016 985 1738016
1765878 333 1765878
1771903 154 1771903
1794685 930 1794685
1795030 525 1795030
1801690 975 1801690
1805023 377 1805023
1807679 802 1807679
1829613 786 1829613
1832693 377 1832693
1853719 568 1853719
1859310 390 1859310
1878483 139 1878483
1890133 432 1890133
1900090 563 1900090
1936556 912 1936556
1940157 177 1940157
1944192 939 1944192
1945590 857 1945590
1948662 642 1948662
1958923 247 1958923
1977976 808 1977976
1999411 246 1999411
2004425 322 2004425
2007246 291 2007246
2023387 992 2023387
2025178 892 2025178
2031767 185 2031767
2047609 95 2047609
2067456 392 2067456
2084696 892 2084696
2084887 460 2084887
2091924 167 2091924
2105374 75 2105374
2107088 444 2107088
2107707 26 2107707
2122083 788 2122083
2124918 395 2124918
2129454 235 2129454
2132425 388 2132425
2134328 298 2134328
2165236 917 2165236
2197969 876 2197969
2199491 958 2199491
2201638 508 2201638
2210935 357 2210935
2224046 213 2224046
2226378 523 2226378
2243078 449 2243078
2246564 611 2246564
2277627 660 2277627
2282191 875 2282191
2285835 541 2285835
2286050 727 2286050
2289560 274 2289560
2295489 529 2295489
2299161 655 2299161
2312989 724 2312989
2317538 959 2317538
2341135 826 2341135
2387826 670 2387826
2396189 384 2396189
2417966 574 2417966
2418039 121 2418039
2433932 92 2433932
2454728 717 2454728
2462143 55 2462143
2463885 122 2463885
2469571 117 2469571
2485938 850 2485938
2488428 257 2488428
2491779 830 2491779
2535460 161 2535460
2537856 836 2537856
2547217 735 2547217
2554673 809 2554673
2555503 474 2555503
2555965 873 2555965
2565768 236 2565768
2571109 71 2571109
2619684 97 2619684
2643418 527 2643418
2644545 295 2644545
2673698 322 2673698
2676409 217 2676409
2682448 222 2682448
2685157 693 2685157
2686260 721 2686260
2693726 470 2693726
2697975 884 2697975
2720438 447 2720438
2757508 885 2757508
2763145 363 2763145
2779241 701 2779241
2782519 372 2782519
2783858 737 2783858
2795257 631 2795257
2796206 70 2796206
2823792 700 2823792
2834079 825 2834079
2845684 324 2845684
2846155 521 2846155
2853969 968 2853969
2863014 108 2863014
2879898 474 2879898
2881321 919 2881321
2919905 212 2919905
2936945 342 2936945
2944099 873 2944099
2955477 699 2955477
2976040 23 2976040
2978982 375 2978982
2983845 73 2983845
2985727 504 2985727
2987796 82 2987796
3001404 929 3001404
3025899 54 3025899
3027860 190 3027860
3035572 510 3035572
3038539 805 3038539
3052215 421 3052215
3056340 121 3056340
3083923 403 3083923
3099781 334 3099781
3103566 550 3103566
3109764 579 3109764
3127725 315 3127725
3129589 175 3129589
3133166 324 3133166
3149164 776 3149164
3149499 499 3149499
3152443 409 3152443
3165294 656 3165294
3173578 308 3173578
3178870 907 3178870
3181107 431 3181107
3203389 25 3203389
3212388 871 3212388
3216925 797 3216925
3218109 835 3218109
3221927 754 3221927
3225223 571 3225223
3228008 425 3228008
3233340 513 3233340
3236979 416 3236979
3238489 332 3238489
3243738 822 3243738
3246240 583 3246240
3252096 341 3252096
3257251 16 3257251
3260406 135 3260406
3269810 378 3269810
3273619 579 3273619
3276217 149 3276217
3277325 383 3277325
3293398 540 3293398
3295039 734 3295039
3298018 296 3298018
3302511 774 3302511
3326812 813 3326812
3327671 531 3327671
3362879 18 3362879
3373175 923 3373175
3401423 997 3401423
3429027 646 3429027
3441875 928 3441875
3444774 33 3444774
3483567 963 3483567
3483738 941 3483738
3496577 728 3496577
3504583 810 3504583
3514149 557 3514149
3525784 363 3525784
3556549 910 3556549
3576728 259 3576728
3589375 43 3589375
3592117 63 3592117
3598328 393 3598328
3599724 92 3599724
3600320 581 3600320
3602375 32 3602375
3607702 304 3607702
3613566 742 3613566
3660709 465 3660709
3661132 957 3661132
3665861 388 3665861
3672023 54 3672023
3676329 99 3676329
3692298 481 3692298
3692670 892 3692670
3696198 924 3696198
3700352 210 3700352
3704786 850 3704786
3731207 540 3731207
3755349 230 3755349
3759830 460 3759830
3794171 824 3794171
3797095 988 3797095
3799721 912 3799721
3843045 392 3843045
3844596 128 3844596
3845211 647 3845211
3845665 533 3845665
3855433 338 3855433
3855482 382 3855482
3884108 470 3884108
3917034 267 3917034
3927137 457 3927137
3928775 871 3928775
3930788 80 3930788
3963690 678 3963690
3980220 373 3980220
3985847 143 3985847
3988025 252 3988025
3993770 646 3993770
3997873 217 3997873
4006932 111 4006932
4011991 672 4011991
4041369 810 4041369
4046770 666 4046770
4052858 145 4052858
4056793 556 4056793
4070745 82 4070745
4071874 6 4071874
4077444 937 4077444
4086070 296 4086070
4109767 570 4109767
4111284 708 4111284
4113691 239 4113691
4114269 62 4114269
4119245 166 4119245
4127550 973 4127550
4133311 865 4133311
4135157 40 4135157
4140947 123 4140947
4141056 863 4141056
4143178 285 4143178
4158013 629 4158013
4161005 138 4161005
4169338 278 4169338
4176949 658 4176949
4177127 139 4177127
4177691 101 4177691
4177771 528 4177771
4231910 220 4231910
4238903 857 4238903
4244607 22 4244607
4256422 114 4256422
4269379 520 4269379
4272186 828 4272186
4288994 602 4288994
4310177 864 4310177
4322718 368 4322718
4325927 99 4325927
4327725 9 4327725
4328459 483 4328459
4337367 74 4337367
4338043 559 4338043
4350392 857 4350392
4353743 704 4353743
4363658 810 4363658
4364748 37 4364748
4372908 274 4372908
4387169 34 4387169
4394001 358 4394001
4404826 239 4404826
4413513 742 4413513
4427623 107 4427623
4428407 740 4428407
4460009 711 4460009
4460258 524 4460258
4478198 398 4478198
4485613 345 4485613
4498754 855 4498754
4517502 673 4517502
4542174 870 4542174
4556585 996 4556585
4569086 65 4569086
4570734 101 4570734
4583983 98 4583983
4585043 817 4585043
4595922 633 4595922
4605019 130 4605019
4606068 936 4606068
4629612 738 4629612
4630294 938 4630294
4635117 304 4635117
4656661 453 4656661
4658375 754 4658375
4669718 913 4669718
4677454 312 4677454
4681616 56 4681616
4693872 331 4693872
4704032 67 4704032
4744832 915 4744832
4788959 221 4788959
4791246 854 4791246
4798119 314 4798119
4810724 74 4810724
4814443 198 4814443
4814783 714 4814783
4817392 81 4817392
4844188 602 4844188
4864011 197 4864011
4864826 809 4864826
4866243 916 4866243
4868367 504 4868367
4879915 11 4879915
4888253 856 4888253
4891979 953 4891979
4895895 103 4895895
4895998 686 4895998
4919666 129 4919666
4973011 602 4973011
4988410 890 4988410
5002713 112 5002713
5015218 312 5015218
5027373 871 5027373
5033146 977 5033146
5039807 677 5039807
5068233 660 5068233
5071208 512 5071208
5083862 548 5083862
5086007 115 5086007
5097822 810 5097822
5127819 126 5127819
5128235 711 5128235
5131325 59 5131325
5132467 291 5132467
5163620 186 5163620
5178370 384 5178370
5190382 113 5190382
5191991 911 5191991
5197168 370 5197168
5215150 748 5215150
5229238 86 5229238
5253561 747 5253561
5266269 1000 5266269
5274721 238 5274721
5274973 105 5274973
5288842 888 5288842
5290934 871 5290934
5305599 775 5305599
5347094 276 5347094
5404919 502 5404919
5408756 833 5408756
5411009 219 5411009
5428395 546 5428395
5447201 575 5447201
5465524 267 5465524
5466930 999 5466930
5470543 524 5470543
5472706 911 5472706
5481751 118 5481751
5486842 751 5486842
5488971 740 5488971
5496625 931 5496625
5517368 479 5517368
5530489 719 5530489
5532055 583 5532055
5533211 249 5533211
5538709 198 5538709
5543763 332 5543763
5558288 538 5558288
5564771 6 5564771
5593183 880 5593183
5601895 562 5601895
5604633 154 5604633
5619534 271 5619534
5630957 438 5630957
5647963 272 5647963
5660377 296 5660377
5662124 234 5662124
5669921 213 5669921
5674531 257 5674531
5713766 435 5713766
5729502 20 5729502
5731339 417 5731339
5735318 356 5735318
5748993 352 5748993
5755187 911 5755187
5756986 71 5756986
5764676 861 5764676
5768958 737 5768958
5780373 614 5780373
5781196 213 5781196
5792672 126 5792672
5801649 17 5801649
5805626 327 5805626
5811409 282 5811409
5829354 451 5829354
5830390 58 5830390
5835880 426 5835880
5841625 430 5841625
5845065 717 5845065
5846267 837 5846267
5858898 508 5858898
5878076 474 5878076
5887180 660 5887180
5904894 867 5904894
5910034 409 5910034
5941132 694 5941132
5959783 472 5959783
5963360 584 5963360
5970209 120 5970209
5970744 725 5970744
5979964 577 5979964
5994179 57 5994179
6010157 561 6010157
6012346 77 6012346
6023122 397 6023122
6066254 42 6066254
6077524 715 6077524
6079828 512 6079828
6087029 54 6087029
6090206 168 6090206
6095763 959 6095763
6102809 645 6102809
6106779 249 6106779
6110516 343 6110516
6118047 36 6118047
6141539 437 6141539
6173273 525 6173273
6181002 11 6181002
6185686 696 6185686
6185834 334 6185834
6209347 158 6209347
6224227 478 6224227
6231116 831 6231116
6232924 577 6232924
6236254 818 6236254
6250782 240 6250782
6265043 239 6265043
6265199 528 6265199
6268029 689 6268029
6284499 997 6284499
6292253 958 6292253
6296621 442 6296621
6297759 563 6297759
6303170 993 6303170
6303520 579 6303520
6321402 945 6321402
6322660 464 6322660
6324018 813 6324018
6328202 453 6328202
6333601 408 6333601
6339821 114 6339821
6356581 674 6356581
6358523 221 6358523
6359192 533 6359192
6359918 760 6359918
6362831 254 6362831
6363475 354 6363475
6365277 143 6365277
6377139 581 6377139
6380885 328 6380885
6381780 274 6381780
6388912 51 6388912
6399368 665 6399368
6403767 541 6403767
6428182 401 6428182
6431601 360 6431601
6435365 996 6435365
6437437 476 6437437
6444230 718 6444230
6465783 937 6465783
6466611 565 6466611
6529931 144 6529931
6544129 600 6544129
6546716 544 6546716
6550731 735 6550731
6566314 858 6566314
6570479 9 6570479
6580676 393 6580676
6581560 554 6581560
6582780 559 6582780
6611620 609 6611620
6620028 819 6620028
6625107 385 6625107
6625929 912 6625929
6631843 41 6631843
6632223 874 6632223
6634616 740 6634616
6644705 112 6644705
6650377 774 6650377
6665653 513 6665653
6672415 775 6672415
6688887 679 6688887
6693397 953 6693397
6701656 294 6701656
6702609 179 6702609
6704221 201 6704221
6705159 468 6705159
6707383 532 6707383
6708849 250 6708849
6711821 856 6711821
6721426 294 6721426
6721723 295 6721723
6735416 322 6735416
6736733 347 6736733
6752185 441 6752185
6754508 723 6754508
6756365 154 6756365
6765664 970 6765664
6766335 52 6766335
6776725 341 6776725
6790847 272 6790847
6791103 958 6791103
6825609 18 6825609
6840122 514 6840122
6845512 911 6845512
6845697 232 6845697
6854603 119 6854603
6857664 263 6857664
6860591 299 6860591
6865215 290 6865215
6866509 206 6866509
6878127 206 6878127
6879374 646 6879374
6880918 587 6880918
6888134 726 6888134
6895458 252 6895458
6913916 690 6913916
6916819 520 6916819
6922583 238 6922583
6940462 199 6940462
6955319 141 6955319
6959194 555 6959194
6961902 149 6961902
6977393 676 6977393
6980200 519 6980200
6989948 877 6989948
6991424 199 6991424
6995759 86 6995759
7011332 424 7011332
7016158 325 7016158
7019660 279 7019660
7019790 175 7019790
7033927 263 7033927
7038198 591 7038198
7039469 553 7039469
7057707 21 7057707
7069848 245 7069848
7071184 289 7071184
7077228 210 7077228
7087040 897 7087040
7104380 893 7104380
7107305 781 7107305
7116122 962 7116122
7122279 509 7122279
7138113 487 7149284
7141778 172 7152930
7156491 646 7157498
7173628 52 7173628
7186267 873 7188029
7190375 772 7208990
7211177 767 7215882
7226856 460 7226856
7231987 387 7233538
7238248 202 7252106
7253554 633 7259011
7257150 638 7271339
7260840 418 7275875
7269651 703 7276138
7295423 193 7295423
7310188 399 7310188
7314681 320 7314681
7333961 638 7333961
7360791 968 7360791
7372880 200 7372880
7387930 173 7387930
7388618 406 7388618
7394542 447 7394542
7420050 601 7420050
7423627 719 7423627
7427170 148 7427170
7434843 970 7434843
7439892 772 7439892
7443822 579 7443822
7445933 656 7445933
7460887 266 7460887
7466217 847 7466217
7469231 624 7469231
7481451 629 7481451
7484401 962 7484401
7509065 578 7509065
7509206 786 7509206
7509429 189 7509429
7512841 969 7512841
7523127 899 7523127
7533705 925 7533705
7551800 830 7551800
7559471 503 7559471
7567933 263 7567933
7579970 90 7579970
7583314 176 7583314
7596006 517 7596006
7600337 556 7600337
7603824 196 7603824
7620098 856 7620098
7654544 294 7654544
7665878 590 7665878
7667863 542 7667863
7675364 44 7675364
7680710 900 7680710
7689989 637 7689989
7690279 167 7694297
7710083 285 7710083
7711230 237 7711230
7713023 185 7713023
7740144 302 7740144
7763100 360 7763100
7772647 477 7772647
7794050 363 7794050
7807576 627 7807576
7825287 315 7825287
7846540 358 7846540
7849964 674 7849964
7858064 121 7858064
7870788 643 7870788
7875385 238 7875385
7887571 930 7887571
7888170 848 7888170
7898031 558 7898031
7916018 747 7916018
7929612 593 7929612
7931715 164 7931715
7950646 691 7950646
7952558 35 7952558
7956601 560 7956601
7981176 114 7981176
7988547 612 7988547
8026747 815 8026747
8032839 967 8032839
8081354 634 8081354
8081840 884 8081840
8107706 190 8107706
8116913 622 8116913
8118338 158 8118338
8127615 90 8127615
8146382 535 8146382
8154295 99 8154295
8193084 266 8193084
8194899 616 8194899
8215628 451 8215628
8224679 422 8224679
8240060 116 8240060
8251928 261 8251928
8252108 362 8252108
8254348 716 8254348
8257665 71 8257665
8259734 400 8259734
8266266 358 8266266
8301234 495 8301234
8315004 951 8315004
8341677 654 8341677
8350281 695 8350281
8359380 868 8359380
8366851 772 8366851
8374098 756 8374098
8377699 873 8377699
8382706 965 8382706
8391094 697 8391094
8396416 674 8396416
8408026 473 8408026
8409112 960 8409112
8410121 372 8410121
8410458 960 8410458
8413038 149 8413038
8433460 671 8433460
8442049 163 8442049
8452125 187 8452125
8465041 158 8465041
8477574 867 8477574
8528230 142 8528230
8528605 735 8528605
8528711 960 8528711
8529884 50 8529884
8530028 214 8530028
8536260 618 8536260
8549542 250 8549542
8555544 713 8555544
8567970 692 8567970
8578599 243 8578599
8603019 802 8603019
8605591 361 8605591
8630081 425 8630081
8648700 10 8648700
8658326 178 8658326
8659730 149 8659730
8669464 173 8669464
8674903 671 8674903
8695696 447 8695696
8700674 756 8700674
8711437 231 8711437
8727196 12 8727196
8733674 106 8733674
8735505 320 8735505
8738803 141 8738803
8741760 912 8741760
8748255 808 8748255
8756759 129 8756759
8786918 611 8786918
8790437 553 8790437
8794019 938 8794019
8794167 394 8794167
8798483 474 8798483
8806977 200 8806977
8820181 594 8820181
8825950 164 8825950
8861278 373 8861278
8867809 781 8867809
8900330 697 8900330
8915681 398 8915681
8931735 896 8931735
8936675 891 8936675
8980850 204 8980850
8988164 731 8988164
8997894 724 8997894
9008903 417 9008903
9009649 674 9009649
9017563 505 9017563
9032987 465 9032987
9039061 320 9039061
9042112 369 9042112
9047552 696 9047552
9061257 702 9061257
9069448 76 9069448
9070803 689 9070803
9075229 422 9075229
9097402 238 9097402
9110374 70 9110374
9111092 315 9111092
9150471 564 9150471
9158181 365 9158181
9162316 65 9162316
9166678 110 9166678
9172756 677 9172756
9199413 744 9199413
9202339 571 9202339
9217239 310 9217239
9217806 814 9217806
9217991 815 9217991
9218308 469 9218308
9221677 271 9221677
9227222 913 9227222
9231504 157 9231504
9243900 15 9243900
9246335 733 9246335
9250963 144 9250963
9253607 539 9253607
9273040 877 9273040
9301866 700 9301866
9311446 880 9311446
9312149 839 9312149
9314319 552 9314319
9317977 35 9317977
9318737 269 9318737
9328876 865 9328876
9341491 13 9341491
9353360 636 9353360
9367611 152 9367611
9369649 815 9369649
9370799 753 9370799
9377882 186 9377882
9386128 924 9386128
9386827 466 9386827
9404260 27 9404260
9412292 176 9412292
9412762 995 9412762
9468594 466 9468594
9495107 391 9495107
9511148 441 9511148
9527242 149 9527242
9531897 215 9531897
9541088 412 9541088
9545681 633 9545681
9546669 358 9546669
9546834 440 9546834
9576415 397 9576415
9580015 80 9580015
9591750 666 9591750
9610212 921 9610212
9615682 900 9615682
9632217 517 9632217
9636869 680 9636869
9638936 159 9646043
9640687 554 9648585
9643671 952 9648946
9646617 390 9653634
9650745 299 9668273
9661077 863 9691237
9663984 94 9698093
9666363 73 9700967
9669518 916 9702346
9676131 309 9712479
9685198 622 9730007
9685236 410 9744649
9709040 186 9749944
9709070 986 9757102
9709876 866 9760794
9717528 696 9762570
9768450 629 9768450
9771128 263 9777464
9778992 793 9781208
9785956 793 9793874
9789665 70 9801790
9814474 352 9814474
9818208 61 9820502
9821210 261 9839041
9822073 646 9878656
9832926 190 9889811
9839342 298 9920558
9840001 689 9921692
9844671 48 9927402
9850917 649 9929555
9858138 186 9936499
9885078 6 9939406
9919211 248 9949453
9934387 134 9966109
9950987 369 9967319
9963615 584 9986026
9971659 316 9990124
9988058 102 9992152
