2500 2500
0
1
2
0
3
1
5
0
2
1
5
7
3
6
8
3
7
0
6
13
8
5
12
5
24
25
2
4
19
19
14
8
8
0
0
13
13
10
10
18
20
12
34
43
40
13
11
44
12
24
19
1
23
26
10
9
16
4
21
19
52
38
37
0
43
8
39
45
39
61
40
23
61
60
22
7
32
2
45
51
2
70
53
46
48
74
1
57
5
23
79
25
15
31
59
44
65
45
67
32
99
59
13
75
95
99
102
47
37
4
55
11
26
43
65
78
46
117
18
43
35
118
89
69
11
39
87
81
78
45
20
38
79
123
41
12
20
136
103
8
60
88
64
116
107
37
14
8
126
85
53
33
144
33
105
27
43
111
95
38
15
107
75
36
116
158
43
133
116
124
81
122
70
74
120
103
37
28
96
136
45
160
127
86
46
22
125
69
131
140
128
92
16
91
177
150
169
8
194
78
93
143
180
171
71
124
67
197
176
183
75
87
166
45
148
2
121
140
198
64
83
171
70
118
73
209
128
165
172
204
91
89
70
164
88
188
212
104
89
236
215
44
222
221
176
115
93
244
85
132
36
135
250
42
50
185
244
144
40
213
87
215
154
138
14
100
81
225
92
112
92
21
241
115
84
27
68
56
162
92
247
99
280
18
212
238
179
194
36
104
121
191
0
179
207
142
209
58
280
191
18
281
154
48
151
279
262
173
297
150
180
66
214
209
288
275
189
239
72
80
305
195
288
244
101
68
311
46
179
0
195
55
166
289
314
276
72
166
322
288
192
219
221
115
252
149
245
194
196
81
305
304
133
154
254
128
212
10
163
157
251
146
73
244
12
62
337
318
227
125
150
20
69
200
6
245
272
286
140
124
242
18
125
250
137
79
369
146
150
252
311
243
265
330
309
380
60
8
389
64
153
144
273
362
172
314
151
374
271
13
237
179
184
349
381
302
67
18
1
129
283
233
351
55
351
279
97
7
219
398
413
218
304
294
352
362
323
332
246
439
430
197
243
200
349
436
368
100
151
238
424
388
33
155
428
1
355
398
221
298
146
331
399
241
159
73
84
244
355
281
455
254
169
275
78
217
299
277
415
24
35
375
117
136
419
43
405
32
339
482
13
170
369
219
35
207
359
249
25
63
431
62
112
314
330
422
487
56
364
458
68
299
448
153
187
189
423
165
68
218
44
110
388
73
286
58
121
408
137
10
442
93
322
501
501
361
383
57
141
301
154
517
297
225
269
64
241
260
290
529
136
240
380
464
398
183
134
19
349
87
36
93
127
518
464
244
399
473
491
331
110
543
30
555
393
54
154
439
228
118
85
503
216
143
384
362
240
296
341
357
395
387
139
366
303
443
370
529
37
587
220
184
405
64
99
37
33
190
207
200
40
501
492
356
0
437
481
307
438
331
476
472
102
196
158
162
72
383
394
480
155
565
260
112
284
165
293
240
33
493
32
352
377
323
60
22
467
483
159
120
332
298
464
245
167
34
205
25
588
236
80
632
410
372
319
188
479
370
289
68
479
167
246
179
213
44
661
623
440
277
6
473
62
463
420
173
46
34
561
531
578
358
96
72
242
502
94
482
55
699
249
659
51
509
406
61
49
261
417
456
313
655
52
38
199
183
712
520
655
412
192
544
239
86
321
110
88
554
165
612
77
219
639
17
451
552
366
498
433
585
385
534
640
135
743
12
314
705
459
229
567
118
142
319
494
89
269
412
320
135
132
549
83
482
250
713
86
438
590
682
251
282
62
504
717
254
49
720
204
292
382
100
73
430
321
388
770
787
569
0
292
669
777
134
588
28
452
146
704
671
800
19
745
48
718
437
274
109
391
575
133
328
67
313
173
140
268
509
692
330
292
34
65
555
782
756
570
28
28
124
51
133
365
446
264
626
17
236
540
439
128
371
206
338
366
12
167
598
634
846
167
744
97
274
543
620
175
645
726
147
456
783
444
813
439
121
341
324
456
233
472
610
444
175
452
49
785
684
164
545
484
503
610
1
106
129
833
870
429
701
53
212
1
33
590
241
493
721
362
402
475
220
206
283
841
205
310
575
528
365
782
769
804
247
375
360
828
254
833
679
860
870
63
632
506
410
357
146
146
851
244
501
390
38
96
173
406
101
771
734
288
921
942
204
815
816
773
331
488
699
481
883
546
638
93
819
203
385
705
10
106
524
619
600
635
189
832
398
22
324
694
27
624
319
525
392
513
487
558
720
707
408
460
806
835
593
946
957
709
570
686
62
549
150
817
426
371
981
607
20
695
788
534
211
290
293
79
27
89
792
364
625
594
883
777
963
731
423
314
991
951
14
281
480
147
77
180
615
719
427
989
188
247
489
700
867
805
6
799
774
364
424
658
791
663
223
765
509
204
435
601
625
548
159
342
157
845
379
460
128
833
853
472
871
989
500
619
856
574
172
677
383
863
62
305
236
605
376
888
389
667
209
676
156
125
992
282
1063
149
652
387
958
786
469
976
206
3
396
320
228
190
687
311
753
214
903
661
374
211
748
210
132
400
422
663
766
354
939
171
503
825
1113
954
768
11
240
766
271
6
1014
780
701
147
1004
606
32
239
981
725
400
703
782
290
595
1021
181
225
606
835
690
129
1063
885
103
451
861
487
555
150
298
555
196
1133
978
885
368
1108
791
501
188
926
728
264
171
10
288
739
33
43
513
1151
938
784
1058
160
108
447
396
906
24
966
1063
174
571
963
1040
46
108
327
804
1024
890
1202
73
441
48
863
846
885
775
30
341
693
303
620
390
864
157
756
443
806
863
390
554
285
962
744
586
4
252
346
937
157
151
780
73
838
306
402
37
1011
650
1226
938
279
958
484
158
747
63
29
378
878
175
546
269
763
684
439
311
601
1061
1141
184
580
227
216
818
767
621
755
978
1121
1191
908
493
1164
287
538
35
1116
25
789
273
486
985
114
16
31
432
857
476
1032
1250
483
628
114
1025
488
78
789
708
43
1142
609
900
921
210
252
758
1164
1085
564
1194
1216
799
773
618
341
1210
158
1320
918
113
434
1082
1268
796
201
1051
612
1129
764
837
282
934
718
129
1012
7
1159
1156
424
1160
929
86
122
180
239
700
294
766
697
539
564
991
294
254
536
514
50
1281
516
795
340
1287
503
539
1212
898
362
1216
281
1158
106
727
1149
252
19
933
88
1251
1012
1380
1330
81
53
1205
842
240
845
1087
1251
906
1253
1181
453
1098
227
131
1400
1211
190
87
136
942
622
1328
1074
1108
142
1317
1392
559
246
829
625
529
928
611
612
3
661
1056
1346
1019
953
779
318
1343
443
539
644
1252
420
937
180
307
722
162
1310
870
896
1273
1061
1332
808
358
402
284
1005
347
1407
1028
915
1174
704
34
297
888
548
1153
1011
1029
1097
443
1137
491
1356
344
859
1131
514
642
601
1263
220
401
530
871
732
1057
541
996
1288
1452
1312
176
238
1412
226
688
196
210
1294
582
1192
366
102
1112
786
352
1303
685
1482
533
204
836
674
196
638
131
599
1468
690
840
836
128
135
617
141
368
80
193
1509
1037
832
213
945
852
146
463
863
55
1157
1108
593
1334
220
1395
1047
662
741
155
954
778
210
348
503
235
1259
1100
194
171
1340
1359
1111
779
895
235
557
627
1128
929
876
80
428
1054
273
781
1344
1298
370
393
667
1457
1083
145
285
626
109
1313
954
627
907
1132
1175
1301
1024
523
581
340
1524
1287
524
935
963
827
1553
1454
1238
201
274
1220
415
936
1423
1493
1574
210
911
479
273
511
343
1316
183
1473
914
526
1268
950
1386
334
1430
986
215
610
1188
515
1285
729
1428
107
1111
1475
1137
250
423
1564
48
689
1182
1211
985
1308
1000
1067
1236
577
1239
683
118
591
272
1072
860
602
849
758
1583
262
593
1341
398
1550
1491
67
2
998
326
639
855
1354
577
861
1211
1383
944
696
1498
1073
1034
671
1457
1411
1258
1616
1630
29
326
1181
1012
1335
2
1103
1619
988
1580
953
764
88
465
1096
4
980
244
1509
414
346
349
1038
487
1363
1698
817
1333
209
788
855
1320
469
1322
560
20
419
1344
483
1190
137
1522
1031
764
890
1192
627
456
1505
192
763
1141
1222
1128
1551
1648
910
1606
1405
1488
126
533
1086
1721
5
301
871
116
949
29
388
1568
388
217
352
938
897
1644
961
976
592
1068
152
50
1575
1628
1431
1571
1254
1276
952
1709
1266
1257
1237
1466
1742
1743
1264
418
41
1334
909
1028
412
135
1426
696
411
205
1093
756
182
352
450
810
6
68
877
118
614
384
1492
1784
796
801
340
1580
234
786
1411
384
444
270
824
923
301
837
53
560
933
1074
1572
412
1420
1408
1761
1717
1398
546
1562
188
1783
476
865
1624
1664
852
1687
1351
1842
1348
1148
1807
1690
1461
1505
908
1500
390
414
670
1192
512
1466
1396
1775
1575
94
393
1681
1092
1720
329
748
1296
193
1451
1240
886
742
1670
294
1284
589
372
14
1114
304
1444
871
214
1521
12
1435
1126
955
1697
1708
1839
667
1487
1893
1813
163
998
308
752
13
119
1480
1232
757
1550
1813
978
542
1645
1170
924
1814
1881
674
1245
1099
844
349
805
873
1144
901
1685
33
470
983
603
223
1672
1052
145
1590
1099
991
449
170
1362
1341
1217
642
193
165
1495
666
834
356
656
717
1754
1575
1594
85
633
1289
1387
1596
252
1898
1062
1823
168
1565
1312
1783
1875
1395
1303
174
83
997
1050
1801
961
443
907
622
309
868
569
1261
920
1172
145
1986
1381
1058
498
1804
594
1702
186
1208
619
149
1906
771
597
847
196
327
708
1281
1935
868
180
701
1783
428
729
1396
212
945
665
201
1700
1765
1016
671
72
1405
1977
927
1434
1785
1906
119
1218
467
1821
584
633
541
941
1683
1821
1028
1077
710
1051
383
1849
1691
804
1660
1746
507
539
259
1798
1322
155
1253
1495
1724
443
718
38
1826
586
1250
169
445
195
276
333
1207
1196
1165
1769
950
140
1775
1870
1214
662
1360
1619
1909
1894
158
726
1497
1943
1308
362
455
1792
1119
1517
1392
472
1598
1646
1840
1083
533
592
1874
1463
1138
741
710
1686
38
1646
1292
1045
797
637
1791
2113
1861
484
1172
1548
145
794
792
1662
998
2045
2062
107
464
1255
406
1387
1379
1423
664
51
186
803
2046
135
1119
1947
839
186
918
1352
1287
905
1507
1867
69
133
499
785
445
1277
489
1014
267
450
1437
1381
1044
1682
692
1105
1254
267
1602
718
987
2011
42
1248
1924
951
226
894
1570
397
1156
1984
149
1064
14
1874
603
492
330
1012
1309
1507
987
1994
27
7
1319
2137
1608
1446
1299
1096
882
1209
1855
612
36
813
934
22
1237
365
935
970
840
1568
891
1153
567
845
693
486
1995
908
1798
1253
1040
323
764
1907
2233
389
1419
1946
2138
58
1237
56
676
653
1278
1552
1143
1926
1381
547
794
1827
2244
797
418
85
2042
740
1206
2237
127
812
1105
661
1135
1639
1108
325
1440
1276
461
996
85
937
1151
1551
1810
1054
275
1966
1617
1987
612
1663
1954
2201
253
1629
181
824
2068
1057
1355
2060
717
1506
1766
666
1569
944
249
1159
928
1708
2015
1964
2145
721
1917
1970
2009
1814
977
968
1326
902
601
345
502
1826
1917
2210
46
600
56
1992
574
458
191
264
1746
1806
752
489
84
1366
1785
2177
2129
1391
917
670
2021
2098
2021
2301
1323
201
1305
36
2046
173
833
779
2246
1037
1136
1223
942
988
1816
272
2328
2032
1953
955
1346
1697
1061
885
1490
1786
0
1288
489
609
972
1288
1175
962
1451
1023
1201
427
2289
1960
1036
481
2177
2145
1101
178
589
430
414
1799
1231
595
2223
906
1299
1335
754
178
1766
1737
1568
12
468
1062
2152
1602
359
394
26
1286
1257
2295
1907
568
612
1488
2270
1247
1138
338
1789
1747
2132
30
1857
1965
1271
1946
404
1260
2132
305
1000
1731
449
426
2388
974
2079
1595
2144
786
1940
2135
2134
1502
826
603
120
98
495
1660
1693
41
1918
1381
2297
956
1284
2018
1059
858
928
1998
1978
1036
281
1090
349
2368
2244
1193
1771
188
1917
219
709
206
952
1743
2119
2430
615
855
1439
960
260
2137
1757
742
912
1824
2014
2348
