2500 2
0
1
1
0
0
1
5
7
5
5
0
4
7
12
3
13
3
6
18
17
8
21
19
21
2
13
10
2
11
25
13
16
28
6
12
18
6
2
37
12
23
31
12
32
36
41
44
32
1
40
23
15
38
27
19
22
37
7
5
32
56
43
33
25
14
34
39
25
48
61
28
17
26
66
1
24
21
2
42
71
79
79
39
47
48
67
49
37
16
86
62
6
23
54
76
95
50
12
56
31
11
77
85
57
57
100
106
48
101
9
66
54
60
38
90
104
52
10
24
95
87
34
57
62
92
100
123
44
4
5
31
64
92
48
65
128
115
84
132
65
105
107
124
68
121
122
125
36
96
127
78
119
82
93
41
96
154
68
81
101
124
40
74
143
1
159
115
14
46
7
156
145
28
94
92
127
150
15
49
39
68
157
3
108
134
125
19
120
59
25
94
92
37
174
160
62
155
81
36
9
160
171
24
182
26
11
165
122
118
185
17
161
7
179
141
32
157
213
21
41
158
161
67
214
167
115
127
177
5
202
163
35
209
48
232
112
122
199
112
114
142
70
122
182
148
16
212
204
74
93
73
92
240
8
21
141
143
140
242
220
227
190
16
43
127
122
16
88
172
189
16
26
107
221
175
39
80
58
204
69
237
253
38
65
37
179
266
15
95
269
76
94
144
77
259
291
198
114
113
288
64
214
83
162
123
287
293
2
291
197
96
166
195
269
225
4
203
271
282
69
119
278
190
139
94
76
84
320
68
196
38
31
6
20
241
30
58
333
276
51
188
304
16
30
277
115
208
115
289
150
47
241
39
293
30
86
338
224
61
57
359
91
25
350
15
346
217
333
362
146
130
227
118
103
334
274
330
109
142
303
6
130
269
374
381
362
350
169
264
47
299
304
330
16
185
187
353
59
115
390
14
184
354
174
223
351
26
176
71
15
5
172
34
248
1
237
135
44
346
302
315
139
117
67
64
214
279
93
124
339
196
304
219
288
264
320
425
245
138
129
70
153
16
98
388
229
53
413
90
294
55
414
1
262
82
61
77
303
201
242
248
441
445
271
392
355
277
415
407
240
110
431
329
460
198
79
394
470
234
445
466
437
5
172
213
128
163
68
146
189
301
437
347
185
114
2
399
156
90
42
208
318
317
393
118
474
328
45
99
194
210
128
151
51
499
373
336
399
279
68
267
134
42
112
158
517
518
116
88
88
127
221
359
346
162
250
179
188
230
128
490
468
113
139
466
201
380
148
340
269
69
280
1
62
30
491
466
325
62
11
281
103
393
344
104
382
145
150
379
480
414
19
544
154
106
456
382
12
130
564
491
271
72
489
123
408
203
556
174
448
338
261
554
354
301
557
279
463
569
46
512
255
3
539
507
570
549
260
174
36
328
14
214
584
311
195
157
284
59
279
309
383
222
175
608
2
92
365
590
189
358
187
488
226
487
393
560
637
367
125
89
440
55
598
633
208
623
449
275
224
57
494
515
539
258
533
272
655
369
307
436
379
96
558
424
658
166
284
62
665
516
325
519
58
80
114
62
449
440
546
92
180
269
360
1
64
272
316
354
397
413
607
79
117
289
507
457
263
317
246
15
52
527
554
389
157
224
301
656
667
12
109
269
138
572
121
31
408
263
500
217
71
282
179
138
157
101
24
222
609
335
429
711
486
626
586
499
462
330
629
464
197
181
544
115
226
685
142
400
228
601
360
476
577
663
281
606
610
197
583
231
754
27
416
249
406
590
766
122
659
35
322
372
510
660
259
446
385
310
369
537
729
601
381
597
58
421
654
603
184
312
296
603
680
483
246
106
471
589
164
375
589
438
693
479
335
73
464
443
497
12
111
621
66
492
444
653
60
655
26
749
527
539
359
371
164
183
491
544
72
415
600
613
117
30
355
836
666
238
627
752
549
257
623
534
830
270
800
395
369
727
3
634
352
428
307
179
505
804
361
38
16
555
822
209
6
793
45
841
31
486
660
105
575
425
495
334
481
207
210
383
147
112
216
50
228
275
427
225
365
486
378
153
379
710
773
653
742
286
860
194
760
835
575
56
513
204
205
410
541
47
690
435
654
24
875
654
78
749
83
121
691
621
683
809
197
517
775
101
530
582
582
493
338
905
684
190
451
215
785
876
789
9
225
334
219
555
580
303
153
614
7
29
299
107
414
524
901
220
680
212
746
422
570
608
556
669
769
612
946
510
91
443
887
890
608
884
552
919
174
965
141
687
621
204
645
718
869
289
431
307
713
410
674
33
992
448
220
201
304
238
755
441
371
773
48
667
939
322
371
740
366
415
441
366
542
418
855
292
801
157
619
991
527
404
955
1026
355
15
306
133
458
522
951
24
432
624
119
81
1003
796
254
716
663
281
594
7
553
266
551
657
176
717
245
0
496
627
427
428
141
882
55
723
647
412
835
783
111
120
381
481
508
597
345
524
361
732
723
584
459
327
146
258
926
112
234
164
81
733
763
914
830
567
1061
488
852
866
669
914
780
505
102
191
868
1041
801
219
1047
920
680
354
205
148
202
384
420
1017
497
1108
11
732
382
91
71
804
14
579
906
240
411
984
326
7
30
971
721
502
297
906
775
848
485
671
443
236
819
950
98
442
605
558
1102
217
526
463
673
749
624
562
821
885
645
917
713
409
239
849
551
167
477
715
1047
85
159
233
321
30
1035
698
36
865
88
257
395
25
238
563
350
432
455
214
442
22
663
815
145
49
743
1127
323
919
302
889
568
106
1155
1165
786
614
960
1209
0
614
599
302
2
435
609
224
263
6
1163
763
729
232
1123
411
709
833
660
227
393
516
244
938
1189
879
240
676
742
495
27
850
535
250
353
44
66
29
25
649
153
901
110
313
561
566
609
507
451
510
676
1084
1178
559
321
107
183
494
955
238
1065
810
1101
996
786
680
268
1071
151
303
563
500
86
449
651
49
780
714
687
361
928
434
232
645
337
290
393
318
170
364
984
1192
503
843
1025
27
906
928
1141
66
246
684
17
1123
642
1127
966
959
508
138
857
814
35
960
295
34
953
113
2
242
187
143
341
441
413
1071
398
1010
1300
511
187
192
1216
1046
1170
1263
1333
734
251
222
1273
963
44
680
1296
480
379
225
1144
977
525
469
1219
1233
668
204
437
884
83
690
1124
167
1070
249
244
719
254
209
773
1271
128
821
1097
268
598
1334
923
1297
1336
324
53
477
22
365
228
283
623
1298
893
1192
1126
1297
832
172
711
153
573
1118
493
563
871
761
443
1130
662
563
760
242
786
1389
1260
607
332
514
837
42
359
676
860
577
27
870
587
1430
440
1358
1254
579
411
460
982
1
63
867
375
914
484
868
1142
745
994
759
407
427
1096
54
231
303
1041
1247
1310
938
1402
434
287
1009
1334
754
567
474
1245
966
313
496
174
404
90
594
831
638
1479
419
372
1234
621
197
1111
1343
1018
1312
548
1231
443
1015
461
93
1051
477
182
1255
100
872
869
567
1281
1503
528
1119
457
1488
1025
422
216
1261
948
909
480
964
1054
924
1143
92
1241
1142
885
724
1386
393
582
415
984
330
582
619
633
1162
1347
1127
1044
348
937
1203
1275
508
518
1476
94
683
907
1460
695
760
277
476
576
1006
1130
244
181
146
1369
133
1444
796
733
1434
985
173
1524
1565
324
1318
577
1406
105
1372
490
1337
22
856
1397
1492
109
1158
15
1444
904
595
1100
1027
1540
648
91
1078
575
1469
803
28
1150
1329
376
1256
464
565
43
1215
15
948
394
380
932
266
1384
535
350
1337
1343
1270
1299
17
984
1023
306
51
449
1155
476
1210
240
859
326
1325
234
88
1177
1602
393
802
314
1152
1135
381
1003
214
1238
119
575
1624
1272
176
1027
1219
414
1056
609
474
1408
538
301
1103
1524
764
224
614
1528
1022
473
394
1568
1589
252
1234
1458
628
701
1400
1581
6
807
1008
374
780
881
510
895
38
1093
1408
869
1325
41
930
125
756
92
272
1348
1057
974
1189
919
988
689
922
347
1459
1626
217
1218
150
959
938
1416
673
731
481
867
1030
1158
978
1126
860
388
1688
518
297
1452
692
1457
1338
1556
1621
1338
1360
785
1438
1316
1728
1634
1278
960
237
441
124
273
970
1556
446
316
778
23
1367
619
544
1304
1682
1581
676
3
1153
774
1570
1255
298
621
716
716
1698
1450
144
1183
617
421
992
167
294
1447
440
1491
1672
844
1517
426
384
1388
111
1380
1456
50
34
927
1754
1118
392
625
951
526
7
718
139
342
129
1100
921
955
121
447
323
1259
793
36
1047
1719
815
464
1795
427
186
1158
1626
885
341
202
635
178
693
1379
900
1392
430
1336
368
360
227
1085
775
399
1813
1486
1775
1690
201
1537
344
920
1792
25
233
1058
101
419
846
147
1665
953
640
1654
296
757
1268
720
341
1668
1779
939
1041
279
764
153
698
1671
1391
619
656
1347
603
1540
1749
182
1232
868
197
992
1606
739
896
1275
468
790
493
1575
1602
245
412
1172
1316
884
352
351
798
1364
1202
1173
439
58
868
77
1289
187
121
1463
914
1522
655
1787
1434
1463
142
1329
226
275
80
1050
1642
1336
1322
1194
1572
1859
1325
1827
208
608
1423
6
4
1339
1087
397
675
349
1213
186
6
1386
1247
1736
1501
335
1023
686
1473
1895
1518
102
551
506
469
1331
1749
7
931
829
1794
935
1091
481
156
710
1293
58
1483
1767
1268
248
553
898
1502
409
589
1036
1570
735
830
1714
1481
1408
719
1830
698
1168
1339
56
1276
1660
380
496
1717
1657
571
1392
1484
483
1083
1961
233
1426
850
1003
1536
544
1031
401
728
143
1591
53
516
526
1508
459
1590
1840
1003
639
1613
1992
2017
1009
1694
319
130
1429
1125
282
1927
1165
42
1348
1706
690
1048
324
1033
1107
1280
1959
1869
663
593
1700
1909
994
803
1631
1390
48
5
1821
1336
1221
398
1022
2023
1688
315
1439
1192
1321
636
329
1387
491
193
1511
158
1454
1546
843
1878
15
1686
1004
1113
177
390
1585
698
1475
557
852
1344
53
930
386
1349
1588
1633
45
777
1709
410
659
496
176
1720
1674
1665
322
1567
640
843
1602
373
1370
800
1379
232
1112
2093
1464
1681
547
1813
1749
1178
807
1814
1887
290
1361
1108
699
795
1931
1258
2051
1361
1680
297
1790
1914
2031
2007
604
1932
1044
167
443
1236
1147
1873
5
1243
406
1203
1265
207
1479
429
445
380
1259
968
1552
1816
2015
374
1417
1407
937
1511
648
1373
54
1656
1503
1348
1335
1498
1823
1769
515
221
1028
682
725
2144
495
852
2155
367
962
1733
1229
558
1331
1813
252
1088
817
641
1362
286
2147
19
759
876
2043
775
353
1258
1020
888
1932
1565
1045
562
1119
729
1546
2012
1567
396
908
705
622
230
1266
1395
29
329
1812
1439
1246
1929
1155
2069
940
280
640
703
1011
1032
749
160
519
1466
1051
1785
1273
631
249
58
908
1807
226
1967
471
976
73
931
609
779
540
167
1077
750
675
176
1984
578
987
1818
1983
2054
593
1057
2118
1430
902
1675
584
1642
443
1357
395
876
338
1001
1216
1948
588
1283
492
557
1363
1324
1118
626
727
1727
1897
699
1249
203
1988
2217
418
493
2021
439
1342
990
74
100
777
1077
1078
530
492
1667
854
1519
2031
2063
1153
549
866
1907
1608
227
355
42
910
779
1144
1745
353
1331
150
1365
173
1289
492
1145
521
1418
1220
971
1786
1248
217
87
1179
2125
1411
1685
1816
1600
1558
1741
2142
2299
1490
387
1982
165
486
672
948
464
198
924
1197
1312
777
466
786
144
1049
38
523
1212
1407
904
2219
953
118
2069
1694
2104
54
539
393
158
234
1139
1720
746
235
2366
2013
895
1819
181
464
447
1551
1507
1114
1240
480
1297
1500
999
1429
298
1153
396
10
1320
532
534
932
1736
1061
207
1033
1310
1131
1905
1236
2246
1730
1346
1678
1543
333
1643
801
466
804
366
1254
1844
1067
1111
363
2305
135
622
768
467
921
910
963
1317
1261
3
1668
1002
2236
549
1495
1970
1868
2262
14
221
88
397
324
730
2183
1178
921
460
1020
2239
1698
1028
592
1607
434
733
1745
1425
1681
1541
1583
1242
998
584
28
1195
422
2498
