2500 3
0
0
1
0
0
4
0
5
0
8
3
0
1
6
6
2
7
2
17
13
1
18
3
7
20
20
18
1
18
18
12
3
14
2
8
18
26
9
34
7
36
19
35
43
11
6
37
36
40
12
23
6
35
45
4
36
3
39
13
31
43
34
27
40
59
58
46
38
31
23
31
10
38
67
63
43
57
36
77
9
15
65
53
21
43
19
62
53
5
85
9
71
73
40
43
88
44
76
63
74
58
8
11
34
60
89
85
8
7
93
89
39
82
73
87
105
57
36
91
49
113
85
44
2
120
59
45
43
29
126
15
55
73
33
63
101
100
127
20
42
114
102
140
71
35
110
140
71
106
91
97
59
38
21
45
38
59
59
3
124
150
46
67
72
1
37
107
136
94
156
144
81
32
131
158
167
173
13
116
174
143
100
101
102
100
26
123
162
102
15
48
17
53
112
41
28
87
153
13
26
0
145
38
137
25
93
157
6
18
53
157
96
38
162
64
88
154
93
121
31
29
217
124
119
122
123
79
21
36
26
191
87
189
67
122
212
177
41
132
5
52
135
92
37
176
139
234
6
194
135
76
250
164
221
23
133
187
85
182
114
257
168
114
99
122
205
116
102
265
252
182
14
14
143
241
132
99
176
228
178
186
41
112
52
116
240
100
172
104
247
0
245
176
43
61
198
102
244
91
222
170
44
202
237
205
43
81
87
65
14
77
302
238
74
313
305
242
179
79
280
280
67
10
7
52
269
71
222
99
108
14
128
108
149
256
123
300
166
132
278
214
67
31
181
234
339
298
264
215
256
66
272
77
268
261
9
225
93
311
2
76
88
72
242
316
61
284
31
166
349
265
271
284
247
54
286
29
127
97
141
21
50
259
231
287
14
32
226
166
313
258
310
262
102
354
141
231
260
273
244
259
126
357
267
132
286
103
229
70
213
62
200
226
161
37
343
123
219
37
108
342
155
401
62
397
79
366
329
338
187
73
129
70
239
112
382
48
203
249
83
341
426
114
82
361
220
263
206
173
215
100
182
163
47
369
187
9
173
283
234
225
360
9
196
169
264
319
151
262
32
57
470
403
117
448
53
43
135
139
20
463
398
92
138
386
66
419
216
434
466
346
419
484
132
207
76
274
470
263
292
253
358
167
45
142
29
409
352
93
217
458
74
275
17
90
266
85
227
68
270
124
464
11
347
427
274
132
44
244
112
165
268
51
185
206
319
312
210
296
456
512
182
277
355
18
256
37
15
18
517
194
526
486
251
457
108
442
506
402
518
315
220
235
350
203
143
414
355
55
132
14
72
261
441
167
56
86
390
518
288
248
300
46
470
189
161
275
456
3
269
372
336
560
331
250
35
316
223
365
187
1
343
390
85
486
285
514
205
254
516
5
93
270
91
147
409
600
42
403
23
306
311
238
86
599
541
158
610
398
333
506
153
290
633
148
44
525
439
517
142
536
516
582
16
598
235
87
31
42
136
369
107
385
462
571
51
642
19
641
544
250
501
270
3
467
71
515
548
94
538
67
485
258
76
271
240
210
236
665
471
505
391
78
490
294
47
631
647
658
203
79
614
150
339
260
667
311
636
581
136
12
493
62
497
275
688
101
222
691
501
297
528
292
475
477
477
121
562
204
319
87
484
17
296
469
78
518
460
275
396
214
215
76
595
92
145
536
268
368
135
617
646
520
286
115
720
373
236
509
497
403
25
162
3
503
697
461
415
309
744
144
426
352
385
323
123
339
1
332
768
346
407
122
200
730
12
757
296
259
381
66
402
399
603
78
369
438
773
281
49
287
104
52
677
292
650
152
255
272
446
523
323
194
791
382
803
438
29
779
646
409
567
562
208
736
82
50
749
420
461
629
770
141
659
293
497
50
563
130
174
483
424
351
288
304
261
756
756
668
266
415
671
244
308
494
570
684
403
122
171
658
165
76
212
512
831
509
563
225
463
340
777
460
437
142
560
197
249
92
178
350
569
93
326
244
377
264
828
583
206
20
767
422
392
423
763
536
215
385
276
346
770
63
510
284
588
368
128
703
515
541
644
809
883
868
221
94
277
254
393
409
661
456
442
319
869
833
893
22
130
33
435
726
782
917
823
484
601
501
0
74
400
845
540
875
479
459
254
801
111
229
158
155
534
698
111
845
739
717
662
866
783
916
468
87
564
795
40
1
801
128
238
583
941
38
660
732
311
131
641
257
540
651
447
715
782
114
101
72
307
537
966
596
196
397
267
228
809
615
1
10
550
308
471
285
981
323
660
859
904
248
486
538
240
560
252
29
983
421
721
665
314
56
22
198
510
906
690
662
430
83
263
233
869
758
464
1009
69
692
861
742
811
405
13
598
1033
138
420
1015
410
638
397
472
952
453
542
604
223
1015
383
457
993
854
115
299
805
111
436
48
290
850
106
123
377
805
920
643
231
162
339
674
390
379
957
65
638
775
765
679
906
346
223
5
160
573
165
719
860
253
424
778
730
632
885
179
100
969
400
763
914
395
662
745
971
62
841
507
828
83
769
71
950
128
126
526
399
128
694
743
557
686
89
536
648
564
609
7
133
49
478
219
973
953
791
514
880
1010
271
1016
374
17
621
309
483
671
654
943
741
161
1048
404
802
327
506
835
132
69
986
1131
1115
667
329
873
215
147
542
172
426
197
862
1020
915
354
479
272
853
943
481
1102
248
601
601
572
1160
548
763
520
533
407
899
506
380
502
482
314
576
1184
385
668
132
811
515
503
1039
1077
473
205
950
75
209
9
972
473
918
765
82
601
476
244
103
388
1194
397
153
762
1049
364
919
532
12
216
1220
716
445
76
755
696
289
90
417
522
78
1227
416
23
670
837
761
379
639
159
416
64
1015
1122
990
129
835
207
809
1126
316
1093
186
335
814
555
839
580
629
855
105
639
1160
731
848
852
37
745
403
800
829
417
12
889
320
867
232
185
831
1183
746
943
332
266
30
105
1129
291
812
182
1173
1274
759
1033
351
298
712
580
331
1067
351
137
222
785
1004
404
617
259
89
988
644
109
1244
1303
794
176
1270
328
1311
454
1271
828
1258
401
968
374
1157
446
85
818
1060
320
785
735
252
306
505
394
84
1151
78
663
241
798
1227
933
1126
1284
627
1329
860
631
1193
510
871
797
1349
752
915
1031
897
366
47
7
1267
1002
952
481
915
1266
938
367
969
819
219
137
263
734
881
748
187
905
1032
1044
1345
83
83
1303
266
168
642
1047
163
111
1032
773
1336
278
52
135
1257
224
396
269
1007
589
338
1405
452
134
718
1250
516
325
663
1256
563
934
294
520
1028
983
426
1212
538
1261
1036
486
653
762
75
407
372
826
330
1303
569
1391
671
771
345
541
235
1086
99
1303
736
927
1137
1067
1187
1410
214
516
1097
1289
807
760
542
769
755
1182
299
737
677
166
905
471
361
1260
98
606
1056
519
635
1309
1199
1359
640
3
69
453
305
595
1261
1281
885
855
1049
745
97
270
1000
465
1254
1337
93
45
111
5
1161
726
622
217
1071
731
1093
459
846
1195
616
1206
273
418
750
1277
972
324
275
28
498
1448
305
923
196
130
1307
296
1362
552
823
541
23
114
1320
1151
717
1217
1322
1184
908
1232
1060
1502
1009
508
338
0
90
126
1088
51
831
380
486
326
119
214
25
1254
1128
1345
403
291
846
408
1061
1245
1316
1038
1326
1313
850
1255
357
1041
633
130
614
1281
99
1483
978
1465
1102
13
768
894
1526
952
164
1519
1342
926
359
462
215
535
475
1318
79
252
687
1535
1423
539
1457
107
544
1302
1134
1391
893
1404
1614
1071
543
605
1314
444
174
1039
31
347
533
483
1523
415
326
1528
669
393
796
672
1231
489
777
1291
1418
1362
1098
961
966
1086
1428
13
54
895
1484
478
1168
630
1616
434
801
1275
1198
159
1157
351
296
67
55
229
218
1273
331
706
290
1435
58
63
85
283
1418
1317
1298
87
1427
138
1508
95
134
1209
1560
744
408
1674
1678
1093
1360
135
1547
1456
786
219
504
421
416
229
69
70
1663
1543
1298
179
1689
1538
1293
1294
588
977
204
271
200
1621
1551
1323
419
603
653
689
867
534
42
718
525
578
99
1465
1556
753
657
1575
1232
1031
975
1743
589
1266
1527
63
1615
845
63
893
1062
1583
201
710
960
1443
98
1101
1159
443
1463
1765
1695
186
1176
1678
588
348
893
2
1072
413
590
1560
1537
110
8
712
1005
195
1006
1423
1631
1690
377
1012
1213
711
1703
1055
533
1183
325
581
1669
439
1432
474
1020
339
225
1303
1570
165
1004
1613
1427
1149
1611
214
1286
668
728
194
821
808
1823
1526
176
864
1819
1322
51
761
422
620
539
876
1116
1026
350
776
1810
1291
478
943
259
1088
1216
1545
1411
1542
1239
1323
69
713
1191
669
1068
318
1777
1726
922
1355
1134
1519
662
347
948
898
1411
1583
526
1186
473
258
684
946
1316
1812
1426
487
1039
392
547
617
1545
1440
1692
1727
1264
316
1481
319
507
1481
668
1234
1069
713
329
483
671
387
529
1492
208
337
1347
208
400
786
309
303
1627
618
1501
609
890
560
401
223
1306
1866
218
575
422
1812
795
950
69
25
817
1749
1619
894
1420
455
1024
1295
606
948
45
290
526
1236
1511
828
11
1517
496
1859
1746
880
1435
1175
1203
1534
1325
862
1732
468
1367
1479
1336
1802
1797
1585
1314
1433
1195
1745
468
1391
371
1313
254
929
885
641
532
1286
1434
200
1832
859
496
1602
819
1460
1459
1289
320
512
1739
867
988
932
40
1272
1758
838
1061
1382
1353
1905
1787
374
1831
1340
671
1593
21
796
1703
1003
1859
1996
217
78
514
1112
446
329
1466
1601
1948
1926
409
1063
713
207
1734
1176
935
1108
419
1469
974
1048
32
1309
1623
1697
757
1068
702
840
1519
1941
1871
860
752
1607
501
1456
231
1034
1123
1564
1637
251
54
307
1714
1722
1442
1086
447
919
1243
1640
896
1605
1892
868
673
529
282
791
1921
925
599
1446
1692
1917
1205
512
1922
1453
943
1095
1540
1038
1745
761
1972
11
1151
1466
1003
1236
1312
1964
1986
1755
349
1484
625
1241
1577
233
349
1329
575
1413
61
47
859
294
1200
1024
415
584
956
760
1851
1419
625
854
1648
687
370
1216
808
2025
872
322
1796
479
485
1083
1716
959
570
1938
2019
239
1983
1913
591
2012
1009
2040
674
27
656
1313
1916
2038
1215
1907
1535
1744
1715
308
739
1476
116
84
187
1353
384
2091
1983
1985
591
138
873
1702
519
1386
386
1499
1398
1943
2152
863
1163
1782
1400
1730
1030
215
1184
1199
1454
2022
1653
1366
2063
1112
2074
1412
833
2016
483
1355
787
1298
1225
522
358
164
1633
1663
203
1632
1230
444
25
190
777
1945
246
2051
1540
602
339
870
161
1875
712
415
742
151
1726
412
54
1510
568
1267
1056
1237
756
1727
140
1304
83
1764
223
2038
2138
161
486
1724
1657
1828
275
57
1585
636
1947
1689
2247
417
339
1934
869
621
63
1748
19
38
498
361
893
497
528
1934
72
1128
992
1846
767
205
1498
593
345
1200
2283
2040
1886
1040
215
130
46
248
60
326
1593
1274
1279
679
1992
244
1295
1505
1797
1924
681
593
478
1487
671
1711
1953
1579
1854
1114
1367
1197
1146
248
1360
63
618
1264
1755
1008
1542
1586
1540
959
1848
1160
6
1316
1077
1097
1730
644
173
1181
576
2342
602
1121
2243
2047
1420
2189
348
2211
2267
1985
1563
820
958
1267
235
1619
1905
846
1043
38
1576
1883
2214
359
2196
1454
256
953
1630
2134
1063
2137
1314
1952
2073
826
774
871
787
377
740
1187
1486
2366
2311
1470
1648
2118
610
1008
182
2020
1532
434
1522
1898
334
639
1293
124
1412
1149
2127
84
385
137
838
2316
1991
2403
2323
874
1071
1146
1744
397
1830
536
1040
155
1387
823
740
1549
342
112
208
142
2283
1514
1877
1994
262
1627
491
368
1053
1305
2312
955
367
2074
1610
748
1836
654
1519
963
908
705
158
1048
1441
242
2264
113
192
1056
2102
1980
228
413
593
1301
23
814
1223
2415
2422
1807
431
1928
1326
1522
1052
1597
508
1535
1971
1555
690
1807
976
586
51
1916
799
147
642
903
318
1528
572
1831
397
1577
