2500 930
0
1
0
1
0
0
1
3
8
3
6
10
0
7
7
14
12
15
18
6
12
2
15
7
24
0
22
8
16
13
15
24
7
16
6
4
24
24
6
3
21
15
5
31
41
33
13
37
9
38
4
34
2
31
44
12
9
55
37
29
46
37
56
56
36
45
54
17
20
12
68
40
45
63
64
25
39
19
45
67
36
65
9
64
69
28
44
31
1
37
43
28
34
4
54
32
48
38
90
53
22
84
50
14
21
84
3
25
98
20
38
14
1
101
97
48
43
107
21
72
55
115
29
17
52
72
57
104
106
20
17
73
24
8
21
27
133
134
92
39
129
124
38
16
48
4
35
87
98
146
30
76
89
83
93
0
127
53
15
158
8
148
44
45
86
110
113
30
21
51
154
57
127
121
39
97
31
27
148
115
165
32
112
131
23
183
120
144
100
92
116
57
13
50
12
114
28
27
54
185
1
181
153
156
5
167
93
110
135
23
191
193
153
128
209
180
145
51
128
58
82
134
98
190
133
165
50
1
74
156
75
20
190
82
232
103
57
161
75
20
140
107
190
94
206
241
189
217
82
132
77
160
212
245
91
151
55
100
248
189
193
159
105
148
203
196
182
185
218
100
250
270
259
41
137
83
35
255
138
214
59
140
149
140
258
137
141
210
125
185
125
126
258
234
127
119
268
100
188
254
54
57
198
43
87
290
218
23
70
11
97
135
44
48
236
235
144
289
47
64
310
183
33
163
19
42
70
187
38
118
18
307
163
113
151
183
167
33
266
58
312
178
222
81
80
130
199
76
220
33
51
273
113
42
150
90
172
101
55
26
29
284
90
87
286
327
167
151
124
256
245
56
288
367
42
70
67
115
167
111
208
89
86
69
225
31
355
229
299
341
314
147
212
223
296
351
377
190
354
288
363
250
187
376
399
270
95
158
136
348
243
65
141
255
325
259
273
403
262
148
413
111
291
269
200
392
69
422
250
331
243
63
149
201
16
17
190
259
151
177
192
357
14
318
73
425
352
7
40
423
94
229
296
65
393
430
217
288
322
296
449
55
190
257
20
307
366
335
188
183
54
163
332
52
244
431
86
330
120
244
186
295
177
477
190
385
413
219
191
380
321
343
19
376
72
475
363
339
455
333
160
31
16
491
119
261
184
247
187
243
287
177
308
142
272
23
451
294
267
465
303
296
412
509
457
91
511
449
349
139
110
370
467
370
481
392
208
535
177
149
516
35
90
318
222
150
410
259
202
118
14
37
453
216
324
321
28
5
17
131
309
318
11
45
218
336
324
95
424
240
0
98
528
523
207
493
431
114
435
518
151
76
149
354
446
51
259
419
203
28
291
65
499
322
165
230
56
406
316
269
315
534
283
22
415
213
216
193
114
506
159
322
244
84
445
354
518
562
510
474
373
140
169
480
99
226
531
344
625
165
568
245
226
435
611
205
345
131
576
272
73
455
331
585
144
242
608
407
21
322
408
364
317
121
120
395
457
421
612
10
499
346
561
205
16
15
621
512
326
381
495
594
105
626
179
116
55
455
282
83
560
28
203
254
646
76
61
343
352
393
320
498
619
162
502
281
643
60
488
479
598
252
553
683
59
526
520
665
410
459
535
485
684
163
120
587
629
522
713
175
337
300
580
559
408
639
118
457
567
187
305
163
365
361
541
57
694
409
621
281
72
252
565
731
704
483
448
291
718
194
488
561
67
667
64
644
299
69
185
404
103
560
126
186
188
735
497
330
582
243
722
197
448
255
388
30
532
356
312
122
539
528
502
586
40
597
96
454
745
376
260
336
108
107
197
498
434
581
460
102
707
133
28
360
129
399
458
340
686
532
706
434
608
113
803
389
481
692
649
427
129
795
75
736
186
241
454
205
282
621
574
683
153
216
534
1
834
341
373
88
817
168
517
327
575
426
741
307
139
224
385
13
606
109
157
226
66
786
163
659
150
506
295
556
396
90
450
727
295
76
393
452
508
446
342
495
748
239
317
45
592
694
104
21
573
635
370
665
720
435
12
742
264
719
379
42
666
643
180
638
66
558
498
53
515
17
53
739
102
326
140
255
836
370
864
904
363
820
515
678
551
367
858
84
247
891
891
656
193
521
244
287
100
642
429
30
196
23
115
781
417
323
151
512
274
231
59
335
906
364
524
389
781
540
167
879
635
328
941
809
776
648
642
715
311
163
21
711
277
748
848
16
540
44
638
625
821
302
566
144
308
908
556
615
212
27
143
713
43
738
531
779
618
134
361
279
454
740
987
685
266
354
999
992
720
309
729
912
699
138
372
468
455
628
710
234
775
534
904
690
642
821
559
654
175
528
2
588
701
239
559
31
0
956
822
410
29
0
263
103
686
683
451
770
420
1002
928
607
830
871
1005
193
792
660
870
1020
770
127
406
479
327
795
850
648
496
538
690
1025
21
612
483
857
801
535
986
682
124
992
469
354
734
346
328
473
389
124
777
1069
468
204
257
531
602
70
309
991
161
747
202
1048
1084
547
234
266
101
228
710
584
719
561
280
124
327
828
18
49
897
958
753
827
464
113
736
959
686
615
1122
840
273
551
879
142
153
460
675
393
1083
828
112
915
600
480
631
662
565
837
121
3
17
875
66
394
467
1119
215
162
973
274
373
904
1011
153
63
1133
531
588
102
1131
719
164
554
752
1033
629
950
1098
478
493
127
145
464
900
634
99
235
888
1131
538
835
234
282
641
856
714
1001
771
998
992
1047
151
803
698
778
666
859
630
587
965
918
0
506
150
540
154
1095
1183
102
282
66
19
222
441
1074
1011
915
602
420
178
591
1148
645
622
997
319
921
719
536
599
372
824
609
58
247
36
449
836
1127
442
1173
296
284
203
361
529
942
918
367
1195
506
780
627
837
1256
852
59
322
1249
3
931
221
279
727
924
246
885
564
193
75
146
583
376
846
667
127
856
686
85
1024
14
1179
284
971
265
922
266
536
962
1059
793
551
651
655
1185
595
703
32
434
335
802
616
383
184
636
610
84
336
962
535
1194
278
1272
1267
910
878
307
1293
402
1149
844
644
620
85
572
1054
410
1159
862
1048
331
952
162
1254
425
182
27
236
259
547
1138
429
71
858
316
1023
706
1164
619
833
421
54
816
890
857
1066
615
41
835
470
762
938
537
161
903
251
85
1270
955
1082
381
650
447
680
259
270
750
519
1353
331
169
36
1071
656
957
153
1081
1274
71
717
90
310
1008
380
1286
258
780
1292
329
1147
722
257
714
751
87
1123
688
139
418
1202
989
1007
676
1062
329
295
1197
1218
1272
790
1014
456
1136
1383
822
5
1216
1224
656
733
311
234
1318
1051
1149
250
1326
878
1441
212
439
80
1394
369
283
797
355
606
247
1176
660
12
1438
1446
1101
85
1010
271
582
1173
26
1361
231
930
1243
357
849
638
551
991
1314
845
1272
643
704
134
1131
975
316
730
824
839
1100
283
121
159
898
820
1334
479
818
1071
663
1079
376
1503
98
287
301
1101
204
592
67
1233
758
136
1051
358
1103
947
415
750
103
1305
1091
509
488
448
1246
1314
1050
625
725
510
1437
347
772
133
715
358
1077
716
197
1407
818
445
110
1232
845
134
451
1390
546
1503
279
711
1267
1538
327
771
888
166
216
1302
1365
521
1101
1322
800
1019
1457
1383
1441
1444
1279
484
310
1091
1167
759
329
9
633
547
38
1162
965
977
777
224
1445
1414
513
1455
906
303
1074
362
1169
818
1446
27
528
318
467
308
1180
627
135
1511
154
1146
51
1013
588
986
1044
1506
780
331
925
1291
644
437
1077
1467
887
968
747
1380
990
1245
1357
8
1631
1517
301
529
1537
611
1262
594
1074
314
1437
1232
1402
598
594
1516
1094
1516
198
476
1611
1392
413
379
634
837
1602
1118
1197
531
1458
252
162
1376
381
1253
969
824
127
358
803
203
1204
482
137
509
1083
850
323
276
903
1555
1586
389
560
59
698
574
1649
76
676
1511
963
573
1136
1338
555
749
376
95
61
1147
611
386
1453
600
473
662
1438
151
1461
438
1169
1420
635
1545
1439
315
1688
1678
1351
41
1026
1209
1335
142
1408
796
334
437
1457
488
258
741
944
702
1535
183
1532
36
947
1240
1456
143
1250
830
1711
89
597
1409
243
833
50
1256
1326
948
1140
755
1179
637
959
1104
1311
458
1408
567
1473
208
222
1563
1146
455
628
1204
377
1584
142
524
393
1334
1033
1391
1581
878
1578
1603
1612
876
870
296
224
187
505
299
1486
1407
1034
1172
289
470
1540
24
1213
1110
979
535
121
1227
620
1727
1142
457
826
1087
1254
1598
1368
762
679
1496
1089
850
771
702
1302
559
1551
1397
229
132
81
1655
437
1352
133
334
350
62
1034
1035
1149
42
1420
1342
259
494
1738
1081
402
309
1599
812
809
158
1055
1345
1716
741
1105
123
637
1123
1459
166
1675
1114
1821
1705
1136
883
211
600
572
1607
870
275
1042
713
634
1584
1485
948
122
1178
1778
606
1504
1480
485
1127
794
170
980
1892
221
1575
507
995
176
36
1633
809
1759
1506
938
178
1563
1033
1637
26
1757
438
1267
1330
1029
1229
69
1583
449
179
690
1083
461
1924
735
454
1881
1674
1704
1626
1505
1500
416
635
1666
288
683
515
1241
1925
897
181
759
152
534
835
372
539
289
811
439
368
278
1538
40
195
1168
1225
348
670
55
687
1239
1310
34
217
1536
1524
954
520
1515
365
1682
1162
1880
296
21
471
537
693
705
871
1114
1818
607
1845
891
1432
1029
1531
1572
551
173
181
766
416
484
1507
871
86
730
1178
493
776
1916
1562
3
143
72
801
1495
867
438
1592
1881
261
1303
184
1700
1770
1956
1020
1536
1571
1976
702
360
1537
414
1375
49
1836
1
948
1638
664
1448
409
613
171
296
1127
203
1068
1049
1699
683
4
1613
1284
1025
1220
642
1399
906
485
1366
345
1850
1952
1892
1503
328
391
1522
1295
1334
1270
1344
330
1689
1269
2029
931
1152
1994
984
512
972
436
1502
1051
1640
861
1711
915
857
130
2005
1435
810
990
2087
2050
777
1011
945
1116
1554
1831
909
661
273
2043
2070
396
444
965
271
1222
1515
902
135
1339
851
1100
2030
1200
318
1183
2074
788
262
368
850
2014
1553
1212
1722
320
27
681
2126
472
974
1721
1094
1154
2070
508
481
1523
1923
640
81
1624
757
607
314
175
206
211
1323
1971
1093
245
989
505
1872
393
1191
1280
1986
1931
231
574
743
2168
1816
351
797
620
1764
1166
262
544
1214
634
940
1642
1113
2073
582
103
1341
1674
171
1817
174
2065
1510
1133
2071
2112
1115
1135
1858
2102
1992
1721
64
75
654
1233
61
1536
15
2043
336
1550
1587
2158
509
2099
1456
256
2090
1159
433
2177
7
1389
2122
570
1838
284
1707
898
1814
771
2148
1199
2112
1679
1673
40
154
397
1830
723
1376
1095
2199
984
2214
505
1189
1173
575
1083
1044
1066
1346
1966
71
17
612
604
2212
1057
62
549
2203
86
1030
1866
7
1531
764
2047
1539
509
181
342
489
1138
1538
461
1833
1057
1760
1146
2009
893
104
491
1553
660
1620
1247
1090
80
1173
1292
848
1889
1956
13
538
1470
282
2024
1047
1325
1871
280
2213
1404
549
2220
831
244
2255
1681
117
263
2121
465
1864
1099
2016
1988
774
1270
2214
1213
2313
1243
1967
2158
1620
1267
604
1099
2173
1145
1045
2237
2088
1548
108
258
558
1072
189
1229
483
1170
492
1588
1189
899
1668
1796
470
673
1666
1091
1924
1079
1036
472
1068
1171
1489
1934
2100
2007
762
198
1614
911
1443
1475
378
643
1001
308
1062
676
134
1296
1817
310
1446
1121
1157
830
1644
206
2132
610
1101
61
613
583
1793
1856
2304
254
1892
1825
292
2004
201
1769
1967
1860
1688
722
948
146
1472
366
59
1448
2338
548
2312
2074
1775
1152
371
2311
1780
1696
1780
1457
2412
2031
1328
311
281
1762
929
1234
2284
2301
2415
1723
352
705
1776
803
1349
987
190
1330
1506
1003
1465
766
2316
638
1517
980
1884
238
149
2016
1820
1484
2305
1928
1973
1752
1029
1554
522
23
865
343
1996
479
625
2347
2313
927
62
1472
1571
966
1462
1172
320
2348
449
330
1436
2210
752
1606
552
1404
78
1908
695
